date,type,00:00,00:01,00:02,00:03,00:04,00:05,00:06,00:07,00:08,00:09,00:10,00:11,00:12,00:13,00:14,00:15,00:16,00:17,00:18,00:19,00:20,00:21,00:22,00:23,00:24,00:25,00:26,00:27,00:28,00:29,00:30,00:31,00:32,00:33,00:34,00:35,00:36,00:37,00:38,00:39,00:40,00:41,00:42,00:43,00:44,00:45,00:46,00:47,00:48,00:49,00:50,00:51,00:52,00:53,00:54,00:55,00:56,00:57,00:58,00:59,01:00,01:01,01:02,01:03,01:04,01:05,01:06,01:07,01:08,01:09,01:10,01:11,01:12,01:13,01:14,01:15,01:16,01:17,01:18,01:19,01:20,01:21,01:22,01:23,01:24,01:25,01:26,01:27,01:28,01:29,01:30,01:31,01:32,01:33,01:34,01:35,01:36,01:37,01:38,01:39,01:40,01:41,01:42,01:43,01:44,01:45,01:46,01:47,01:48,01:49,01:50,01:51,01:52,01:53,01:54,01:55,01:56,01:57,01:58,01:59,02:00,02:01,02:02,02:03,02:04,02:05,02:06,02:07,02:08,02:09,02:10,02:11,02:12,02:13,02:14,02:15,02:16,02:17,02:18,02:19,02:20,02:21,02:22,02:23,02:24,02:25,02:26,02:27,02:28,02:29,02:30,02:31,02:32,02:33,02:34,02:35,02:36,02:37,02:38,02:39,02:40,02:41,02:42,02:43,02:44,02:45,02:46,02:47,02:48,02:49,02:50,02:51,02:52,02:53,02:54,02:55,02:56,02:57,02:58,02:59,03:00,03:01,03:02,03:03,03:04,03:05,03:06,03:07,03:08,03:09,03:10,03:11,03:12,03:13,03:14,03:15,03:16,03:17,03:18,03:19,03:20,03:21,03:22,03:23,03:24,03:25,03:26,03:27,03:28,03:29,03:30,03:31,03:32,03:33,03:34,03:35,03:36,03:37,03:38,03:39,03:40,03:41,03:42,03:43,03:44,03:45,03:46,03:47,03:48,03:49,03:50,03:51,03:52,03:53,03:54,03:55,03:56,03:57,03:58,03:59,04:00,04:01,04:02,04:03,04:04,04:05,04:06,04:07,04:08,04:09,04:10,04:11,04:12,04:13,04:14,04:15,04:16,04:17,04:18,04:19,04:20,04:21,04:22,04:23,04:24,04:25,04:26,04:27,04:28,04:29,04:30,04:31,04:32,04:33,04:34,04:35,04:36,04:37,04:38,04:39,04:40,04:41,04:42,04:43,04:44,04:45,04:46,04:47,04:48,04:49,04:50,04:51,04:52,04:53,04:54,04:55,04:56,04:57,04:58,04:59,05:00,05:01,05:02,05:03,05:04,05:05,05:06,05:07,05:08,05:09,05:10,05:11,05:12,05:13,05:14,05:15,05:16,05:17,05:18,05:19,05:20,05:21,05:22,05:23,05:24,05:25,05:26,05:27,05:28,05:29,05:30,05:31,05:32,05:33,05:34,05:35,05:36,05:37,05:38,05:39,05:40,05:41,05:42,05:43,05:44,05:45,05:46,05:47,05:48,05:49,05:50,05:51,05:52,05:53,05:54,05:55,05:56,05:57,05:58,05:59,06:00,06:01,06:02,06:03,06:04,06:05,06:06,06:07,06:08,06:09,06:10,06:11,06:12,06:13,06:14,06:15,06:16,06:17,06:18,06:19,06:20,06:21,06:22,06:23,06:24,06:25,06:26,06:27,06:28,06:29,06:30,06:31,06:32,06:33,06:34,06:35,06:36,06:37,06:38,06:39,06:40,06:41,06:42,06:43,06:44,06:45,06:46,06:47,06:48,06:49,06:50,06:51,06:52,06:53,06:54,06:55,06:56,06:57,06:58,06:59,07:00,07:01,07:02,07:03,07:04,07:05,07:06,07:07,07:08,07:09,07:10,07:11,07:12,07:13,07:14,07:15,07:16,07:17,07:18,07:19,07:20,07:21,07:22,07:23,07:24,07:25,07:26,07:27,07:28,07:29,07:30,07:31,07:32,07:33,07:34,07:35,07:36,07:37,07:38,07:39,07:40,07:41,07:42,07:43,07:44,07:45,07:46,07:47,07:48,07:49,07:50,07:51,07:52,07:53,07:54,07:55,07:56,07:57,07:58,07:59,08:00,08:01,08:02,08:03,08:04,08:05,08:06,08:07,08:08,08:09,08:10,08:11,08:12,08:13,08:14,08:15,08:16,08:17,08:18,08:19,08:20,08:21,08:22,08:23,08:24,08:25,08:26,08:27,08:28,08:29,08:30,08:31,08:32,08:33,08:34,08:35,08:36,08:37,08:38,08:39,08:40,08:41,08:42,08:43,08:44,08:45,08:46,08:47,08:48,08:49,08:50,08:51,08:52,08:53,08:54,08:55,08:56,08:57,08:58,08:59,09:00,09:01,09:02,09:03,09:04,09:05,09:06,09:07,09:08,09:09,09:10,09:11,09:12,09:13,09:14,09:15,09:16,09:17,09:18,09:19,09:20,09:21,09:22,09:23,09:24,09:25,09:26,09:27,09:28,09:29,09:30,09:31,09:32,09:33,09:34,09:35,09:36,09:37,09:38,09:39,09:40,09:41,09:42,09:43,09:44,09:45,09:46,09:47,09:48,09:49,09:50,09:51,09:52,09:53,09:54,09:55,09:56,09:57,09:58,09:59,10:00,10:01,10:02,10:03,10:04,10:05,10:06,10:07,10:08,10:09,10:10,10:11,10:12,10:13,10:14,10:15,10:16,10:17,10:18,10:19,10:20,10:21,10:22,10:23,10:24,10:25,10:26,10:27,10:28,10:29,10:30,10:31,10:32,10:33,10:34,10:35,10:36,10:37,10:38,10:39,10:40,10:41,10:42,10:43,10:44,10:45,10:46,10:47,10:48,10:49,10:50,10:51,10:52,10:53,10:54,10:55,10:56,10:57,10:58,10:59,11:00,11:01,11:02,11:03,11:04,11:05,11:06,11:07,11:08,11:09,11:10,11:11,11:12,11:13,11:14,11:15,11:16,11:17,11:18,11:19,11:20,11:21,11:22,11:23,11:24,11:25,11:26,11:27,11:28,11:29,11:30,11:31,11:32,11:33,11:34,11:35,11:36,11:37,11:38,11:39,11:40,11:41,11:42,11:43,11:44,11:45,11:46,11:47,11:48,11:49,11:50,11:51,11:52,11:53,11:54,11:55,11:56,11:57,11:58,11:59,12:00,12:01,12:02,12:03,12:04,12:05,12:06,12:07,12:08,12:09,12:10,12:11,12:12,12:13,12:14,12:15,12:16,12:17,12:18,12:19,12:20,12:21,12:22,12:23,12:24,12:25,12:26,12:27,12:28,12:29,12:30,12:31,12:32,12:33,12:34,12:35,12:36,12:37,12:38,12:39,12:40,12:41,12:42,12:43,12:44,12:45,12:46,12:47,12:48,12:49,12:50,12:51,12:52,12:53,12:54,12:55,12:56,12:57,12:58,12:59,13:00,13:01,13:02,13:03,13:04,13:05,13:06,13:07,13:08,13:09,13:10,13:11,13:12,13:13,13:14,13:15,13:16,13:17,13:18,13:19,13:20,13:21,13:22,13:23,13:24,13:25,13:26,13:27,13:28,13:29,13:30,13:31,13:32,13:33,13:34,13:35,13:36,13:37,13:38,13:39,13:40,13:41,13:42,13:43,13:44,13:45,13:46,13:47,13:48,13:49,13:50,13:51,13:52,13:53,13:54,13:55,13:56,13:57,13:58,13:59,14:00,14:01,14:02,14:03,14:04,14:05,14:06,14:07,14:08,14:09,14:10,14:11,14:12,14:13,14:14,14:15,14:16,14:17,14:18,14:19,14:20,14:21,14:22,14:23,14:24,14:25,14:26,14:27,14:28,14:29,14:30,14:31,14:32,14:33,14:34,14:35,14:36,14:37,14:38,14:39,14:40,14:41,14:42,14:43,14:44,14:45,14:46,14:47,14:48,14:49,14:50,14:51,14:52,14:53,14:54,14:55,14:56,14:57,14:58,14:59,15:00,15:01,15:02,15:03,15:04,15:05,15:06,15:07,15:08,15:09,15:10,15:11,15:12,15:13,15:14,15:15,15:16,15:17,15:18,15:19,15:20,15:21,15:22,15:23,15:24,15:25,15:26,15:27,15:28,15:29,15:30,15:31,15:32,15:33,15:34,15:35,15:36,15:37,15:38,15:39,15:40,15:41,15:42,15:43,15:44,15:45,15:46,15:47,15:48,15:49,15:50,15:51,15:52,15:53,15:54,15:55,15:56,15:57,15:58,15:59,16:00,16:01,16:02,16:03,16:04,16:05,16:06,16:07,16:08,16:09,16:10,16:11,16:12,16:13,16:14,16:15,16:16,16:17,16:18,16:19,16:20,16:21,16:22,16:23,16:24,16:25,16:26,16:27,16:28,16:29,16:30,16:31,16:32,16:33,16:34,16:35,16:36,16:37,16:38,16:39,16:40,16:41,16:42,16:43,16:44,16:45,16:46,16:47,16:48,16:49,16:50,16:51,16:52,16:53,16:54,16:55,16:56,16:57,16:58,16:59,17:00,17:01,17:02,17:03,17:04,17:05,17:06,17:07,17:08,17:09,17:10,17:11,17:12,17:13,17:14,17:15,17:16,17:17,17:18,17:19,17:20,17:21,17:22,17:23,17:24,17:25,17:26,17:27,17:28,17:29,17:30,17:31,17:32,17:33,17:34,17:35,17:36,17:37,17:38,17:39,17:40,17:41,17:42,17:43,17:44,17:45,17:46,17:47,17:48,17:49,17:50,17:51,17:52,17:53,17:54,17:55,17:56,17:57,17:58,17:59,18:00,18:01,18:02,18:03,18:04,18:05,18:06,18:07,18:08,18:09,18:10,18:11,18:12,18:13,18:14,18:15,18:16,18:17,18:18,18:19,18:20,18:21,18:22,18:23,18:24,18:25,18:26,18:27,18:28,18:29,18:30,18:31,18:32,18:33,18:34,18:35,18:36,18:37,18:38,18:39,18:40,18:41,18:42,18:43,18:44,18:45,18:46,18:47,18:48,18:49,18:50,18:51,18:52,18:53,18:54,18:55,18:56,18:57,18:58,18:59,19:00,19:01,19:02,19:03,19:04,19:05,19:06,19:07,19:08,19:09,19:10,19:11,19:12,19:13,19:14,19:15,19:16,19:17,19:18,19:19,19:20,19:21,19:22,19:23,19:24,19:25,19:26,19:27,19:28,19:29,19:30,19:31,19:32,19:33,19:34,19:35,19:36,19:37,19:38,19:39,19:40,19:41,19:42,19:43,19:44,19:45,19:46,19:47,19:48,19:49,19:50,19:51,19:52,19:53,19:54,19:55,19:56,19:57,19:58,19:59,20:00,20:01,20:02,20:03,20:04,20:05,20:06,20:07,20:08,20:09,20:10,20:11,20:12,20:13,20:14,20:15,20:16,20:17,20:18,20:19,20:20,20:21,20:22,20:23,20:24,20:25,20:26,20:27,20:28,20:29,20:30,20:31,20:32,20:33,20:34,20:35,20:36,20:37,20:38,20:39,20:40,20:41,20:42,20:43,20:44,20:45,20:46,20:47,20:48,20:49,20:50,20:51,20:52,20:53,20:54,20:55,20:56,20:57,20:58,20:59,21:00,21:01,21:02,21:03,21:04,21:05,21:06,21:07,21:08,21:09,21:10,21:11,21:12,21:13,21:14,21:15,21:16,21:17,21:18,21:19,21:20,21:21,21:22,21:23,21:24,21:25,21:26,21:27,21:28,21:29,21:30,21:31,21:32,21:33,21:34,21:35,21:36,21:37,21:38,21:39,21:40,21:41,21:42,21:43,21:44,21:45,21:46,21:47,21:48,21:49,21:50,21:51,21:52,21:53,21:54,21:55,21:56,21:57,21:58,21:59,22:00,22:01,22:02,22:03,22:04,22:05,22:06,22:07,22:08,22:09,22:10,22:11,22:12,22:13,22:14,22:15,22:16,22:17,22:18,22:19,22:20,22:21,22:22,22:23,22:24,22:25,22:26,22:27,22:28,22:29,22:30,22:31,22:32,22:33,22:34,22:35,22:36,22:37,22:38,22:39,22:40,22:41,22:42,22:43,22:44,22:45,22:46,22:47,22:48,22:49,22:50,22:51,22:52,22:53,22:54,22:55,22:56,22:57,22:58,22:59,23:00,23:01,23:02,23:03,23:04,23:05,23:06,23:07,23:08,23:09,23:10,23:11,23:12,23:13,23:14,23:15,23:16,23:17,23:18,23:19,23:20,23:21,23:22,23:23,23:24,23:25,23:26,23:27,23:28,23:29,23:30,23:31,23:32,23:33,23:34,23:35,23:36,23:37,23:38,23:39,23:40,23:41,23:42,23:43,23:44,23:45,23:46,23:47,23:48,23:49,23:50,23:51,23:52,23:53,23:54,23:55,23:56,23:57,23:58,23:59
2018-01-01,ios,,,,,,,,,,,,,8.0,8.0,38.0,51.0,132.0,220.0,258.0,269.0,269.0,288.0,288.0,379.0,442.0,442.0,442.0,442.0,442.0,442.0,442.0,442.0,442.0,442.0,442.0,442.0,442.0,442.0,442.0,458.0,506.0,608.0,638.0,640.0,640.0,640.0,640.0,640.0,640.0,640.0,640.0,640.0,640.0,640.0,640.0,640.0,640.0,640.0,640.0,640.0,640.0,640.0,640.0,640.0,640.0,640.0,640.0,640.0,640.0,640.0,640.0,640.0,640.0,640.0,640.0,640.0,640.0,640.0,640.0,640.0,640.0,640.0,640.0,640.0,640.0,640.0,640.0,640.0,640.0,640.0,640.0,640.0,640.0,640.0,640.0,640.0,640.0,640.0,640.0,640.0,640.0,640.0,640.0,640.0,640.0,640.0,640.0,640.0,640.0,640.0,640.0,640.0,640.0,640.0,640.0,640.0,640.0,640.0,640.0,640.0,640.0,640.0,640.0,640.0,640.0,640.0,640.0,640.0,640.0,640.0,640.0,640.0,640.0,640.0,640.0,640.0,640.0,640.0,640.0,640.0,640.0,640.0,640.0,640.0,640.0,640.0,640.0,640.0,640.0,640.0,640.0,640.0,640.0,640.0,640.0,640.0,640.0,640.0,640.0,640.0,640.0,640.0,640.0,640.0,640.0,640.0,640.0,640.0,640.0,640.0,640.0,640.0,640.0,640.0,640.0,640.0,640.0,640.0,640.0,640.0,640.0,640.0,640.0,640.0,640.0,640.0,640.0,640.0,640.0,640.0,640.0,640.0,640.0,640.0,640.0,640.0,640.0,640.0,640.0,640.0,640.0,640.0,640.0,640.0,640.0,640.0,640.0,640.0,640.0,640.0,640.0,640.0,640.0,640.0,640.0,640.0,640.0,640.0,640.0,640.0,640.0,640.0,640.0,640.0,640.0,640.0,640.0,640.0,640.0,640.0,640.0,640.0,640.0,640.0,640.0,640.0,640.0,640.0,640.0,640.0,640.0,640.0,640.0,640.0,640.0,640.0,640.0,640.0,640.0,640.0,640.0,640.0,640.0,640.0,640.0,640.0,640.0,640.0,640.0,640.0,640.0,640.0,640.0,640.0,640.0,640.0,640.0,640.0,640.0,640.0,640.0,640.0,640.0,640.0,640.0,640.0,640.0,640.0,640.0,640.0,640.0,640.0,640.0,640.0,640.0,640.0,640.0,640.0,640.0,640.0,640.0,640.0,640.0,640.0,640.0,640.0,640.0,640.0,640.0,640.0,640.0,640.0,640.0,640.0,640.0,640.0,640.0,640.0,640.0,640.0,640.0,640.0,640.0,640.0,640.0,640.0,640.0,640.0,640.0,640.0,640.0,640.0,640.0,640.0,640.0,640.0,640.0,640.0,640.0,640.0,640.0,640.0,640.0,640.0,640.0,640.0,640.0,640.0,640.0,640.0,640.0,640.0,640.0,640.0,640.0,640.0,640.0,640.0,640.0,640.0,640.0,640.0,640.0,640.0,640.0,640.0,640.0,640.0,640.0,640.0,640.0,640.0,640.0,640.0,640.0,640.0,640.0,640.0,640.0,640.0,640.0,640.0,640.0,640.0,640.0,640.0,640.0,640.0,640.0,640.0,640.0,640.0,640.0,640.0,640.0,640.0,640.0,640.0,640.0,640.0,640.0,640.0,640.0,640.0,682.0,682.0,682.0,682.0,682.0,682.0,682.0,682.0,682.0,682.0,682.0,682.0,682.0,682.0,682.0,682.0,682.0,682.0,682.0,682.0,682.0,682.0,682.0,682.0,682.0,682.0,682.0,682.0,682.0,682.0,682.0,682.0,682.0,682.0,682.0,682.0,682.0,682.0,682.0,682.0,682.0,682.0,682.0,682.0,682.0,682.0,682.0,682.0,682.0,682.0,682.0,682.0,682.0,682.0,682.0,682.0,682.0,740.0,815.0,910.0,911.0,911.0,911.0,911.0,911.0,911.0,911.0,911.0,911.0,911.0,911.0,911.0,911.0,911.0,911.0,911.0,911.0,911.0,911.0,911.0,911.0,911.0,911.0,911.0,911.0,911.0,911.0,911.0,911.0,911.0,911.0,911.0,911.0,911.0,920.0,920.0,932.0,932.0,1023.0,1082.0,1208.0,1382.0,1538.0,1669.0,1785.0,1912.0,2043.0,2142.0,2172.0,2270.0,2286.0,2286.0,2286.0,2286.0,2286.0,2286.0,2286.0,2352.0,2357.0,2357.0,2357.0,2357.0,2412.0,2511.0,2593.0,2608.0,2655.0,2670.0,2756.0,2793.0,2879.0,2888.0,2888.0,2900.0,2900.0,2900.0,2929.0,2929.0,2929.0,2929.0,2929.0,2929.0,2929.0,2929.0,2940.0,3116.0,3301.0,3487.0,3675.0,3862.0,4046.0,4225.0,4411.0,4595.0,4781.0,4963.0,5123.0,5179.0,5314.0,5483.0,5645.0,5829.0,6002.0,6170.0,6313.0,6487.0,6647.0,6820.0,6993.0,7155.0,7328.0,7511.0,7691.0,7869.0,8049.0,8218.0,8344.0,8449.0,8630.0,8810.0,8992.0,9172.0,9339.0,9494.0,9652.0,9832.0,10011.0,10177.0,10351.0,10531.0,10696.0,10876.0,11056.0,11237.0,11417.0,11598.0,11776.0,11957.0,12139.0,12321.0,12502.0,12667.0,12840.0,13020.0,13190.0,13290.0,13466.0,13643.0,13805.0,13983.0,14135.0,14316.0,14481.0,14662.0,14843.0,15014.0,15174.0,15346.0,15525.0,15699.0,15866.0,16033.0,16209.0,16390.0,16570.0,16745.0,16898.0,17080.0,17263.0,17433.0,17607.0,17792.0,17975.0,18152.0,18332.0,18512.0,18695.0,18875.0,19059.0,19240.0,19393.0,19566.0,19749.0,19928.0,20111.0,20278.0,20411.0,20595.0,20778.0,20960.0,21138.0,21316.0,21494.0,21673.0,21851.0,22031.0,22197.0,22339.0,22517.0,22696.0,22855.0,23036.0,23213.0,23389.0,23568.0,23738.0,23907.0,24028.0,24211.0,24384.0,24547.0,24713.0,24891.0,25064.0,25161.0,25335.0,25519.0,25703.0,25885.0,26035.0,26173.0,26358.0,26537.0,26722.0,26885.0,26900.0,26900.0,26900.0,26914.0,26956.0,26981.0,26981.0,27005.0,27040.0,27040.0,27040.0,27040.0,27040.0,27040.0,27071.0,27113.0,27113.0,27113.0,27113.0,27113.0,27113.0,27113.0,27113.0,27113.0,27113.0,27113.0,27122.0,27147.0,27162.0,27204.0,27243.0,27296.0,27398.0,27488.0,27496.0,27496.0,27504.0,27504.0,27518.0,27526.0,27551.0,27578.0,27698.0,27788.0,27904.0,28019.0,28135.0,28250.0,28333.0,28417.0,28500.0,28611.0,28678.0,28732.0,28827.0,28847.0,28847.0,28847.0,28847.0,28847.0,28847.0,28847.0,28847.0,28855.0,28890.0,28890.0,28890.0,28926.0,28926.0,28926.0,28926.0,28926.0,28926.0,28926.0,28926.0,28926.0,28926.0,28926.0,28926.0,28926.0,28926.0,28926.0,28926.0,28926.0,28926.0,28926.0,28926.0,28926.0,28926.0,28926.0,28926.0,28926.0,28926.0,28926.0,28926.0,28926.0,28926.0,28926.0,28926.0,28926.0,28926.0,28926.0,28926.0,28926.0,28926.0,28926.0,28926.0,28926.0,28926.0,28926.0,28926.0,28926.0,28926.0,28926.0,28926.0,28926.0,28926.0,28926.0,28926.0,28926.0,28948.0,28948.0,28948.0,28948.0,28948.0,28948.0,28948.0,28948.0,28948.0,28948.0,28948.0,28948.0,28948.0,28948.0,28948.0,28948.0,28948.0,28948.0,28948.0,28948.0,28948.0,28948.0,28948.0,28948.0,28956.0,28970.0,29032.0,29129.0,29241.0,29283.0,29366.0,29405.0,29405.0,29405.0,29405.0,29405.0,29405.0,29405.0,29405.0,29405.0,29405.0,29405.0,29405.0,29405.0,29405.0,29405.0,29405.0,29405.0,29405.0,29405.0,29405.0,29405.0,29405.0,29405.0,29405.0,29435.0,29435.0,29435.0,29435.0,29435.0,29435.0,29435.0,29435.0,29435.0,29435.0,29435.0,29435.0,29435.0,29435.0,29435.0,29435.0,29435.0,29435.0,29435.0,29435.0,29435.0,29435.0,29435.0,29435.0,29435.0,29435.0,29435.0,29435.0,29435.0,29435.0,29435.0,29435.0,29435.0,29435.0,29435.0,29435.0,29435.0,29435.0,29435.0,29435.0,29435.0,29435.0,29435.0,29435.0,29435.0,29435.0,29435.0,29435.0,29435.0,29435.0,29435.0,29435.0,29435.0,29435.0,29435.0,29435.0,29435.0,29435.0,29435.0,29435.0,29435.0,29435.0,29435.0,29435.0,29435.0,29435.0,29435.0,29435.0,29435.0,29435.0,29435.0,29435.0,29435.0,29435.0,29435.0,29435.0,29435.0,29435.0,29435.0,29435.0,29435.0,29435.0,29435.0,29435.0,29435.0,29435.0,29435.0,29435.0,29435.0,29435.0,29435.0,29435.0,29435.0,29435.0,29435.0,29435.0,29435.0,29435.0,29435.0,29435.0,29435.0,29435.0,29435.0,29435.0,29435.0,29449.0,29457.0,29469.0,29487.0,29552.0,29649.0,29722.0,29722.0,29722.0,29722.0,29722.0,29738.0,29748.0,29748.0,29748.0,29748.0,29748.0,29748.0,29748.0,29748.0,29748.0,29748.0,29748.0,29748.0,29748.0,29748.0,29748.0,29748.0,29748.0,29748.0,29748.0,29748.0,29748.0,29748.0,29748.0,29748.0,29748.0,29748.0,29748.0,29748.0,29748.0,29748.0,29748.0,29748.0,29748.0,29748.0,29748.0,29748.0,29748.0,29748.0,29748.0,29748.0,29748.0,29748.0,29748.0,29748.0,29748.0,29748.0,29748.0,29748.0,29748.0,29748.0,29748.0,29748.0,29748.0,29748.0,29748.0,29748.0,29748.0,29748.0,29748.0,29748.0,29748.0,29748.0,29748.0,29748.0,29748.0,29748.0,29748.0,29748.0,29748.0,29748.0,29748.0,29748.0,29748.0,29748.0,29748.0,29748.0,29748.0,29748.0,29748.0,29748.0,29748.0,29748.0,29748.0,29748.0,29748.0,29748.0,29748.0,29748.0,29748.0,29748.0,29748.0,29748.0,29748.0,29748.0,29748.0,29748.0,29748.0,29748.0,29748.0,29748.0,29748.0,29748.0,29748.0,29748.0,29748.0,29748.0,29748.0,29748.0,29748.0,29748.0,29748.0,29748.0,29748.0,29748.0,29748.0,29748.0,29748.0,29748.0,29748.0,29748.0,29748.0,29748.0,29748.0,29748.0,29748.0,29748.0,29748.0,29748.0,29748.0,29748.0,29748.0,29748.0,29748.0,29748.0,29748.0,29748.0,29748.0,29748.0,29748.0,29748.0,29748.0,29748.0,29748.0,29748.0,29748.0,29748.0,29748.0,29748.0,29748.0,29748.0,29748.0,29748.0,29748.0,29748.0,29748.0,29748.0,29748.0,29748.0,29748.0,29748.0,29748.0,29748.0,29748.0,29748.0,29748.0,29748.0,29748.0,29748.0,29748.0,29748.0,29748.0,29748.0,29748.0,29748.0,29748.0,29748.0,29748.0,29748.0,29748.0,29748.0,29748.0,29748.0,29748.0,29748.0,29748.0,29748.0,29748.0,29748.0,29748.0,29748.0,29748.0,29748.0,29748.0,29748.0,29748.0,29748.0,29748.0,29748.0,29748.0,29748.0,29748.0,29748.0,29748.0,29748.0,29748.0,29748.0,29748.0,29748.0,29748.0,29748.0,29748.0,29748.0,29748.0,29748.0,29748.0,29748.0,29748.0,29748.0,29748.0,29748.0,29748.0,29748.0,29748.0,29748.0,29748.0,29748.0,29748.0,29748.0,29748.0,29748.0,29748.0,29748.0,29748.0,29748.0,29748.0,29748.0,29748.0,29748.0,29748.0,29748.0,29748.0,29748.0,29748.0,29748.0,29748.0,29748.0,29748.0,29748.0,29748.0,29748.0,29748.0,29748.0,29748.0,29748.0,29748.0,29748.0,29748.0,29791.0,29791.0,29791.0,29791.0,29791.0,29791.0,,,,,,,,,,,,,,,,,,,,,,,,,,,,,,,,,,,,,,,,,,,,,,,,,,,,,,,,,,,,,,,,,,,,,,,,,,,,,,,,,,,,,,,,,,,,,,,,,,,,,,,,,,,,,,,,,,,,,,,,,,,,,,,,,,,,,,,,,,,,,,,,,,,,,,,,,,,,,,,,,,,,,,,,,,,,,,,,,,,,,,,,,,,,,,,,,,,,,,,,,,,,,,
2018-01-03,ios,,,,,,,,,,,,,,,,,,,,,,,,,,,,,,,,,,,,,,,,,,,,,,,,,,,,,,,,,,,,,,,,,,,,,,,,,,,,,,,,,,,,,,,,,,,,,,,,,,,,,,,,,,,,,,,,,,,,,,,,,,,,,,,,,,,,,,,,,,,,,,,,,,,,,,,,,,,,,,,,,,,,,,,,,,,,,,,,,,,,,,,,,,,,,,,,,,,,,,,,,,,,,,,,,,,,,,,,,,,,,,,,,,,,,,,,,,,,,,,,,,,,,,,,,,,,,,,,,,,,,,,,,,,,,,,,,,,,,,,,,,,,,,,,,,,,,,,,,,,,,,,,,,,,,,,,,,,,,,,,,,,,,,,,,,,,,,,,,,,,,,,,,,,,,,,,,,,,,,,,,,,,,,,,,,,,,,,,,,,,,,,,,,,,,,,,,,,,,,,,,,,,,,,,,,,,,,,,,,,,,,,,,,,,,,,,,,,,,,,,,,,,16.0,16.0,16.0,16.0,34.0,58.0,58.0,58.0,58.0,58.0,58.0,58.0,58.0,58.0,58.0,58.0,58.0,58.0,58.0,58.0,58.0,58.0,58.0,58.0,58.0,58.0,58.0,58.0,58.0,58.0,75.0,75.0,75.0,75.0,75.0,75.0,75.0,75.0,75.0,75.0,75.0,75.0,75.0,75.0,75.0,75.0,75.0,75.0,75.0,87.0,87.0,87.0,87.0,87.0,87.0,87.0,103.0,130.0,202.0,202.0,221.0,221.0,221.0,221.0,221.0,221.0,221.0,221.0,221.0,227.0,276.0,304.0,304.0,304.0,304.0,304.0,304.0,304.0,304.0,304.0,304.0,304.0,304.0,304.0,304.0,304.0,304.0,304.0,304.0,304.0,304.0,304.0,304.0,304.0,304.0,304.0,304.0,304.0,304.0,304.0,304.0,304.0,304.0,304.0,304.0,304.0,304.0,304.0,304.0,304.0,304.0,304.0,304.0,304.0,304.0,304.0,304.0,304.0,304.0,304.0,304.0,304.0,304.0,304.0,304.0,304.0,304.0,304.0,356.0,428.0,428.0,428.0,428.0,428.0,428.0,428.0,428.0,428.0,428.0,428.0,447.0,455.0,455.0,504.0,535.0,543.0,543.0,543.0,543.0,543.0,543.0,543.0,543.0,543.0,543.0,543.0,543.0,543.0,543.0,543.0,543.0,543.0,543.0,543.0,543.0,543.0,543.0,543.0,543.0,543.0,543.0,543.0,543.0,543.0,543.0,543.0,543.0,543.0,543.0,543.0,543.0,543.0,543.0,543.0,543.0,543.0,543.0,543.0,543.0,543.0,543.0,543.0,543.0,543.0,543.0,543.0,543.0,543.0,543.0,543.0,543.0,543.0,543.0,543.0,543.0,543.0,543.0,543.0,543.0,543.0,543.0,543.0,543.0,543.0,543.0,543.0,543.0,543.0,543.0,543.0,543.0,543.0,543.0,543.0,543.0,543.0,543.0,543.0,543.0,543.0,543.0,543.0,543.0,543.0,543.0,543.0,543.0,543.0,543.0,543.0,543.0,543.0,543.0,543.0,543.0,543.0,543.0,543.0,543.0,543.0,543.0,543.0,543.0,543.0,543.0,543.0,543.0,543.0,543.0,543.0,543.0,543.0,543.0,543.0,543.0,543.0,543.0,543.0,543.0,543.0,543.0,543.0,543.0,543.0,543.0,543.0,543.0,589.0,613.0,613.0,613.0,613.0,613.0,613.0,613.0,613.0,613.0,667.0,702.0,702.0,702.0,702.0,702.0,702.0,733.0,740.0,760.0,805.0,806.0,806.0,806.0,806.0,806.0,806.0,806.0,806.0,806.0,806.0,806.0,806.0,806.0,806.0,806.0,806.0,806.0,806.0,806.0,806.0,806.0,806.0,806.0,806.0,806.0,806.0,806.0,806.0,806.0,806.0,806.0,806.0,806.0,806.0,806.0,806.0,806.0,806.0,806.0,806.0,806.0,806.0,806.0,806.0,806.0,806.0,806.0,806.0,806.0,806.0,806.0,806.0,806.0,806.0,806.0,806.0,806.0,806.0,806.0,806.0,806.0,806.0,806.0,806.0,806.0,806.0,806.0,806.0,806.0,806.0,806.0,806.0,836.0,874.0,895.0,958.0,958.0,958.0,958.0,958.0,958.0,958.0,958.0,1034.0,1098.0,1158.0,1158.0,1158.0,1158.0,1158.0,1158.0,1158.0,1158.0,1158.0,1158.0,1158.0,1158.0,1158.0,1158.0,1158.0,1158.0,1158.0,1158.0,1158.0,1158.0,1158.0,1158.0,1158.0,1158.0,1158.0,1158.0,1158.0,1158.0,1158.0,1158.0,1158.0,1158.0,1158.0,1158.0,1158.0,1158.0,1158.0,1158.0,1158.0,1158.0,1158.0,1158.0,1158.0,1158.0,1158.0,1158.0,1158.0,1158.0,1158.0,1158.0,1158.0,1158.0,1158.0,1158.0,1158.0,1158.0,1158.0,1158.0,1158.0,1158.0,1158.0,1158.0,1158.0,1158.0,1158.0,1158.0,1158.0,1158.0,1158.0,1158.0,1158.0,1158.0,1158.0,1158.0,1158.0,1158.0,1158.0,1158.0,1158.0,1158.0,1158.0,1158.0,1158.0,1158.0,1158.0,1158.0,1158.0,1158.0,1158.0,1158.0,1191.0,1356.0,1422.0,1422.0,1422.0,1422.0,1422.0,1422.0,1432.0,1432.0,1432.0,1549.0,1681.0,1726.0,1763.0,1811.0,1883.0,1883.0,1883.0,1883.0,1883.0,1883.0,1883.0,1883.0,1883.0,1883.0,1883.0,1883.0,1883.0,1883.0,1883.0,1883.0,1883.0,1883.0,1883.0,1883.0,1883.0,1883.0,1883.0,1883.0,1883.0,1883.0,1883.0,1883.0,1883.0,1883.0,1883.0,1883.0,1883.0,1883.0,1883.0,1883.0,1883.0,1883.0,1883.0,1883.0,1883.0,1883.0,1883.0,1883.0,1883.0,1883.0,1883.0,1883.0,1883.0,1883.0,1883.0,1883.0,1883.0,1883.0,1883.0,1883.0,1883.0,1883.0,1883.0,1883.0,1883.0,1883.0,1883.0,1883.0,1883.0,1883.0,1883.0,1883.0,1883.0,1883.0,1883.0,1883.0,1942.0,1975.0,1975.0,1975.0,1975.0,1975.0,1975.0,1975.0,1975.0,1975.0,1975.0,1975.0,1975.0,1975.0,1975.0,1975.0,1975.0,1975.0,1975.0,1975.0,1975.0,1975.0,1975.0,1975.0,1975.0,1975.0,1975.0,1975.0,1975.0,1975.0,1975.0,1975.0,1975.0,1975.0,1995.0,1995.0,1995.0,1995.0,1995.0,1995.0,1995.0,1995.0,1995.0,1995.0,1995.0,1995.0,1995.0,1995.0,1995.0,1995.0,1995.0,2099.0,2227.0,2350.0,2473.0,2597.0,2713.0,2818.0,2868.0,2914.0,2914.0,2947.0,2965.0,3024.0,3142.0,3260.0,3376.0,3494.0,3612.0,3727.0,3824.0,3824.0,3824.0,3824.0,3824.0,3824.0,3824.0,3824.0,3824.0,3824.0,3824.0,3824.0,3920.0,4039.0,4161.0,4274.0,4395.0,4518.0,4642.0,4760.0,4885.0,5012.0,5138.0,5263.0,5387.0,5513.0,5638.0,5762.0,5887.0,6009.0,6133.0,6258.0,6382.0,6505.0,6566.0,6566.0,6566.0,6566.0,6668.0,6708.0,6708.0,6708.0,6798.0,6911.0,7018.0,7146.0,7272.0,7340.0,7397.0,7397.0,7397.0,7397.0,7424.0,7437.0,7437.0,7437.0,7437.0,7437.0,7437.0,7522.0,7648.0,7774.0,7902.0,8030.0,8155.0,8280.0,8404.0,8528.0,8652.0,8761.0,8890.0,9016.0,9143.0,9269.0,9395.0,9522.0,9639.0,9687.0,9709.0,9709.0,9709.0,9709.0,9709.0,9709.0,9709.0,9709.0,9709.0,9709.0,9709.0,9709.0,9709.0,9709.0,9709.0,9709.0,9709.0,9709.0,9709.0,9709.0,9709.0,9709.0,9709.0,9709.0,9709.0,9709.0,9709.0,9709.0,9709.0,9709.0,9709.0,9709.0,9709.0,9709.0,9709.0,9709.0,9709.0,9709.0,9709.0,9709.0,9709.0,9709.0,9709.0,9709.0,9709.0,9709.0,9709.0,9714.0,9745.0,9745.0,9745.0,9745.0,9745.0,9775.0,9901.0,10024.0,10141.0,10267.0,10396.0,10525.0,10597.0,10686.0,10737.0,10737.0,10737.0,10792.0,10912.0,11031.0,11148.0,11267.0,11383.0,11496.0,11593.0,11658.0,11725.0,11725.0,11725.0,11725.0,11725.0,11725.0,11725.0,11725.0,11725.0,11725.0,11725.0,11725.0,11725.0,11725.0,11725.0,11725.0,11725.0,11725.0,11725.0,11725.0,11725.0,11725.0,11725.0,11725.0,11725.0,11725.0,11725.0,11725.0,11725.0,11725.0,11725.0,11725.0,11725.0,11725.0,11725.0,11725.0,11725.0,11725.0,11725.0,11725.0,11725.0,11725.0,11725.0,11725.0,11725.0,11725.0,11725.0,11725.0,11725.0,11725.0,11725.0,11738.0,11738.0,11738.0,11738.0,11738.0,11738.0,11738.0,11738.0,11738.0,11738.0,11738.0,11738.0,11738.0,11738.0,11738.0,11738.0,11738.0,11738.0,11738.0,11738.0,11738.0,11738.0,11738.0,11738.0,11738.0,11738.0,11738.0,11738.0,11738.0,11738.0,11738.0,11738.0,11738.0,11738.0,11738.0,,,,,,,,,,,,,,,,,,,,,,,,,,,,,,,,,,,,,,,,,,,,,,,,,,,,,,,,,,,,,,,,,,,,,,,,,,,,,,,,,,,,,,,,,,,,,,,,,,,,,,,,,,,,,,,,,,,,,,,,,,,,,,,,
2018-01-05,ios,,,,,,,,,,,,,,,,,,,,,,,,,,,,,,,,,,,,,,,,,,,,,,,,,,,,,,,,,,,,,,,,,,,,,,,,,,,,,,,,,,,,,,,,,,,,,,,,,,,,,,,,,,,,,,,,,,,,,,,,,,,,,,,,,,,,,,,,,,,,,,,,,,,,,,,,,,,,,,,,,,,,,,,,,,,,,,,,,,,,,,,,,,,,,,,,,,,,,,,,,,,,,,,,,,,,,,,,,,,,,,,,,,,,,,,,,,,,,,,,,,,,,,,,,,,,,,,,,,,,,,,,,,,,,,,,,,,,,,,,,,,,,,,,,,,,,,,,,,,,,,,,,,,,,,,,,,,,,,,,,,,,,,,,,,,,,,,,,,,,,,,,,,,,,,,,,,,,,,,,,,,,,,,,,,,,,,,,,,,,,,,,,,,,,,,,,,,,,,,,,,,,,,,,,,,,,,,,,,,,,,,,,,,,,,,,,,,,,,,,,,,,,,,,,,,,,,,,,,,,,26.0,26.0,26.0,26.0,26.0,26.0,26.0,26.0,26.0,34.0,76.0,83.0,83.0,83.0,107.0,117.0,141.0,141.0,185.0,226.0,226.0,226.0,226.0,226.0,226.0,226.0,226.0,226.0,226.0,226.0,226.0,226.0,226.0,226.0,226.0,226.0,226.0,226.0,256.0,256.0,256.0,256.0,256.0,256.0,256.0,256.0,256.0,256.0,256.0,256.0,256.0,256.0,275.0,307.0,317.0,317.0,330.0,406.0,488.0,488.0,488.0,488.0,488.0,488.0,488.0,488.0,488.0,488.0,488.0,488.0,504.0,585.0,605.0,605.0,605.0,605.0,605.0,605.0,605.0,605.0,605.0,605.0,605.0,605.0,605.0,605.0,605.0,605.0,605.0,605.0,605.0,605.0,605.0,605.0,605.0,605.0,605.0,605.0,605.0,605.0,605.0,605.0,605.0,605.0,605.0,605.0,605.0,605.0,605.0,605.0,605.0,605.0,605.0,605.0,605.0,605.0,605.0,605.0,605.0,605.0,605.0,605.0,605.0,605.0,605.0,605.0,605.0,605.0,605.0,605.0,605.0,605.0,605.0,605.0,605.0,605.0,605.0,605.0,605.0,605.0,605.0,605.0,605.0,605.0,605.0,605.0,605.0,605.0,605.0,605.0,605.0,605.0,605.0,605.0,605.0,605.0,605.0,605.0,605.0,605.0,605.0,605.0,605.0,605.0,605.0,605.0,605.0,605.0,605.0,605.0,605.0,605.0,605.0,605.0,605.0,605.0,605.0,605.0,605.0,605.0,605.0,605.0,605.0,605.0,605.0,605.0,605.0,605.0,605.0,605.0,605.0,605.0,605.0,605.0,605.0,605.0,614.0,676.0,676.0,676.0,676.0,676.0,676.0,676.0,676.0,702.0,747.0,747.0,747.0,747.0,747.0,747.0,747.0,747.0,747.0,747.0,747.0,747.0,747.0,747.0,747.0,747.0,747.0,747.0,747.0,747.0,747.0,747.0,747.0,747.0,808.0,813.0,831.0,885.0,886.0,934.0,987.0,987.0,987.0,987.0,987.0,987.0,987.0,987.0,987.0,1021.0,1133.0,1221.0,1235.0,1235.0,1252.0,1252.0,1252.0,1252.0,1252.0,1252.0,1252.0,1252.0,1252.0,1252.0,1273.0,1273.0,1273.0,1273.0,1273.0,1273.0,1273.0,1273.0,1273.0,1273.0,1273.0,1273.0,1273.0,1273.0,1273.0,1273.0,1273.0,1273.0,1273.0,1273.0,1273.0,1273.0,1273.0,1273.0,1273.0,1273.0,1273.0,1273.0,1273.0,1273.0,1273.0,1273.0,1273.0,1273.0,1273.0,1273.0,1273.0,1273.0,1273.0,1273.0,1273.0,1273.0,1273.0,1273.0,1273.0,1273.0,1273.0,1273.0,1273.0,1273.0,1290.0,1330.0,1330.0,1330.0,1330.0,1356.0,1484.0,1492.0,1492.0,1492.0,1492.0,1492.0,1492.0,1492.0,1586.0,1622.0,1693.0,1766.0,1787.0,1787.0,1787.0,1787.0,1787.0,1787.0,1787.0,1787.0,1787.0,1787.0,1787.0,1787.0,1787.0,1787.0,1787.0,1787.0,1787.0,1787.0,1787.0,1787.0,1787.0,1787.0,1787.0,1787.0,1787.0,1787.0,1787.0,1787.0,1787.0,1787.0,1787.0,1787.0,1787.0,1787.0,1787.0,1787.0,1787.0,1787.0,1787.0,1787.0,1787.0,1787.0,1787.0,1787.0,1787.0,1787.0,1787.0,1787.0,1787.0,1787.0,1787.0,1787.0,1787.0,1787.0,1787.0,1787.0,1787.0,1787.0,1787.0,1787.0,1787.0,1787.0,1787.0,1787.0,1787.0,1787.0,1787.0,1787.0,1787.0,1787.0,1787.0,1787.0,1787.0,1787.0,1787.0,1787.0,1787.0,1787.0,1787.0,1787.0,1787.0,1787.0,1787.0,1787.0,1787.0,1787.0,1787.0,1787.0,1787.0,1787.0,1787.0,1787.0,1787.0,1787.0,1787.0,1787.0,1787.0,1787.0,1787.0,1787.0,1787.0,1787.0,1787.0,1787.0,1787.0,1787.0,1787.0,1787.0,1787.0,1787.0,1787.0,1787.0,1787.0,1787.0,1787.0,1787.0,1787.0,1787.0,1787.0,1787.0,1787.0,1787.0,1787.0,1787.0,1787.0,1787.0,1787.0,1787.0,1787.0,1787.0,1787.0,1787.0,1787.0,1787.0,1787.0,1787.0,1787.0,1787.0,1787.0,1787.0,1787.0,1787.0,1787.0,1787.0,1787.0,1787.0,1787.0,1787.0,1787.0,1787.0,1787.0,1787.0,1787.0,1787.0,1787.0,1787.0,1787.0,1787.0,1787.0,1787.0,1787.0,1787.0,1787.0,1787.0,1787.0,1787.0,1787.0,1787.0,1787.0,1787.0,1787.0,1787.0,1787.0,1787.0,1787.0,1787.0,1787.0,1787.0,1787.0,1787.0,1787.0,1787.0,1787.0,1787.0,1787.0,1787.0,1787.0,1787.0,1787.0,1787.0,1787.0,1787.0,1787.0,1787.0,1787.0,1787.0,1787.0,1787.0,1787.0,1787.0,1787.0,1787.0,1787.0,1787.0,1787.0,1787.0,1787.0,1787.0,1787.0,1787.0,1787.0,1787.0,1787.0,1787.0,1787.0,1787.0,1787.0,1787.0,1787.0,1787.0,1787.0,1787.0,1787.0,1787.0,1787.0,1787.0,1787.0,1787.0,1787.0,1787.0,1787.0,1787.0,1787.0,1787.0,1787.0,1787.0,1787.0,1787.0,1787.0,1787.0,1787.0,1787.0,1796.0,1796.0,1796.0,1796.0,1796.0,1796.0,1796.0,1796.0,1796.0,1796.0,1796.0,1796.0,1796.0,1796.0,1796.0,1796.0,1796.0,1796.0,1796.0,1796.0,1796.0,1796.0,1796.0,1796.0,1796.0,1796.0,1796.0,1796.0,1796.0,1796.0,1796.0,1796.0,1796.0,1796.0,1796.0,1796.0,1796.0,1796.0,1796.0,1796.0,1796.0,1796.0,1796.0,1796.0,1796.0,1796.0,1796.0,1796.0,1796.0,1796.0,1796.0,1796.0,1796.0,1796.0,1796.0,1796.0,1796.0,1796.0,1796.0,1796.0,1796.0,1796.0,1796.0,1796.0,1796.0,1796.0,1796.0,1796.0,1796.0,1796.0,1796.0,1796.0,1796.0,1796.0,1796.0,1796.0,1796.0,1796.0,1796.0,1796.0,1796.0,1796.0,1796.0,1796.0,1832.0,1935.0,2048.0,2157.0,2193.0,2237.0,2307.0,2359.0,2477.0,2583.0,2587.0,2645.0,2662.0,2674.0,2674.0,2674.0,2674.0,2674.0,2674.0,2674.0,2674.0,2706.0,2706.0,2706.0,2706.0,2706.0,2706.0,2706.0,2706.0,2719.0,2719.0,2719.0,2719.0,2719.0,2719.0,2719.0,2719.0,2719.0,2719.0,2719.0,2719.0,2719.0,2719.0,2719.0,2719.0,2723.0,2733.0,2744.0,2744.0,2744.0,2744.0,2748.0,2752.0,2766.0,2766.0,2788.0,2788.0,2788.0,2788.0,2788.0,2788.0,2788.0,2788.0,2788.0,2788.0,2788.0,2788.0,2788.0,2788.0,2788.0,2788.0,2789.0,2815.0,2876.0,2901.0,2932.0,2932.0,2932.0,2932.0,2932.0,2932.0,2932.0,2932.0,2932.0,2932.0,2932.0,2932.0,2970.0,3068.0,3096.0,3161.0,3276.0,3365.0,3365.0,3365.0,3406.0,3520.0,3571.0,3571.0,3571.0,3571.0,3571.0,3571.0,3571.0,3571.0,3571.0,3571.0,3597.0,3601.0,3601.0,3642.0,3642.0,3642.0,3644.0,3651.0,3677.0,3728.0,3817.0,3844.0,3844.0,3844.0,3844.0,3844.0,3844.0,3844.0,3844.0,3844.0,3844.0,3844.0,3844.0,3844.0,3844.0,3844.0,3844.0,3844.0,3844.0,3844.0,3844.0,3844.0,3844.0,3844.0,3844.0,3844.0,3844.0,3844.0,3844.0,3844.0,3844.0,3844.0,3844.0,3844.0,3844.0,3844.0,3844.0,3844.0,3844.0,3844.0,3844.0,3844.0,3844.0,3844.0,3844.0,3844.0,3844.0,3844.0,3844.0,3844.0,3844.0,3844.0,3844.0,3844.0,3844.0,3844.0,3844.0,3844.0,3844.0,3844.0,3844.0,3844.0,3844.0,3844.0,3844.0,3844.0,3844.0,3844.0,3844.0,3844.0,3844.0,3844.0,3844.0,3844.0,3844.0,3844.0,3844.0,3844.0,3844.0,3844.0,3844.0,3844.0,3844.0,3844.0,3844.0,3844.0,3844.0,3844.0,3844.0,3844.0,3844.0,3844.0,3844.0,3844.0,3844.0,3844.0,3844.0,3844.0,3844.0,3844.0,3844.0,3844.0,3844.0,3844.0,3844.0,3844.0,3844.0,3844.0,3844.0,3844.0,3844.0,3844.0,3844.0,3844.0,3844.0,3844.0,3844.0,3844.0,3844.0,3844.0,3844.0,3844.0,3844.0,3844.0,3844.0,3844.0,3844.0,3844.0,3864.0,3864.0,3864.0,3864.0,3864.0,3864.0,3864.0,3864.0,3864.0,3864.0,3864.0,3864.0,3864.0,3864.0,3864.0,3864.0,3864.0,3864.0,3864.0,3864.0,3864.0,3864.0,3864.0,3864.0,3864.0,3864.0,3864.0,3864.0,3864.0,3864.0,3864.0,3864.0,3864.0,3864.0,3864.0,3864.0,3864.0,3864.0,3864.0,,,,,,,,,,,,,,,,,,,,,,,,,,,,,,,,,,,,,,,,,,
2018-01-11,ios,,,,,,,,,,,,,,,,,,,,,,,,,,,,,,,,,,,,,,,,,,,,,,,,,,,,,,,,,,,,,,,,,,,,,,,,,,,,,,,,,,,,,,,,,,,,,,,,,,,,,,,,,,,,,,,,,,,,,,,,,,,,,,,,,,,,,,,,,,,,,,,,,,,,,,,,,,,,,,,,,,,,,,,,,,,,,,,,,,,,,,,,,,,,,,,,,,,,,,,,,,,,,,,,,,,,,,,,,,,,,,,,,,,,,,,,,,,,,,,,,,,,,,,,,,,,,,,,,,,,,,,,,,,,,,,,,,,,,,,,,,,,,,,,,,,,,,,,,,,,,,,,,,,,,,,,,,,,,,,,,,,,,,,,,,,,,,,,,,,,,,,,,,,,,,,,,,,,,,,,,,,,,,,,,,,,,,,,,,,,,,,,,,,,,,,,,,,,,,,,,,,,,,,,,,,,,,,,,,,,,,,,,,,,,,,,,,,,,,,,,,,,13.0,28.0,32.0,32.0,32.0,32.0,32.0,50.0,51.0,96.0,96.0,128.0,128.0,128.0,128.0,128.0,128.0,194.0,227.0,256.0,256.0,256.0,292.0,316.0,322.0,371.0,371.0,371.0,371.0,371.0,371.0,371.0,371.0,371.0,371.0,371.0,371.0,371.0,371.0,371.0,395.0,395.0,395.0,395.0,395.0,395.0,395.0,395.0,395.0,395.0,395.0,395.0,395.0,395.0,395.0,395.0,395.0,395.0,395.0,395.0,395.0,460.0,507.0,507.0,507.0,507.0,507.0,507.0,507.0,507.0,533.0,538.0,538.0,538.0,538.0,538.0,538.0,538.0,538.0,538.0,538.0,538.0,538.0,538.0,538.0,538.0,538.0,538.0,538.0,538.0,538.0,538.0,538.0,538.0,538.0,538.0,538.0,538.0,538.0,538.0,538.0,538.0,538.0,538.0,538.0,538.0,538.0,538.0,538.0,538.0,538.0,538.0,538.0,538.0,538.0,538.0,538.0,538.0,538.0,538.0,538.0,538.0,538.0,538.0,538.0,538.0,538.0,538.0,538.0,538.0,538.0,538.0,538.0,538.0,538.0,538.0,538.0,538.0,538.0,538.0,538.0,538.0,538.0,538.0,538.0,538.0,538.0,538.0,538.0,538.0,538.0,538.0,538.0,538.0,538.0,538.0,538.0,538.0,538.0,538.0,538.0,538.0,538.0,538.0,538.0,538.0,538.0,538.0,538.0,538.0,538.0,538.0,538.0,538.0,538.0,538.0,538.0,538.0,538.0,538.0,538.0,538.0,538.0,538.0,538.0,538.0,538.0,538.0,538.0,538.0,538.0,538.0,538.0,538.0,538.0,538.0,538.0,538.0,538.0,538.0,538.0,538.0,538.0,538.0,538.0,538.0,538.0,538.0,538.0,538.0,538.0,538.0,538.0,538.0,538.0,538.0,538.0,538.0,538.0,538.0,538.0,538.0,538.0,538.0,538.0,538.0,538.0,538.0,538.0,538.0,538.0,538.0,538.0,538.0,538.0,538.0,538.0,538.0,538.0,538.0,538.0,538.0,538.0,538.0,538.0,538.0,538.0,538.0,538.0,538.0,538.0,538.0,538.0,538.0,538.0,538.0,538.0,538.0,538.0,538.0,538.0,538.0,538.0,538.0,538.0,538.0,604.0,644.0,644.0,644.0,644.0,644.0,644.0,659.0,671.0,671.0,671.0,671.0,671.0,671.0,671.0,671.0,671.0,671.0,671.0,671.0,671.0,671.0,671.0,671.0,671.0,671.0,671.0,671.0,671.0,671.0,671.0,671.0,742.0,742.0,742.0,742.0,742.0,742.0,742.0,782.0,859.0,942.0,963.0,963.0,963.0,963.0,963.0,963.0,963.0,963.0,963.0,963.0,963.0,963.0,963.0,963.0,963.0,963.0,963.0,963.0,963.0,963.0,963.0,963.0,963.0,963.0,963.0,963.0,963.0,963.0,963.0,963.0,963.0,963.0,963.0,963.0,963.0,963.0,963.0,963.0,963.0,963.0,963.0,963.0,988.0,1054.0,1082.0,1082.0,1082.0,1082.0,1082.0,1082.0,1082.0,1082.0,1082.0,1082.0,1082.0,1082.0,1082.0,1082.0,1082.0,1082.0,1082.0,1082.0,1082.0,1082.0,1082.0,1082.0,1082.0,1082.0,1082.0,1082.0,1082.0,1082.0,1082.0,1082.0,1082.0,1082.0,1082.0,1082.0,1082.0,1082.0,1082.0,1082.0,1082.0,1082.0,1082.0,1082.0,1082.0,1082.0,1082.0,1082.0,1082.0,1082.0,1082.0,1082.0,1082.0,1082.0,1082.0,1082.0,1082.0,1082.0,1082.0,1082.0,1082.0,1082.0,1082.0,1082.0,1082.0,1082.0,1082.0,1082.0,1082.0,1082.0,1082.0,1082.0,1082.0,1082.0,1082.0,1082.0,1082.0,1082.0,1082.0,1082.0,1082.0,1082.0,1082.0,1082.0,1082.0,1082.0,1082.0,1082.0,1082.0,1082.0,1082.0,1082.0,1082.0,1082.0,1082.0,1082.0,1082.0,1082.0,1082.0,1082.0,1082.0,1082.0,1082.0,1082.0,1082.0,1082.0,1082.0,1082.0,1082.0,1082.0,1082.0,1082.0,1082.0,1082.0,1082.0,1082.0,1082.0,1082.0,1082.0,1082.0,1082.0,1082.0,1082.0,1082.0,1082.0,1082.0,1082.0,1082.0,1082.0,1082.0,1082.0,1082.0,1082.0,1082.0,1082.0,1082.0,1082.0,1082.0,1082.0,1082.0,1082.0,1082.0,1082.0,1082.0,1082.0,1082.0,1082.0,1082.0,1082.0,1082.0,1082.0,1082.0,1082.0,1082.0,1082.0,1082.0,1082.0,1082.0,1082.0,1082.0,1082.0,1082.0,1082.0,1082.0,1082.0,1082.0,1082.0,1082.0,1082.0,1082.0,1082.0,1082.0,1082.0,1082.0,1082.0,1082.0,1082.0,1082.0,1082.0,1082.0,1082.0,1082.0,1082.0,1082.0,1082.0,1082.0,1082.0,1082.0,1082.0,1082.0,1082.0,1082.0,1082.0,1082.0,1082.0,1082.0,1082.0,1082.0,1082.0,1082.0,1082.0,1082.0,1082.0,1082.0,1082.0,1082.0,1082.0,1082.0,1082.0,1082.0,1082.0,1082.0,1082.0,1082.0,1082.0,1082.0,1082.0,1082.0,1082.0,1082.0,1082.0,1082.0,1082.0,1082.0,1082.0,1082.0,1082.0,1082.0,1082.0,1082.0,1082.0,1082.0,1082.0,1082.0,1082.0,1082.0,1082.0,1082.0,1082.0,1082.0,1082.0,1082.0,1082.0,1082.0,1082.0,1082.0,1082.0,1082.0,1082.0,1082.0,1082.0,1082.0,1082.0,1082.0,1082.0,1082.0,1082.0,1082.0,1082.0,1082.0,1082.0,1082.0,1082.0,1082.0,1082.0,1082.0,1082.0,1082.0,1082.0,1082.0,1082.0,1082.0,1082.0,1082.0,1082.0,1082.0,1082.0,1082.0,1082.0,1082.0,1082.0,1082.0,1082.0,1082.0,1082.0,1082.0,1082.0,1082.0,1090.0,1136.0,1154.0,1183.0,1183.0,1278.0,1285.0,1285.0,1285.0,1285.0,1285.0,1285.0,1285.0,1285.0,1285.0,1285.0,1285.0,1285.0,1285.0,1285.0,1285.0,1285.0,1285.0,1285.0,1285.0,1285.0,1285.0,1285.0,1285.0,1285.0,1285.0,1285.0,1285.0,1285.0,1285.0,1285.0,1285.0,1285.0,1285.0,1285.0,1285.0,1285.0,1285.0,1285.0,1285.0,1285.0,1285.0,1285.0,1285.0,1285.0,1285.0,1285.0,1285.0,1285.0,1285.0,1285.0,1285.0,1285.0,1285.0,1285.0,1285.0,1285.0,1285.0,1285.0,1285.0,1285.0,1285.0,1285.0,1285.0,1285.0,1285.0,1285.0,1285.0,1285.0,1285.0,1285.0,1285.0,1285.0,1285.0,1285.0,1285.0,1285.0,1285.0,1285.0,1313.0,1373.0,1373.0,1444.0,1464.0,1464.0,1464.0,1464.0,1464.0,1464.0,1464.0,1504.0,1540.0,1541.0,1547.0,1556.0,1567.0,1580.0,1591.0,1645.0,1645.0,1645.0,1645.0,1645.0,1654.0,1729.0,1834.0,1863.0,1904.0,1904.0,1904.0,1904.0,1904.0,1904.0,1904.0,1904.0,1904.0,1904.0,1904.0,1904.0,1904.0,1904.0,1904.0,1904.0,1904.0,1904.0,1904.0,1904.0,1904.0,1904.0,1904.0,1904.0,1904.0,1904.0,1904.0,1904.0,1922.0,1922.0,1922.0,1922.0,1922.0,1922.0,1922.0,1922.0,1922.0,1922.0,1922.0,1922.0,1922.0,1922.0,1922.0,1922.0,1922.0,1922.0,1922.0,1922.0,1922.0,1922.0,1922.0,1922.0,1922.0,1922.0,1922.0,1922.0,1922.0,1922.0,1956.0,1974.0,1984.0,1984.0,1984.0,1984.0,1984.0,1984.0,1984.0,1984.0,1984.0,1984.0,1984.0,1984.0,1984.0,1984.0,1984.0,1984.0,1984.0,1984.0,1984.0,1984.0,1984.0,1984.0,1984.0,1984.0,1984.0,1984.0,1984.0,1984.0,1984.0,1984.0,1984.0,1984.0,1984.0,1984.0,1984.0,1984.0,1984.0,1984.0,1984.0,1984.0,1984.0,1984.0,1984.0,1984.0,1984.0,1984.0,1984.0,1984.0,1984.0,1984.0,1984.0,1984.0,1984.0,1984.0,1984.0,1984.0,1984.0,1984.0,1984.0,1984.0,1984.0,1984.0,1984.0,1984.0,1984.0,1984.0,1984.0,1984.0,1984.0,2006.0,2038.0,2042.0,2042.0,2042.0,2042.0,2042.0,2042.0,2042.0,2042.0,2042.0,2042.0,2042.0,,,,,,,,,,,,,,,,,,,,,,,,,,,,,,,,,,,,,,,,,,,,,,,,,,,,,,,,,,,,,,,,,,,,,,,,,,,,,,,,,,,,,,,,,,,,,,,,,,,,,,,,,
2018-01-18,ios,,,,,,,,,,,,,,,,,,,,,,,,,,,,,,,,,,,,,,,,,,,,,,,,,,,,,,,,,,,,,,,,,,,,,,,,,,,,,,,,,,,,,,,,,,,,,,,,,,,,,,,,,,,,,,,,,,,,,,,,,,,,,,,,,,,,,,,,,,,,,,,,,,,,,,,,,,,,,,,,,,,,,,,,,,,,,,,,,,,,,,,,,,,,,,,,,,,,,,,,,,,,,,,,,,,,,,,,,,,,,,,,,,,,,,,,,,,,,,,,,,,,,,,,,,,,,,,,,,,,,,,,,,,,,,,,,,,,,,,,,,,,,,,,,,,,,,,,,,,,,,,,,,,,,,,,,,,,,,,,,,,,,,,,,,,,,,,,,,,,,,,,,,,,,,,,,,,,,,,,,,,,,,,,,,,,,,,,,,,,,,,,,,,,,,,,,,,,,,,,,,,,,,,,,,,,13.0,13.0,13.0,13.0,13.0,13.0,13.0,13.0,13.0,13.0,13.0,13.0,13.0,13.0,13.0,13.0,13.0,13.0,13.0,13.0,13.0,13.0,13.0,13.0,13.0,13.0,13.0,13.0,13.0,22.0,22.0,22.0,22.0,22.0,22.0,22.0,22.0,22.0,22.0,22.0,22.0,22.0,22.0,22.0,22.0,22.0,22.0,22.0,22.0,22.0,22.0,32.0,32.0,32.0,32.0,32.0,32.0,32.0,32.0,32.0,32.0,32.0,32.0,32.0,32.0,32.0,32.0,32.0,59.0,68.0,68.0,68.0,68.0,86.0,115.0,183.0,186.0,186.0,186.0,186.0,186.0,186.0,213.0,254.0,254.0,254.0,254.0,254.0,254.0,254.0,254.0,254.0,254.0,254.0,254.0,254.0,254.0,254.0,254.0,254.0,254.0,254.0,254.0,362.0,393.0,393.0,393.0,393.0,393.0,393.0,393.0,410.0,445.0,445.0,445.0,445.0,445.0,445.0,445.0,445.0,445.0,445.0,445.0,445.0,445.0,445.0,445.0,445.0,473.0,572.0,593.0,593.0,593.0,593.0,593.0,593.0,627.0,686.0,686.0,702.0,702.0,702.0,702.0,702.0,702.0,702.0,702.0,718.0,718.0,718.0,718.0,718.0,718.0,718.0,718.0,718.0,718.0,731.0,740.0,740.0,740.0,740.0,740.0,740.0,740.0,740.0,740.0,740.0,740.0,740.0,740.0,740.0,740.0,740.0,740.0,740.0,740.0,740.0,740.0,740.0,740.0,740.0,740.0,740.0,740.0,740.0,740.0,740.0,740.0,740.0,740.0,740.0,740.0,740.0,740.0,740.0,740.0,740.0,740.0,740.0,740.0,740.0,740.0,740.0,740.0,740.0,740.0,740.0,740.0,740.0,740.0,740.0,740.0,740.0,740.0,740.0,740.0,740.0,740.0,740.0,740.0,740.0,740.0,740.0,740.0,740.0,740.0,740.0,740.0,740.0,740.0,740.0,740.0,740.0,740.0,740.0,740.0,740.0,740.0,740.0,740.0,740.0,740.0,740.0,740.0,740.0,740.0,740.0,740.0,740.0,740.0,740.0,740.0,740.0,740.0,740.0,740.0,740.0,740.0,740.0,740.0,740.0,740.0,740.0,740.0,740.0,740.0,740.0,740.0,740.0,740.0,740.0,740.0,748.0,763.0,771.0,848.0,848.0,848.0,848.0,903.0,986.0,1003.0,1003.0,1024.0,1024.0,1024.0,1024.0,1024.0,1024.0,1024.0,1024.0,1024.0,1024.0,1024.0,1024.0,1024.0,1024.0,1024.0,1024.0,1024.0,1024.0,1024.0,1024.0,1024.0,1024.0,1024.0,1024.0,1024.0,1024.0,1024.0,1024.0,1024.0,1031.0,1032.0,1032.0,1032.0,1032.0,1032.0,1032.0,1046.0,1091.0,1091.0,1091.0,1091.0,1091.0,1091.0,1091.0,1091.0,1091.0,1091.0,1091.0,1091.0,1091.0,1091.0,1091.0,1091.0,1107.0,1206.0,1299.0,1299.0,1299.0,1299.0,1321.0,1419.0,1423.0,1489.0,1489.0,1489.0,1489.0,1489.0,,,,,,,,,,,,,,,,,,,,,,,,,,,,,,,,,,,,,,,,,,,,,,,,,,,,,,,,,,,,,,,,,,,,,,,,,,,,,,,,,,,,,,,,,,,,,,,,,,,,,,,,,,,,,,,,,,,,,,,,,,,,,,,,,,,,,,,,,,,,,,,,,,,,,,,,,,,,,,,,,,,,,,,,,,,,,,,,,,,,,,,,,,,,,,,,,,,,,,,,,,,,,,,,,,,,,,,,,,,,,,,,,,,,,,,,,,,,,,,,,,,,,,,,,,,,,,,,,,,,,,,,,,,,,,,,,,,,,,,,,,,,,,,,,,,,,,,,,,,,,,,,,,,,,,,,,,,,,,,,,,,,,,,,,,,,,,,,,,,,,,,,,,,,,,,,,,,,,,,,,,,,,,,,,,,,,,,,,,,,,,,,,,,,,,,,,,,,,,,,,,,,,,,,,,,,,,,,,,,,,,,,,,,,,,,,,,,,,,,,,,,,,,,,,,,,,,,,,,,,,,,,,,,,,,,,,,,,,,,,,,,,,,,,,,,,,,,,,,,,,,,,,,,,,,,,,,,,,,,,,,,,,,,,,,,,,,,,,,,,,,,,,,,,,,,,,,,,,,,,,,,,,,,,,,,,,,,,,,,,,,,,,,,,,,,,,,,,,,,,,,,,,,,,,,,,,,,,,,,,,,,,,,,,,,,,,,,,,,,,,,,,,,,,,,,,,,,,,,,,,,,,,,,,,,,,,,,,,,
2018-01-23,ios,,,,,,,,,,,,,,,,,,,,,,,,,,,,,,,,,,,,,,,,,,,,,,,,,,,,,,,,,,,,,,,,,,,,,,,,,,,,,,,,,,,,,,,,,,,,,,,,,,,,,,,,,,,,,,,,,,,,,,,,,,,,,,,,,,,,,,,,,,,,,,,,,,,,,,,,,,,,,,,,,,,,,,,,,,,,,,,,,,,,,,,,,,,,,,,,,,,,,,,,,,,,,,,,,,,,,,,,,,,,,,,,,,,,,,,,,,,,,,,,,,,,,,,,,,,,,,,,,,,,,,,,,,,,,,,,,,,,,,,,,,,,,,,,,,,,,,,,,,,,,,,,,,,,,,,,,,,,,,,,,,,,,,,,,,,,,,,,,,,,,,,,,,,,,,,,,,,,,,,,,,,,,,,,,,,,,,,,,,,,,,,,,,,,,,,,,,,,,,,,,,,,,,,,,,,,,,,,,,,,,,,,,,,,,,,,,,,,,,,,,,,,,,,,,,,,,,,,,,,,,,,,,,,,,,,,,,,,,,,36.0,55.0,65.0,65.0,65.0,65.0,65.0,65.0,65.0,65.0,65.0,65.0,65.0,90.0,118.0,118.0,118.0,118.0,118.0,118.0,118.0,118.0,118.0,118.0,118.0,118.0,118.0,118.0,118.0,118.0,118.0,141.0,143.0,143.0,143.0,143.0,143.0,143.0,143.0,143.0,143.0,143.0,143.0,143.0,143.0,143.0,143.0,143.0,143.0,143.0,143.0,143.0,143.0,143.0,193.0,318.0,411.0,501.0,577.0,606.0,664.0,664.0,664.0,664.0,664.0,664.0,664.0,664.0,664.0,664.0,756.0,821.0,821.0,821.0,821.0,821.0,821.0,821.0,821.0,821.0,821.0,821.0,821.0,821.0,821.0,821.0,821.0,821.0,821.0,821.0,821.0,821.0,821.0,821.0,821.0,821.0,821.0,821.0,821.0,821.0,821.0,821.0,821.0,821.0,821.0,821.0,821.0,821.0,821.0,821.0,821.0,821.0,840.0,889.0,889.0,889.0,889.0,889.0,889.0,889.0,889.0,889.0,889.0,889.0,889.0,889.0,889.0,889.0,889.0,889.0,889.0,889.0,889.0,889.0,943.0,1000.0,1011.0,1011.0,1011.0,1011.0,1011.0,1011.0,1011.0,1011.0,1011.0,1011.0,1011.0,1011.0,1011.0,1011.0,1011.0,1011.0,1011.0,1011.0,1011.0,1011.0,1011.0,1011.0,1011.0,1011.0,1011.0,1011.0,1011.0,1011.0,1011.0,1011.0,1011.0,1011.0,1011.0,1011.0,1011.0,1011.0,1011.0,1011.0,1011.0,1011.0,1011.0,1011.0,1011.0,1011.0,1011.0,1011.0,1011.0,1011.0,1011.0,1011.0,1011.0,1011.0,1011.0,1011.0,1011.0,1011.0,1011.0,1011.0,1011.0,1011.0,1011.0,1011.0,1011.0,1011.0,1011.0,1011.0,1011.0,1011.0,1011.0,1011.0,1011.0,1011.0,1011.0,1011.0,1011.0,1011.0,1011.0,1011.0,1011.0,1011.0,1011.0,1011.0,1011.0,1011.0,1011.0,1011.0,1011.0,1011.0,1011.0,1011.0,1011.0,1011.0,1011.0,1011.0,1011.0,1011.0,1011.0,1011.0,1011.0,1011.0,1011.0,1011.0,1011.0,1011.0,1011.0,1011.0,1011.0,1011.0,1011.0,1011.0,1011.0,1011.0,1011.0,1011.0,1011.0,1011.0,1026.0,1026.0,1026.0,1026.0,1026.0,1037.0,1060.0,1134.0,1134.0,1134.0,1134.0,1134.0,1134.0,1134.0,1163.0,1255.0,1307.0,1307.0,1307.0,1307.0,1307.0,1320.0,1421.0,1448.0,1448.0,1448.0,1448.0,1448.0,1448.0,1448.0,1448.0,1448.0,1448.0,1448.0,1448.0,1448.0,1448.0,1448.0,1448.0,1448.0,1448.0,1448.0,1448.0,1448.0,1448.0,1448.0,1448.0,1448.0,1448.0,1448.0,1448.0,1448.0,1448.0,1448.0,1448.0,1448.0,1448.0,1448.0,1448.0,1448.0,1448.0,1448.0,1448.0,1448.0,1448.0,1448.0,1448.0,1448.0,1448.0,1448.0,1448.0,1448.0,1448.0,1448.0,1448.0,1448.0,1448.0,1448.0,1448.0,1448.0,1448.0,1448.0,1448.0,1448.0,1448.0,1448.0,1448.0,1448.0,1448.0,1448.0,1448.0,1448.0,1448.0,1448.0,1448.0,1448.0,1448.0,1448.0,1448.0,1448.0,1448.0,1448.0,1448.0,1448.0,1448.0,1448.0,1448.0,1448.0,1448.0,1448.0,1448.0,1448.0,1448.0,1448.0,1448.0,1448.0,1448.0,1448.0,1448.0,1448.0,1448.0,1448.0,1448.0,1448.0,1448.0,1448.0,1448.0,1448.0,1448.0,1448.0,1531.0,1531.0,1531.0,1531.0,1625.0,1663.0,1663.0,1663.0,1663.0,1663.0,1663.0,1663.0,1663.0,1663.0,1663.0,1663.0,1663.0,1663.0,1663.0,1663.0,1663.0,1663.0,1663.0,1663.0,1663.0,1663.0,1663.0,1663.0,1663.0,1663.0,1663.0,1663.0,1714.0,1740.0,1828.0,1828.0,1838.0,1868.0,1893.0,1893.0,1904.0,1912.0,1912.0,1912.0,1924.0,1928.0,1928.0,1954.0,2002.0,2002.0,2002.0,2002.0,2002.0,2002.0,2002.0,2002.0,2002.0,2002.0,2002.0,2002.0,2002.0,2002.0,2002.0,2002.0,2002.0,2002.0,2002.0,2002.0,2002.0,2002.0,2002.0,2002.0,2002.0,2002.0,2002.0,2002.0,2002.0,2002.0,2002.0,2002.0,2002.0,2002.0,2002.0,2002.0,2002.0,2002.0,2002.0,2002.0,2002.0,2002.0,2002.0,2002.0,2002.0,2002.0,2002.0,2002.0,2002.0,2024.0,2024.0,2024.0,2024.0,2024.0,2051.0,2074.0,2074.0,2074.0,2084.0,2131.0,2139.0,2174.0,2174.0,2174.0,2174.0,2174.0,2174.0,2174.0,2174.0,2174.0,2174.0,2174.0,2174.0,2174.0,2174.0,2174.0,2174.0,2174.0,2174.0,2174.0,2174.0,2174.0,2174.0,2174.0,2174.0,2174.0,2174.0,2174.0,2174.0,2174.0,2174.0,2174.0,2174.0,2174.0,2174.0,2174.0,2174.0,2174.0,2174.0,2174.0,2174.0,2174.0,2174.0,2174.0,2174.0,2174.0,2174.0,2174.0,2174.0,2174.0,2174.0,2174.0,2174.0,2174.0,2174.0,2174.0,2174.0,2194.0,2194.0,2206.0,2225.0,2225.0,2225.0,2225.0,2225.0,2225.0,2225.0,2225.0,2225.0,2225.0,2233.0,2270.0,2366.0,2465.0,2490.0,2490.0,2490.0,2571.0,2651.0,2694.0,2707.0,2745.0,2745.0,2745.0,2745.0,2745.0,2745.0,2815.0,2895.0,2918.0,2976.0,3073.0,3105.0,3141.0,3232.0,3261.0,3302.0,3330.0,3344.0,3344.0,3344.0,3344.0,3344.0,3344.0,3427.0,3440.0,3491.0,3553.0,3553.0,3574.0,3574.0,3574.0,3574.0,3574.0,3574.0,3574.0,3574.0,3574.0,3574.0,3574.0,3574.0,3574.0,3574.0,3574.0,3574.0,3574.0,3574.0,3574.0,3574.0,3574.0,3574.0,3574.0,3574.0,3574.0,3574.0,3574.0,3574.0,3574.0,3574.0,3574.0,3574.0,3574.0,3574.0,3574.0,3574.0,3574.0,3574.0,3574.0,3574.0,3574.0,3574.0,3574.0,3574.0,3574.0,3574.0,3574.0,3574.0,3574.0,3574.0,3574.0,3574.0,3574.0,3574.0,3574.0,3574.0,3574.0,3574.0,3574.0,3574.0,3574.0,3574.0,3574.0,3574.0,3574.0,3574.0,3574.0,3574.0,3574.0,3621.0,3733.0,3801.0,3845.0,3845.0,3845.0,3845.0,3845.0,3859.0,3859.0,3906.0,3982.0,4060.0,4113.0,4145.0,4178.0,4264.0,4351.0,4436.0,4518.0,4583.0,4657.0,4657.0,4657.0,4657.0,4657.0,4657.0,4657.0,4657.0,4657.0,4657.0,4657.0,4657.0,4657.0,4657.0,4657.0,4657.0,4657.0,4657.0,4657.0,4657.0,4657.0,4657.0,4657.0,4657.0,4657.0,4657.0,4657.0,4657.0,4657.0,4657.0,4657.0,4657.0,4657.0,4657.0,4657.0,4657.0,4657.0,4657.0,4657.0,4657.0,4657.0,4657.0,4657.0,4657.0,4657.0,4657.0,4657.0,4657.0,4657.0,4657.0,4657.0,4657.0,4657.0,4657.0,4657.0,4657.0,4657.0,4657.0,4657.0,4657.0,4657.0,4657.0,4657.0,4657.0,4657.0,4657.0,4657.0,4657.0,4665.0,4694.0,4694.0,4716.0,4716.0,4716.0,4757.0,4783.0,4783.0,4783.0,4814.0,4877.0,4891.0,4891.0,4891.0,4891.0,4891.0,4891.0,4981.0,4995.0,4995.0,4995.0,4995.0,4995.0,4995.0,4995.0,4995.0,4995.0,4995.0,4995.0,4995.0,4995.0,4995.0,4995.0,4995.0,4995.0,4995.0,4995.0,4995.0,4995.0,4995.0,4995.0,4995.0,4995.0,4995.0,4995.0,4995.0,4995.0,4995.0,4995.0,4995.0,4995.0,4995.0,4995.0,4995.0,4995.0,4995.0,4995.0,4995.0,4995.0,4995.0,4995.0,4995.0,4995.0,4995.0,4995.0,4995.0,4995.0,4995.0,4995.0,4995.0,4995.0,4995.0,4995.0,4995.0,4995.0,4995.0,4995.0,4995.0,4995.0,4995.0,4995.0,4995.0,4995.0,4995.0,4995.0,4995.0,4995.0,4995.0,4995.0,4995.0,4995.0,4995.0,4995.0,4995.0,4995.0,4995.0,4995.0,4995.0,4995.0,4995.0,4995.0,4995.0,4995.0,4995.0,4995.0,4995.0,4995.0,4995.0,4995.0,4995.0,4995.0,4995.0,4995.0,4995.0,4995.0,4995.0,4995.0,4995.0,4995.0,4995.0,4995.0,4995.0,4995.0,4995.0,4995.0,4995.0,4995.0,4995.0,4995.0,4995.0,4995.0,,,,,,,,,,,,,,,,,,,,,,,,,,,,,,,,,,,,,,,,,,,,,,,,,,,,,,,,,,,,,,,,,,,,,,,,,
2018-01-24,ios,,,,,,,,,,,,,,,,,,,,,,,,,,,,,,,,,,,,,,,,,,,,,,,,,,,,,,,,,,,,,,,,,,,,,,,,,,,,,,,,,,,,,,,,,,,,,,,,,,,,,,,,,,,,,,,,,,,,,,,,,,,,,,,,,,,,,,,,,,,,,,,,,,,,,,,,,,,,,,,,,,,,,,,,,,,,,,,,,,,,,,,,,,,,,,,,,,,,,,,,,,,,,,,,,,,,,,,,,,,,,,,,,,,,,,,,,,,,,,,,,,,,,,,,,,,,,,,,,,,,,,,,,,,,,,,,,,,,,,,,,,,,,,,,,,,,,,,,,,,,,,,,,,,,,,,,,,,,,,,,,,,,,,,,,,,,,,,,,,,,,,,,,,,,,,,,,,,,,,,,,,,,,,,,,,,,,,,,,,,,,,,,,,,,,,,,,,,,,,,,,,,,,,,,,,,,,,,,,,,,,,,,,,,,,,,,,,,,,,,,,,,,,,,,,,,,,,,,,,,,,,,,,,,,,,22.0,43.0,43.0,43.0,43.0,43.0,43.0,43.0,43.0,43.0,43.0,43.0,43.0,43.0,68.0,79.0,79.0,87.0,102.0,102.0,116.0,116.0,116.0,116.0,116.0,116.0,116.0,116.0,116.0,116.0,116.0,116.0,116.0,116.0,116.0,116.0,116.0,116.0,116.0,116.0,116.0,116.0,135.0,159.0,159.0,159.0,159.0,159.0,159.0,159.0,159.0,159.0,159.0,159.0,159.0,159.0,159.0,159.0,159.0,159.0,159.0,159.0,159.0,159.0,159.0,159.0,159.0,159.0,159.0,159.0,159.0,159.0,159.0,159.0,159.0,159.0,159.0,159.0,240.0,323.0,323.0,323.0,323.0,323.0,332.0,390.0,417.0,473.0,580.0,581.0,581.0,581.0,581.0,581.0,581.0,581.0,581.0,581.0,698.0,817.0,945.0,1070.0,1196.0,1330.0,1461.0,1592.0,1715.0,1846.0,1979.0,2113.0,2246.0,2379.0,2510.0,2640.0,2771.0,2902.0,2983.0,2983.0,2983.0,2983.0,2983.0,2983.0,2983.0,2983.0,2983.0,2983.0,2983.0,2983.0,2983.0,2983.0,2983.0,3017.0,3055.0,3055.0,3055.0,3055.0,3055.0,3055.0,3055.0,3055.0,3055.0,3055.0,3055.0,3055.0,3055.0,3055.0,3055.0,3055.0,3055.0,3055.0,3055.0,3055.0,3055.0,3055.0,3055.0,3055.0,3055.0,3055.0,3055.0,3055.0,3055.0,3055.0,3055.0,3055.0,3055.0,3055.0,3055.0,3055.0,3055.0,3055.0,3055.0,3055.0,3055.0,3055.0,3055.0,3086.0,3101.0,3101.0,3101.0,3101.0,3123.0,3150.0,3150.0,3150.0,3150.0,3150.0,3194.0,3270.0,3390.0,3520.0,3652.0,3782.0,3855.0,3984.0,4110.0,4176.0,4308.0,4438.0,4567.0,4695.0,4823.0,4952.0,5080.0,5207.0,5334.0,5458.0,5584.0,5708.0,5833.0,5954.0,6015.0,6047.0,6167.0,6274.0,6394.0,6422.0,6444.0,6444.0,6444.0,6444.0,6444.0,6444.0,6444.0,6444.0,6444.0,6444.0,6444.0,6444.0,6444.0,6444.0,6463.0,6463.0,6463.0,6463.0,6463.0,6463.0,6463.0,6463.0,6463.0,6463.0,6463.0,6463.0,6463.0,6463.0,6463.0,6463.0,6463.0,6463.0,6463.0,6463.0,6463.0,6463.0,6463.0,6463.0,6463.0,6463.0,6463.0,6463.0,6463.0,6463.0,6463.0,6463.0,6463.0,6463.0,6463.0,6463.0,6463.0,6463.0,6463.0,6463.0,6463.0,6463.0,6463.0,6463.0,6463.0,6463.0,6463.0,6463.0,6463.0,6463.0,6463.0,6463.0,6463.0,6463.0,6463.0,6463.0,6463.0,6463.0,6463.0,6463.0,6463.0,6463.0,6463.0,6463.0,6463.0,6463.0,6463.0,6463.0,6463.0,6463.0,6463.0,6463.0,6463.0,6463.0,6463.0,6463.0,6463.0,6463.0,6464.0,6464.0,6469.0,6510.0,6646.0,6781.0,6913.0,6956.0,7009.0,7009.0,7009.0,7009.0,7009.0,7009.0,7009.0,7075.0,7150.0,7150.0,7150.0,7150.0,7150.0,7150.0,7160.0,7225.0,7262.0,7262.0,7262.0,7299.0,7338.0,7338.0,7338.0,7338.0,7338.0,7338.0,7338.0,7352.0,7352.0,7352.0,7352.0,7352.0,7352.0,7352.0,7352.0,7352.0,7352.0,7352.0,7352.0,7352.0,7352.0,7352.0,7352.0,7447.0,7462.0,7471.0,7471.0,7471.0,7471.0,7471.0,7471.0,7471.0,7471.0,7471.0,7471.0,7471.0,7471.0,7471.0,7471.0,7471.0,7471.0,7471.0,7471.0,7471.0,7471.0,7471.0,7471.0,7471.0,7471.0,7471.0,7471.0,7471.0,7471.0,7471.0,7471.0,7471.0,7471.0,7471.0,7471.0,7471.0,7471.0,7484.0,7567.0,7581.0,7639.0,7639.0,7639.0,7639.0,7639.0,7639.0,7639.0,7639.0,7639.0,7639.0,7639.0,7639.0,7639.0,7639.0,7639.0,7639.0,7647.0,7647.0,7647.0,7647.0,7647.0,7647.0,7647.0,7647.0,7647.0,7647.0,7647.0,7647.0,7647.0,7647.0,7647.0,7647.0,7647.0,7647.0,7647.0,7647.0,7647.0,7647.0,7647.0,7647.0,7647.0,7647.0,7647.0,7647.0,7647.0,7647.0,7647.0,7647.0,7647.0,7647.0,7647.0,7647.0,7647.0,7647.0,7647.0,7647.0,7647.0,7647.0,7647.0,7647.0,7757.0,7833.0,7833.0,7833.0,7833.0,7833.0,7833.0,7833.0,7833.0,7833.0,7833.0,7833.0,7833.0,7833.0,7833.0,7869.0,7886.0,7948.0,7976.0,8018.0,8018.0,8018.0,8018.0,8018.0,8018.0,8018.0,8018.0,8018.0,8092.0,8099.0,8099.0,8109.0,8109.0,8109.0,8109.0,8124.0,8124.0,8124.0,8133.0,8133.0,8133.0,8144.0,8165.0,8165.0,8165.0,8165.0,8204.0,8238.0,8238.0,8247.0,8247.0,8247.0,8262.0,8262.0,8275.0,8275.0,8275.0,8311.0,8327.0,8327.0,8330.0,8336.0,8336.0,8360.0,8360.0,8360.0,8360.0,8368.0,8387.0,8387.0,8387.0,8447.0,8461.0,8461.0,8461.0,8461.0,8461.0,8461.0,8461.0,8461.0,8461.0,8480.0,8523.0,8523.0,8523.0,8523.0,8523.0,8523.0,8526.0,8591.0,8591.0,8591.0,8592.0,8670.0,8787.0,8899.0,9023.0,9144.0,9263.0,9375.0,9419.0,9419.0,9419.0,9419.0,9419.0,9419.0,9419.0,9419.0,9419.0,9419.0,9419.0,9507.0,9524.0,9647.0,,,,,,,,,,,,,,,,,,,,,,,,,,,,,,,,,,,,,,,,,,,,,,,,,,,,,,,,,,,,,,,,,,,,,,,,,,,,,,,,,,,,,,,,,,,,,,,,,,,,,,,,,,,,,,,,,,,,,,,,,,,,,,,,,,,,,,,,,,,,,,,,,,,,,,,,,,,,,,,,,,,,,,,,,,,,,,,,,,,,,,,,,,,,,,,,,,,,,,,,,,,,,,,,,,,,,,,,,,,,,,,,,,,,,,,,,,,,,,,,,,,,,,,,,,,,,,,,,,,,,,,,,,,,,,,,,,,,,,,,,,,,,,,,,,,,,,,,,,,,,,,,,,,,,,,,,,,,,,,,,,,,,,,,,,,,,,,,,,,,,,,,,,,,,,,,,,,,,,,,,,,,,,,,,,,,,,,,,,,,,,,,,,,,,,,,,,,,,
2018-01-28,ios,,,,,,,,,,,,,,,,,,,,,,,,,,,,,,,,,,,,,,,,,,,,,,,,,,,,,,,,,,,,23350.0,,,,,,,,,,,,,,,,,,,,,,,,,,,,,,,,,,,,,,,,,,,,,,,,,,,,,,,,,,,,,,,,,,,,,,,,,,,,,,,,,,,,,,,,,,,,,,,,,,,,,,,,,,,,,,,,,,,,,,,,,,,,,,,,,,,,,,,,,,,,,,,,,,,,,,,,,,,,,,,,,,,,,,,,,,,,,,,,,,,,,,,,,,,,,,,,,,,,,,,,,,,,,,,,,,,,,,,,,,,,,,,,,,,,,,,,,,,,,,,,,,,,,,,,,,,,,,,,,,,,,,,,,,,,,,,,,,,,,,,,,,,,,,,,,,,,,,,,,,,,,,,,,,,,,,,,,,,,,,,,,,,,,,,,,,,,,,,,,,,,,,,,,,,,,,,,,,,,,,,,,,,,,,,,,,,,,,,,,,,,,,,,,,,,,,,,,,,,,,,,,,,,,,,,,,,,,,,,,,,,,,,,,,,,,,,,,,,,,,,,,,,,,,,,,,,,,,,,,,,,,,,,,,,,,,,,,,,,,,,,,,,,,,,,,,,,,,,,,,,,,,,,,,,,,,,,,,,,,,,,,,,,,,,,,,,,,,,,,,,,,,,,,,,,,,,,,,,,,,,,,,,,,,,,,,,,,,,,,,,,,,,,,,,,,,,,,,,,,,,,,,,,,,,,,,,,,,,,,,,,,,,,,,,,,,,,,,,,,,,,,,,,,,,,,,,,,,,,,,,,,,,,,,,,,,,,,,,,,,,,,,,,,,,,,,,,,,,,,,,,,,,,,,,,,,,,,,,,,,,,,,,,,,,,,,,,,,,,,,,,,,,,,,,,,,,,,,,,,,,,,,,,,,,,,,,,,,,,,,,,,,,,,,,,,,,,,,,,,,,,,,,,,,,,,,,,,,,,,,,,,,,,,,,,,,,,,,,,,,,,,,,,,,,,,,,,,,,,,,,,,,,,,,,,,,,,,,,,,,,,,,,,,,,,,,,,,,,,,,,,,,,,,,,,,,,,,,,,,,,,,,,,,,,,,,,,,,,,,,,,,,,,,,,,,,,,,,,,,,,,,,,,,,,,,,,,,,,,,,,,,,,,,,,,,,,,,,,,,,,,,,,,,,,,,,,,,,,,,,,,,,,,,,,,,,,,,,,,,,,,,,,,,,,,,,,,,,,,,,,,,,,,,,,,,,,,,,,,,,,,,,,,,,,,,,,,,,,,,,,,,,,,,,,,,,,,,,,,,,,,,,,,,,,,,,,,,,,,,,,,,,,,,,,,,,,,,,,,,,,,,,,,,,,,,,,,,,,,,,,,,,,,,,,,,,,,,,,,,,,,,,,,,,,,,,,,,,,,,,,,,,,,,,,,,,,,,,,,,,,,,,,,,,,,,,,,,,,,,,,,,,,,,,,,,,,,,,,,,,,,,,,,,,,,,,,,,,,,,,,,,,,,,,,,,,,,,,,,,,,,,,,,,,,,,,,,,,,,,,,,,,,,,,,,,,,,,,,,,,,,,,,,,,,,,,,,,,,,,,,,
2018-01-29,ios,,,,,,,,,,,,,,,,,,,,,,,,,,,,,,,,,,,,,,,,,,,,,,,,,,,,,,,,,,,,15553.0,,,,,,,,,,,,,,,,,,,,,,,,,,,,,,,,,,,,,,,,,,,,,,,,,,,,,,,,,,,,,,,,,,,,,,,,,,,,,,,,,,,,,,,,,,,,,,,,,,,,,,,,,,,,,,,,,,,,,,,,,,,,,,,,,,,,,,,,,,,,,,,,,,,,,,,,,,,,,,,,,,,,,,,,,,,,,,,,,,,,,,,,,,,,,,,,,,,,,,,,,,,,,,,,,,,,,,,,,,,,,,,,,,,,,,,,,,,,,,,,,,,,,,,,,,,,,,,,,,,,,,,,,,,,,,,,,,,,,,,,,,,,,,,,,,,,,,,,,,,,,,,,,,,,,,,,,,,,,,,,,,,,,,,,,,,,,,,,,,,,,,,,,,,,,,,,,,,,,,,,,,,,,,,,,,,,,,,,,,,,,,,,,,,,,,,,,,,,,,,,,,,,,,,,,,,,,,,,,,,,,,,,,,,,,,,,,,,,,,,,,,,,,,,,,,,,,,,,,,,,,,,,,,,,,,,,,,,,,,,,,,,,,,,,,,,,,,,,,,,,,,,,,,,,,,,,,,,,,,,,,,,,,,,,,,,,,,,,,,,,,,,,,,,,,,,,,,,,,,,,,,,,,,,,,,,,,,,,,,,,,,,,,,,,,,,,,,,,,,,,,,,,,,,,,,,,,,,,,,,,,,,,,,,,,,,,,,,,,,,,,,,,,,,,,,,,,,,,,,,,,,,,,,,,,,,,,,,,,,,,,,,,,,,,,,,,,,,,,,,,,,,,,,,,,,,,,,,,,,,,,,,,,,,,,,,,,,,,,,,,,,,,,,,,,,,,,,,,,,,,,,,,,,,,,,,,,,,,,,,,,,,,,,,,,,,,,,,,,,,,,,,,,,,,,,,,,,,,,,,,,,,,,,,,,,,,,,,,,,,,,,,,,,,,,,,,,,,,,,,,,,,,,,,,,,,,,,,,,,,,,,,,,,,,,,,,,,,,,,,,,,,,,,,,,,,,,,,,,,,,,,,,,,,,,,,,,,,,,,,,,,,,,,,,,,,,,,,,,,,,,,,,,,,,,,,,,,,,,,,,,,,,,,,,,,,,,,,,,,,,,,,,,,,,,,,,,,,,,,,,,,,,,,,,,,,,,,,,,,,,,,,,,,,,,,,,,,,,,,,,,,,,,,,,,,,,,,,,,,,,,,,,,,,,,,,,,,,,,,,,,,,,,,,,,,,,,,,,,,,,,,,,,,,,,,,,,,,,,,,,,,,,,,,,,,,,,,,,,,,,,,,,,,,,,,,,,,,,,,,,,,,,,,,,,,,,,,,,,,,,,,,,,,,,,,,,,,,,,,,,,,,,,,,,,,,,,,,,,,,,,,,,,,,,,,,,,,,,,,,,,,,,,,,,,,,,,,,,,,,,,,,,,,,,,,,,,,,,,,,,,,,,,,,,,,,,,,,,,,,,,,,,,,,,,,,,,,,,,,,,,,,,,,,,,,,,,,,,,,,,,,,,,,,,,,,,,,,,,,,,
2018-01-30,ios,,,,,,,,,,,,,,,,,,,,,,,,,,,,,,,,,,,,,,,,,,,,,,,,,,,,,,,,,,,,6514.0,,,,,,,,,,,,,,,,,,,,,,,,,,,,,,,,,,,,,,,,,,,,,,,,,,,,,,,,,,,,,,,,,,,,,,,,,,,,,,,,,,,,,,,,,,,,,,,,,,,,,,,,,,,,,,,,,,,,,,,,,,,,,,,,,,,,,,,,,,,,,,,,,,,,,,,,,,,,,,,,,,,,,,,,,,,,,,,,,,,,,,,,,,,,,,,,,,,,,,,,,,,,,,,,,,,,,,,,,,,,,,,,,,,,,,,,,,,,,,,,,,,,,,,,,,,,,,,,,,,,,,,,,,,,,,,,,,,,,,,,,,,,,,,,,,,,,,,,,,,,,,,,,,,,,,,,,,,,,,,,,,,,,,,,,,,,,,,,,,,,,,,,,,,,,,,,,,,,,,,,,,,,,,,,,,,,,,,,,,,,,,,,,,,,,,,,,,,,,,,,,,,,,,,,,,,,,,,,,,,,,,,,,,,,,,,,,,,,,,,,,,,,,,,,,,,,,,,,,,,,,,,,,,,,,,,,,,,,,,,,,,,,,,,,,,,,,,,,,,,,,,,,,,,,,,,,,,,,,,,,,,,,,,,,,,,,,,,,,,,,,,,,,,,,,,,,,,,,,,,,,,,,,,,,,,,,,,,,,,,,,,,,,,,,,,,,,,,,,,,,,,,,,,,,,,,,,,,,,,,,,,,,,,,,,,,,,,,,,,,,,,,,,,,,,,,,,,,,,,,,,,,,,,,,,,,,,,,,,,,,,,,,,,,,,,,,,,,,,,,,,,,,,,,,,,,,,,,,,,,,,,,,,,,,,,,,,,,,,,,,,,,,,,,,,,,,,,,,,,,,,,,,,,,,,,,,,,,,,,,,,,,,,,,,,,,,,,,,,,,,,,,,,,,,,,,,,,,,,,,,,,,,,,,,,,,,,,,,,,,,,,,,,,,,,,,,,,,,,,,,,,,,,,,,,,,,,,,,,,,,,,,,,,,,,,,,,,,,,,,,,,,,,,,,,,,,,,,,,,,,,,,,,,,,,,,,,,,,,,,,,,,,,,,,,,,,,,,,,,,,,,,,,,,,,,,,,,,,,,,,,,,,,,,,,,,,,,,,,,,,,,,,,,,,,,,,,,,,,,,,,,,,,,,,,,,,,,,,,,,,,,,,,,,,,,,,,,,,,,,,,,,,,,,,,,,,,,,,,,,,,,,,,,,,,,,,,,,,,,,,,,,,,,,,,,,,,,,,,,,,,,,,,,,,,,,,,,,,,,,,,,,,,,,,,,,,,,,,,,,,,,,,,,,,,,,,,,,,,,,,,,,,,,,,,,,,,,,,,,,,,,,,,,,,,,,,,,,,,,,,,,,,,,,,,,,,,,,,,,,,,,,,,,,,,,,,,,,,,,,,,,,,,,,,,,,,,,,,,,,,,,,,,,,,,,,,,,,,,,,,,,,,,,,,,,,,,,,,,,,,,,,,,,,,,,,,,,,,,,,,,,,,,,,,,,,,,,,,,,,,,,,,,,,,,,,,,,,,,,,,
2018-01-31,ios,,,,,,,,,,,,,,,,,,,,,,,,,,,,,,,,,,,,,,,,,,,,,,,,,,,,,,,,,,,,14459.0,,,,,,,,,,,,,,,,,,,,,,,,,,,,,,,,,,,,,,,,,,,,,,,,,,,,,,,,,,,,,,,,,,,,,,,,,,,,,,,,,,,,,,,,,,,,,,,,,,,,,,,,,,,,,,,,,,,,,,,,,,,,,,,,,,,,,,,,,,,,,,,,,,,,,,,,,,,,,,,,,,,,,,,,,,,,,,,,,,,,,,,,,,,,,,,,,,,,,,,,,,,,,,,,,,,,,,,,,,,,,,,,,,,,,,,,,,,,,,,,,,,,,,,,,,,,,,,,,,,,,,,,,,,,,,,,,,,,,,,,,,,,,,,,,,,,,,,,,,,,,,,,,,,,,,,,,,,,,,,,,,,,,,,,,,,,,,,,,,,,,,,,,,,,,,,,,,,,,,,,,,,11.0,71.0,111.0,111.0,255.0,435.0,608.0,747.0,904.0,1078.0,1253.0,1427.0,1601.0,1772.0,1940.0,2115.0,2289.0,2460.0,2634.0,2805.0,2939.0,3108.0,3282.0,3455.0,3631.0,3806.0,3974.0,4147.0,4314.0,4472.0,4648.0,4816.0,4970.0,5130.0,5306.0,5478.0,5653.0,5835.0,6011.0,6150.0,6324.0,6422.0,6598.0,6769.0,6834.0,6834.0,6834.0,6878.0,6998.0,7114.0,7171.0,7174.0,7174.0,7338.0,7445.0,7574.0,7703.0,7730.0,7835.0,7835.0,7848.0,7870.0,7877.0,7996.0,8171.0,8348.0,8526.0,8705.0,8800.0,8811.0,8945.0,9093.0,9250.0,9277.0,9289.0,9289.0,9289.0,9289.0,9289.0,9289.0,9327.0,9392.0,9409.0,9416.0,9416.0,9416.0,9416.0,9416.0,9416.0,9416.0,9416.0,9416.0,9416.0,9416.0,9416.0,9416.0,9416.0,9416.0,9416.0,9416.0,9416.0,9416.0,9416.0,9416.0,9416.0,9416.0,9416.0,9416.0,9416.0,9416.0,9416.0,9416.0,9416.0,9416.0,9416.0,9416.0,9416.0,9416.0,9416.0,9416.0,9416.0,9416.0,9416.0,9416.0,9416.0,9416.0,9416.0,9416.0,9416.0,9416.0,9416.0,9416.0,9416.0,9416.0,9416.0,9416.0,9416.0,9416.0,9416.0,9416.0,9416.0,9416.0,9431.0,9431.0,9431.0,9431.0,9431.0,9431.0,9431.0,9431.0,9431.0,9431.0,9431.0,9431.0,9431.0,9449.0,9469.0,9516.0,9516.0,9516.0,9516.0,9516.0,9516.0,9516.0,9516.0,9516.0,9516.0,9516.0,9516.0,9516.0,9516.0,9516.0,9516.0,9516.0,9516.0,9516.0,9516.0,9516.0,9516.0,9516.0,9524.0,9524.0,9524.0,9535.0,9535.0,9535.0,9535.0,9535.0,9535.0,9535.0,9535.0,9548.0,9549.0,9647.0,9747.0,9802.0,9843.0,9933.0,9967.0,10000.0,10027.0,10116.0,10181.0,10181.0,10181.0,10181.0,10181.0,10181.0,10181.0,10181.0,10181.0,10181.0,10181.0,10268.0,10372.0,10388.0,10400.0,10400.0,10400.0,10400.0,10400.0,10400.0,10400.0,10440.0,10462.0,10523.0,10529.0,10529.0,10598.0,10637.0,10637.0,10637.0,10637.0,10637.0,10637.0,10637.0,10637.0,10637.0,10637.0,10678.0,10690.0,10690.0,10690.0,10708.0,10716.0,10801.0,10883.0,10971.0,11058.0,11122.0,11232.0,11257.0,11257.0,11306.0,11309.0,11309.0,11309.0,11309.0,11309.0,11309.0,11309.0,11347.0,11374.0,11374.0,11374.0,11374.0,11374.0,11374.0,11374.0,11374.0,11374.0,11374.0,11383.0,11383.0,11383.0,11411.0,11456.0,11456.0,11456.0,11465.0,11465.0,11465.0,11465.0,11510.0,11595.0,11636.0,11662.0,11717.0,11728.0,11754.0,11754.0,11754.0,11783.0,11783.0,11783.0,11791.0,11791.0,11791.0,11805.0,11878.0,11895.0,11895.0,11895.0,11895.0,11928.0,11976.0,11992.0,12013.0,12013.0,12074.0,12147.0,12159.0,12159.0,12159.0,12159.0,12209.0,12249.0,12284.0,12284.0,12316.0,12347.0,12372.0,12372.0,12372.0,12403.0,12442.0,12442.0,12442.0,12442.0,12462.0,12511.0,12511.0,12511.0,12511.0,12511.0,12551.0,12551.0,12551.0,12551.0,12551.0,12551.0,12551.0,12551.0,12551.0,12551.0,12551.0,12551.0,12551.0,12551.0,12551.0,12551.0,12551.0,12575.0,12633.0,12672.0,12758.0,12788.0,12861.0,12889.0,12942.0,12981.0,12981.0,12994.0,13022.0,13053.0,13061.0,13061.0,13061.0,13061.0,13061.0,13061.0,13061.0,13061.0,13061.0,13061.0,13061.0,13072.0,13072.0,13081.0,13081.0,13110.0,13110.0,13123.0,13162.0,13232.0,13300.0,13325.0,13427.0,13518.0,13518.0,13518.0,13518.0,13518.0,13518.0,13518.0,13518.0,13518.0,13596.0,13649.0,13697.0,13712.0,13805.0,13885.0,13911.0,13993.0,14078.0,14106.0,14206.0,14299.0,14374.0,14374.0,14374.0,14441.0,14544.0,14576.0,14576.0,14576.0,14576.0,14576.0,14576.0,14576.0,14576.0,14576.0,14576.0,14576.0,14576.0,14576.0,14576.0,14576.0,14576.0,14576.0,14576.0,14576.0,14576.0,14576.0,14576.0,14576.0,14576.0,14576.0,14576.0,14576.0,14576.0,14576.0,14576.0,14576.0,14576.0,14576.0,14576.0,14576.0,14576.0,14576.0,14576.0,14576.0,14576.0,14576.0,14576.0,14576.0,14576.0,14576.0,14576.0,14576.0,14576.0,14576.0,14576.0,14576.0,14576.0,14576.0,14576.0,14576.0,14576.0,14594.0,14605.0,14605.0,14605.0,14605.0,14605.0,14605.0,14620.0,14711.0,14763.0,14763.0,14790.0,14853.0,14969.0,15089.0,15178.0,15217.0,15297.0,15399.0,15410.0,15478.0,15574.0,15690.0,15775.0,15888.0,15961.0,16072.0,16188.0,16280.0,16381.0,16408.0,16408.0,16408.0,16422.0,16422.0,16422.0,16432.0,16514.0,16628.0,16628.0,16628.0,16628.0,16630.0,16665.0,16692.0,16692.0,16747.0,16785.0,16865.0,16892.0,16892.0,16892.0,16892.0,16892.0,16892.0,16892.0,16892.0,16892.0,16892.0,16892.0,16892.0,16892.0,16892.0,16892.0,16930.0,16930.0,16930.0,16930.0,16930.0,16930.0,16930.0,16930.0,16953.0,16983.0,17095.0,17095.0,17114.0,17180.0,17294.0,17386.0,17490.0,17587.0,17688.0,17736.0,17817.0,17920.0,17981.0,17981.0,17981.0,17981.0,18001.0,18048.0,18164.0,18283.0,18359.0,18379.0,18379.0,18394.0,18394.0,18417.0,18466.0,18474.0,18483.0,18483.0,18552.0,18557.0,18618.0,18618.0,18618.0,18618.0,18618.0,18618.0,18618.0,18618.0,18618.0,18660.0,18744.0,18857.0,18976.0,19101.0,19225.0,19326.0,19416.0,19527.0,19578.0,19614.0,19697.0,19740.0,19755.0,19808.0,19858.0,19948.0,20023.0,20125.0,20249.0,20345.0,20458.0,20541.0,20617.0,20747.0,20844.0,20970.0,21048.0,21172.0,21292.0,21344.0,21412.0,21481.0,21599.0,21677.0,21788.0,21823.0,21823.0,21823.0,21831.0,21873.0,21911.0,21923.0,21966.0,22032.0,22078.0,22122.0,22158.0,22190.0,22190.0,22196.0,22277.0,22299.0,22349.0,22445.0,22470.0,22553.0,22635.0,22711.0,22797.0,22844.0,22904.0,22959.0,22959.0,22959.0,23017.0,23033.0,23074.0,23083.0,23141.0,23141.0,23188.0,23281.0,23375.0,23422.0,23496.0,23620.0,23744.0,23869.0,23993.0,24116.0,24171.0,24271.0,24357.0,24357.0,24392.0,24392.0,24507.0,24619.0,24705.0,24828.0,24948.0,25066.0,25174.0,25290.0,25412.0,25536.0,25635.0,25635.0,25673.0,25768.0,25808.0,25932.0,26024.0,26103.0,26138.0,26218.0,26323.0,26383.0,26486.0,26510.0,26613.0,26679.0,26679.0,26679.0,26679.0,26679.0,26679.0,26679.0,26679.0,26679.0,26679.0,26679.0,26679.0,26679.0,26679.0,26721.0,26836.0,26884.0,26965.0,27070.0,27136.0,27141.0,27141.0,27141.0,27141.0,27141.0,27141.0,27141.0,27141.0,27141.0,27141.0,27141.0,27141.0,27141.0,27141.0,27141.0,27141.0,27141.0,27152.0,27165.0,27165.0,27165.0,27165.0,27165.0,27165.0,27165.0,27165.0,27165.0,27165.0,27165.0,27225.0,27353.0,27478.0,27558.0,27558.0,27558.0,27558.0,27572.0,27572.0,27572.0,27572.0,27572.0,27572.0,27572.0,27572.0,27572.0,27572.0,27572.0,27572.0,27572.0,27572.0,27572.0,27572.0,27572.0,27572.0,27572.0,27572.0,27572.0,27572.0,27572.0,27572.0,27572.0,27572.0,27572.0,27572.0,27572.0,27572.0,27572.0,27572.0,27572.0,27572.0,,,,,,,,,,,,,,,,,,,,,,,,,,,,,,,,,,,,,,,,,,,,,,,,,,,,,,,,,,,,,,,,,,,,,,,,,,,,,,,,,,,,,,,,,,,,,,,,,,,,,,,,,,,,,,,,,,,,,,,,,,,,,,,,,,,,,,,,,,,,,,,,,,,,,,,,,,,,,,,,,,,,,,,,,,,,,,,,,,,,,,,,,,,,,,,,,,,,,,,,,,,,,,,,,,,,,,,,,,,,,,,,,,,,,,,
2018-02-04,ios,,,,,,,,,,,,,,,,,,,,,,,,,,,,,,,,,,,,,,,,,,,,,,,,,,,,,,,,,,,,,,,,,,,,,,,,,,,,,,,,,,,,,,,,,,,,,,,,,,,,,,,,,,,,,,,,,,,,,,,,,,,,,,,,,,,,,,,,,,,,,,,,,,,,,,,,,,,,,,,,,,,,,,,,,,,,,,,,,,,,,,,,,,,,,,,,,,,,,,,,,,,,,,,,,,,,,,,,,,,,,,,,,,,,,,,,,,,,,,,,,,,,,,,,,,,,,,,,,,,,,,,,,,,,,,,,,,,,,,,,,,,,,,,,,,,,,,,,,,,,,,,,,,63.0,63.0,71.0,93.0,106.0,106.0,106.0,149.0,267.0,389.0,513.0,631.0,753.0,874.0,997.0,1096.0,1186.0,1216.0,1322.0,1325.0,1325.0,1325.0,1325.0,1325.0,1391.0,1391.0,1391.0,1411.0,1415.0,1462.0,1573.0,1624.0,1665.0,1718.0,1786.0,1835.0,1934.0,2051.0,2105.0,2121.0,2221.0,2236.0,2289.0,2306.0,2414.0,2414.0,2501.0,2600.0,2735.0,2913.0,3087.0,3264.0,3443.0,3567.0,3671.0,3846.0,3965.0,4143.0,4322.0,4503.0,4659.0,4781.0,4962.0,5126.0,5300.0,5481.0,5662.0,5840.0,6018.0,6198.0,6378.0,6549.0,6731.0,6908.0,7084.0,7263.0,7443.0,7625.0,7806.0,7876.0,7944.0,8101.0,8285.0,8468.0,8650.0,8833.0,9011.0,9195.0,9376.0,9557.0,9741.0,9922.0,10106.0,10288.0,10470.0,10653.0,10834.0,11006.0,11187.0,11370.0,11552.0,11736.0,11917.0,12097.0,12279.0,12457.0,12572.0,12751.0,12932.0,13100.0,13280.0,13461.0,13636.0,13816.0,13979.0,14161.0,14342.0,14523.0,14703.0,14883.0,15053.0,15238.0,15423.0,15609.0,15784.0,15954.0,16139.0,16313.0,16496.0,16681.0,16855.0,17034.0,17216.0,17398.0,17582.0,17767.0,17952.0,18142.0,18333.0,18519.0,18707.0,18882.0,19068.0,19255.0,19430.0,19598.0,19778.0,19964.0,20131.0,20318.0,20499.0,20671.0,20842.0,21030.0,21219.0,21409.0,21599.0,21773.0,21962.0,22151.0,22343.0,22533.0,22703.0,22846.0,23031.0,23205.0,23392.0,23567.0,23759.0,23950.0,24143.0,24319.0,24493.0,24674.0,24862.0,24965.0,25003.0,25006.0,25018.0,25054.0,25054.0,25054.0,25054.0,25054.0,25054.0,25054.0,25054.0,25054.0,25054.0,25054.0,25054.0,25054.0,25054.0,25054.0,25054.0,25054.0,25054.0,25054.0,25054.0,25054.0,25054.0,25054.0,25054.0,25054.0,25054.0,25054.0,25054.0,25054.0,25054.0,25054.0,25054.0,25054.0,25054.0,25054.0,25081.0,25132.0,25189.0,25264.0,25294.0,25294.0,25294.0,25294.0,25294.0,25294.0,25294.0,25326.0,25420.0,25513.0,25565.0,25665.0,25773.0,25869.0,25968.0,26050.0,26118.0,26214.0,26311.0,26418.0,26524.0,26627.0,26732.0,26839.0,26926.0,26974.0,26986.0,27007.0,27007.0,27057.0,27069.0,27101.0,27117.0,27134.0,27134.0,27134.0,27134.0,27134.0,27134.0,27134.0,27134.0,27134.0,27134.0,27134.0,27134.0,27134.0,27134.0,27134.0,27134.0,27134.0,27134.0,27134.0,27134.0,27134.0,27134.0,27134.0,27134.0,27134.0,27134.0,27134.0,27134.0,27134.0,27134.0,27134.0,27134.0,27134.0,27134.0,27134.0,27134.0,27134.0,27134.0,27134.0,27134.0,27134.0,27134.0,27134.0,27134.0,27134.0,27134.0,27134.0,27134.0,27134.0,27195.0,27239.0,27253.0,27253.0,27253.0,27253.0,27253.0,27253.0,27253.0,27253.0,27253.0,27253.0,27253.0,27253.0,27253.0,27253.0,27253.0,27253.0,27253.0,27253.0,27253.0,27253.0,27253.0,27253.0,27253.0,27253.0,27253.0,27253.0,27253.0,27253.0,27253.0,27253.0,27253.0,27253.0,27253.0,27253.0,27253.0,27253.0,27253.0,27253.0,27253.0,27253.0,27253.0,27253.0,27253.0,27253.0,27253.0,27253.0,27253.0,27253.0,27253.0,27253.0,27253.0,27253.0,27253.0,27253.0,27253.0,27253.0,27269.0,27269.0,27269.0,27269.0,27269.0,27269.0,27269.0,27269.0,27269.0,27269.0,27269.0,27269.0,27269.0,27269.0,27269.0,27269.0,27269.0,27269.0,27269.0,27269.0,27269.0,27269.0,27269.0,27269.0,27269.0,27269.0,27269.0,27269.0,27269.0,27269.0,27269.0,27269.0,27269.0,27269.0,27269.0,27269.0,27269.0,27269.0,27269.0,27269.0,27269.0,27269.0,27269.0,27269.0,27269.0,27269.0,27269.0,27269.0,27269.0,27269.0,27269.0,27269.0,27269.0,27269.0,27269.0,27269.0,27269.0,27269.0,27269.0,27269.0,27269.0,27269.0,27269.0,27269.0,27269.0,27269.0,27269.0,27269.0,27269.0,27269.0,27269.0,27269.0,27269.0,27269.0,27269.0,27269.0,27269.0,27269.0,27269.0,27269.0,27269.0,27269.0,27269.0,27269.0,27269.0,27269.0,27269.0,27269.0,27269.0,27269.0,27269.0,27269.0,27269.0,27269.0,27269.0,27269.0,27269.0,27269.0,27269.0,27269.0,27269.0,27269.0,27269.0,27269.0,27269.0,27269.0,27269.0,27269.0,27269.0,27269.0,27269.0,27269.0,27269.0,27269.0,27269.0,27292.0,27343.0,27344.0,27344.0,27376.0,27392.0,27392.0,27392.0,27392.0,27392.0,27392.0,27392.0,27392.0,27392.0,27392.0,27392.0,27392.0,27392.0,27392.0,27404.0,27424.0,27424.0,27424.0,27424.0,27424.0,27424.0,27424.0,27445.0,27453.0,27493.0,27507.0,27507.0,27507.0,27550.0,27550.0,27566.0,27566.0,27566.0,27584.0,27584.0,27584.0,27584.0,27584.0,27584.0,27584.0,27584.0,27584.0,27584.0,27584.0,27584.0,27584.0,27584.0,27584.0,27584.0,27584.0,27584.0,27584.0,27584.0,27584.0,27584.0,27584.0,27584.0,27584.0,27584.0,27584.0,27584.0,27584.0,27584.0,27584.0,27584.0,27584.0,27584.0,27584.0,27584.0,27584.0,27584.0,27584.0,27584.0,27584.0,27584.0,27584.0,27584.0,27584.0,27584.0,27584.0,27584.0,27584.0,27584.0,27584.0,27584.0,27584.0,27584.0,27584.0,27584.0,27584.0,27584.0,27584.0,27584.0,27584.0,27584.0,27612.0,27612.0,27658.0,27724.0,27724.0,27763.0,27805.0,27805.0,27839.0,27877.0,27877.0,27877.0,27877.0,27877.0,27877.0,27877.0,27877.0,27897.0,27905.0,27905.0,27905.0,27905.0,27905.0,27919.0,27919.0,27919.0,27919.0,27919.0,27919.0,27919.0,27919.0,27935.0,27935.0,27935.0,27935.0,27935.0,27953.0,28014.0,28044.0,28045.0,28054.0,28054.0,28054.0,28058.0,28098.0,28111.0,28111.0,28111.0,28122.0,28198.0,28211.0,28211.0,28214.0,28215.0,28215.0,28215.0,28238.0,28299.0,28342.0,28382.0,28491.0,28601.0,28710.0,28820.0,28830.0,28842.0,28842.0,28842.0,28842.0,28885.0,28954.0,28954.0,28954.0,28954.0,28954.0,28954.0,28954.0,28954.0,28964.0,28966.0,29036.0,29048.0,29116.0,29218.0,29264.0,29335.0,29335.0,29335.0,29427.0,29510.0,29584.0,29584.0,29584.0,29624.0,29704.0,29704.0,29704.0,29704.0,29704.0,29704.0,29704.0,29704.0,29704.0,29722.0,29800.0,29909.0,29917.0,29917.0,29917.0,29917.0,29917.0,29917.0,29926.0,29926.0,29926.0,29926.0,29926.0,29926.0,29926.0,29926.0,29926.0,29926.0,29926.0,29926.0,29926.0,29934.0,29934.0,29934.0,29934.0,29934.0,29934.0,29934.0,29934.0,29980.0,30011.0,30036.0,30036.0,30036.0,30036.0,30056.0,30130.0,30130.0,30130.0,30130.0,30130.0,30130.0,30130.0,30130.0,30130.0,30130.0,30130.0,30130.0,30130.0,30214.0,30291.0,30339.0,30358.0,30358.0,30358.0,30397.0,30493.0,30575.0,30680.0,30684.0,30684.0,30746.0,30766.0,30766.0,30766.0,30766.0,30766.0,30766.0,30766.0,30766.0,30766.0,30766.0,30766.0,30784.0,30784.0,30784.0,30784.0,30784.0,30784.0,30784.0,30784.0,30784.0,30784.0,30784.0,30784.0,30797.0,30804.0,30804.0,30804.0,30804.0,30804.0,30804.0,30814.0,30814.0,30814.0,30814.0,30814.0,30814.0,30814.0,30814.0,30814.0,30814.0,30814.0,30814.0,30814.0,30814.0,30814.0,30814.0,30828.0,30834.0,30834.0,30834.0,30834.0,30834.0,30834.0,30834.0,30834.0,30834.0,30834.0,30905.0,30954.0,31036.0,31118.0,31118.0,31118.0,31118.0,31118.0,31129.0,31129.0,31168.0,31168.0,31168.0,31190.0,31190.0,31190.0,31190.0,31190.0,31190.0,31190.0,31190.0,31190.0,31190.0,31190.0,31190.0,31190.0,31190.0,31190.0,31190.0,31190.0,31190.0,31190.0,31190.0,31190.0,31190.0,31190.0,31190.0,31190.0,31190.0,31190.0,31190.0,31190.0,31190.0,31190.0,31190.0,31304.0,31349.0,31450.0,31553.0,31585.0,31585.0,31585.0,31585.0,31585.0,31585.0,31607.0,31607.0,31607.0,31607.0,31607.0,31607.0,31607.0,31607.0,31607.0,31607.0,31607.0,31607.0,31607.0,31607.0,31607.0,31607.0,31607.0,31607.0,31607.0,31607.0,31607.0,31607.0,31607.0,31607.0,31621.0,31621.0,31621.0,31621.0,31621.0,31621.0,31621.0,31621.0,31621.0,31621.0,31621.0,31643.0,31787.0,31882.0,31979.0,32016.0,32023.0,32042.0,32044.0,32044.0,32044.0,32044.0,32044.0,32044.0,32044.0,32044.0,32044.0,32044.0,32044.0,32044.0,32044.0,32044.0,32044.0,32044.0,32044.0,32044.0,32044.0,32044.0,32044.0,32044.0,32044.0,32044.0,32044.0,32053.0,32053.0,32053.0,32053.0,32053.0,32053.0,32053.0,32053.0,32053.0,32053.0,32053.0,32053.0,32053.0,32053.0,32053.0,32053.0,32053.0,32053.0,32053.0,32053.0,32053.0,32053.0,32053.0,32053.0,32053.0,32053.0,32053.0,32053.0,32053.0,32053.0,32053.0,32053.0,32053.0,32053.0,32053.0,32053.0,32053.0,32053.0,32053.0,32053.0,32053.0,32053.0,32053.0,32053.0,32053.0,32053.0,32053.0,32053.0,32053.0,32053.0,32053.0,32053.0,32053.0,32053.0,32053.0,32053.0,32053.0,32053.0,32053.0,32053.0,32053.0,32053.0,32053.0,32053.0,32053.0,32053.0,32053.0,32053.0,32053.0,32053.0,32053.0,32053.0,32053.0,32053.0,32053.0,32053.0,32053.0,32053.0,32053.0,32053.0,32053.0,32053.0,32053.0,32053.0,32053.0,32053.0,32053.0,32053.0,32053.0,32053.0,32053.0,32053.0,32053.0,32053.0,32053.0,32053.0,32053.0,32053.0,32053.0,32053.0,32053.0,32053.0,32053.0,32053.0,32053.0,32053.0,32053.0,32053.0,32053.0,32053.0,32053.0,32053.0,32053.0,32053.0,32053.0,32053.0,32053.0,32053.0,32053.0,32053.0,32053.0,32053.0,32053.0,32053.0,32053.0,32053.0,32053.0,32053.0,32053.0,32053.0,32053.0,32053.0,32053.0,32053.0,32053.0,32053.0,32053.0,32053.0,32053.0,32053.0,32053.0,32053.0,32053.0,32053.0,32053.0,32053.0,32053.0,32053.0,32053.0,32053.0,32053.0,32053.0,32053.0,32053.0,32053.0,32053.0,32053.0,32053.0,32053.0,32053.0,32053.0,32053.0,32053.0,32053.0,32053.0,32053.0,32053.0,32053.0,32053.0,32053.0,32053.0,32053.0,32053.0,32053.0,32053.0,32053.0,32053.0,32053.0,32053.0,32053.0,32053.0,32053.0,32053.0,32053.0,32053.0,32053.0,32053.0,32053.0,32053.0,32053.0,32053.0,32053.0,32053.0,32053.0,32053.0,32053.0,32053.0,32053.0,32053.0,32053.0,32053.0,32053.0,32053.0,32053.0,32053.0,32053.0,32053.0,32053.0,32053.0,32053.0,32053.0,32053.0,32053.0,,,,
2018-02-05,ios,,,,,27.0,64.0,64.0,64.0,64.0,64.0,96.0,99.0,99.0,99.0,99.0,120.0,162.0,277.0,329.0,405.0,425.0,425.0,425.0,425.0,425.0,425.0,425.0,445.0,445.0,445.0,445.0,445.0,445.0,461.0,516.0,534.0,534.0,534.0,542.0,560.0,565.0,565.0,565.0,565.0,565.0,565.0,565.0,673.0,701.0,779.0,780.0,809.0,911.0,945.0,977.0,1080.0,1129.0,1129.0,1174.0,1293.0,1299.0,1319.0,1375.0,1375.0,1375.0,1375.0,1375.0,1375.0,1375.0,1375.0,1375.0,1375.0,1375.0,1375.0,1375.0,1385.0,1390.0,1390.0,1390.0,1390.0,1390.0,1390.0,1390.0,1390.0,1390.0,1390.0,1390.0,1390.0,1390.0,1390.0,1390.0,1390.0,1390.0,1390.0,1390.0,1390.0,1390.0,1390.0,1390.0,1390.0,1390.0,1390.0,1390.0,1390.0,1390.0,1390.0,1459.0,1517.0,1534.0,1534.0,1551.0,1566.0,1583.0,1594.0,1594.0,1594.0,1594.0,1594.0,1594.0,1594.0,1594.0,1594.0,1594.0,1594.0,1594.0,1594.0,1594.0,1594.0,1594.0,1594.0,1594.0,1594.0,1594.0,1594.0,1594.0,1594.0,1594.0,1594.0,1594.0,1594.0,1594.0,1594.0,1594.0,1594.0,1594.0,1594.0,1594.0,1594.0,1594.0,1594.0,1594.0,1594.0,1594.0,1594.0,1594.0,1594.0,1594.0,1594.0,1594.0,1594.0,1594.0,1594.0,1594.0,1594.0,1594.0,1594.0,1594.0,1594.0,1594.0,1594.0,1594.0,1594.0,1594.0,1594.0,1594.0,1594.0,1594.0,1594.0,1594.0,1594.0,1594.0,1594.0,1594.0,1594.0,1594.0,1594.0,1594.0,1594.0,1594.0,1594.0,1594.0,1594.0,1594.0,1594.0,1594.0,1594.0,1594.0,1594.0,1594.0,1594.0,1594.0,1594.0,1594.0,1594.0,1594.0,1594.0,1594.0,1594.0,1594.0,1594.0,1594.0,1594.0,1594.0,1594.0,1594.0,1594.0,1594.0,1594.0,1594.0,1594.0,1594.0,1594.0,1594.0,1594.0,1594.0,1594.0,1594.0,1594.0,1594.0,1594.0,1594.0,1594.0,1594.0,1594.0,1594.0,1594.0,1594.0,1594.0,1594.0,1594.0,1594.0,1594.0,1594.0,1594.0,1594.0,1594.0,1594.0,1594.0,1594.0,1594.0,1594.0,1594.0,1594.0,1594.0,1594.0,1594.0,1594.0,1594.0,1594.0,1594.0,1594.0,1594.0,1594.0,1594.0,1594.0,1594.0,1594.0,1594.0,1594.0,1594.0,1594.0,1594.0,1594.0,1594.0,1594.0,1594.0,1594.0,1594.0,1594.0,1594.0,1594.0,1594.0,1594.0,1594.0,1594.0,1594.0,1594.0,1594.0,1594.0,1594.0,1594.0,1594.0,1594.0,1594.0,1594.0,1594.0,1594.0,1594.0,1594.0,1594.0,1594.0,1594.0,1594.0,1594.0,1594.0,1594.0,1594.0,1594.0,1594.0,1594.0,1594.0,1594.0,1594.0,1594.0,1594.0,1594.0,1594.0,1594.0,1594.0,1594.0,1594.0,1594.0,1594.0,1594.0,1594.0,1594.0,1594.0,1594.0,1594.0,1594.0,1594.0,1594.0,1594.0,1594.0,1594.0,1594.0,1594.0,1594.0,1594.0,1594.0,1594.0,1594.0,1594.0,1594.0,1594.0,1594.0,1594.0,1594.0,1594.0,1594.0,1594.0,1594.0,1594.0,1594.0,1594.0,1594.0,1594.0,1594.0,1594.0,1594.0,1594.0,1594.0,1594.0,1594.0,1594.0,1594.0,1594.0,1594.0,1594.0,1594.0,1594.0,1594.0,1594.0,1594.0,1594.0,1594.0,1594.0,1594.0,1594.0,1594.0,1594.0,1594.0,1594.0,1594.0,1594.0,1594.0,1594.0,1594.0,1594.0,1594.0,1594.0,1594.0,1594.0,1594.0,1594.0,1594.0,1594.0,1594.0,1594.0,1594.0,1594.0,1594.0,1594.0,1594.0,1594.0,1594.0,1594.0,1594.0,1594.0,1594.0,1594.0,1594.0,1594.0,1594.0,1594.0,1594.0,1594.0,1594.0,1594.0,1594.0,1594.0,1594.0,1594.0,1594.0,1594.0,1594.0,1594.0,1594.0,1594.0,1594.0,1594.0,1594.0,1594.0,1594.0,1594.0,1594.0,1594.0,1594.0,1594.0,1594.0,1594.0,1594.0,1594.0,1594.0,1594.0,1594.0,1594.0,1594.0,1600.0,1600.0,1608.0,1608.0,1608.0,1608.0,1608.0,1608.0,1608.0,1608.0,1608.0,1608.0,1608.0,1608.0,1608.0,1624.0,1624.0,1624.0,1624.0,1624.0,1624.0,1624.0,1624.0,1624.0,1624.0,1624.0,1624.0,1624.0,1624.0,1624.0,1624.0,1624.0,1624.0,1624.0,1624.0,1624.0,1624.0,1624.0,1624.0,1624.0,1624.0,1624.0,1624.0,1624.0,1624.0,1624.0,1624.0,1624.0,1624.0,1624.0,1624.0,1624.0,1624.0,1624.0,1624.0,1624.0,1624.0,1624.0,1624.0,1624.0,1624.0,1624.0,1624.0,1624.0,1624.0,1624.0,1624.0,1624.0,1624.0,1624.0,1624.0,1624.0,1624.0,1624.0,1624.0,1624.0,1624.0,1624.0,1624.0,1624.0,1624.0,1624.0,1624.0,1624.0,1624.0,1624.0,1624.0,1624.0,1624.0,1624.0,1624.0,1624.0,1624.0,1624.0,1624.0,1624.0,1624.0,1624.0,1624.0,1624.0,1624.0,1624.0,1624.0,1624.0,1624.0,1624.0,1624.0,1624.0,1624.0,1624.0,1624.0,1624.0,1624.0,1624.0,1624.0,1624.0,1624.0,1624.0,1624.0,1624.0,1624.0,1624.0,1624.0,1624.0,1624.0,1624.0,1624.0,1624.0,1624.0,1624.0,1624.0,1624.0,1624.0,1624.0,1624.0,1624.0,1624.0,1624.0,1624.0,1624.0,1624.0,1624.0,1624.0,1624.0,1624.0,1624.0,1624.0,1624.0,1624.0,1624.0,1624.0,1624.0,1624.0,1624.0,1624.0,1624.0,1624.0,1624.0,1624.0,1624.0,1624.0,1624.0,1624.0,1624.0,1624.0,1624.0,1624.0,1624.0,1624.0,1624.0,1624.0,1624.0,1624.0,1624.0,1624.0,1624.0,1624.0,1624.0,1624.0,1624.0,1624.0,1624.0,1624.0,1624.0,1624.0,1624.0,1624.0,1624.0,1624.0,1624.0,1624.0,1624.0,1624.0,1624.0,1624.0,1624.0,1624.0,1624.0,1624.0,1624.0,1624.0,1624.0,1624.0,1624.0,1624.0,1624.0,1624.0,1624.0,1624.0,1624.0,1624.0,1624.0,1624.0,1624.0,1624.0,1624.0,1624.0,1624.0,1624.0,1624.0,1624.0,1624.0,1624.0,1624.0,1624.0,1624.0,1624.0,1624.0,1624.0,1624.0,1624.0,1624.0,1624.0,1624.0,1624.0,1624.0,1624.0,1624.0,1624.0,1624.0,1624.0,1624.0,1624.0,1624.0,1624.0,1624.0,1624.0,1624.0,1624.0,1624.0,1624.0,1624.0,1624.0,1624.0,1624.0,1624.0,1624.0,1624.0,1624.0,1624.0,1624.0,1624.0,1624.0,1624.0,1624.0,1624.0,1624.0,1624.0,1624.0,1624.0,1624.0,1624.0,1624.0,1624.0,1624.0,1624.0,1624.0,1624.0,1624.0,1624.0,1624.0,1624.0,1624.0,1624.0,1624.0,1624.0,1624.0,1624.0,1624.0,1624.0,1624.0,1624.0,1624.0,1624.0,1624.0,1624.0,1624.0,1624.0,1624.0,1624.0,1624.0,1624.0,1624.0,1624.0,1624.0,1624.0,1624.0,1624.0,1624.0,1624.0,1624.0,1624.0,1624.0,1624.0,1624.0,1624.0,1624.0,1624.0,1624.0,1624.0,1624.0,1624.0,1624.0,1624.0,1624.0,1624.0,1624.0,1624.0,1624.0,1624.0,1624.0,1624.0,1624.0,1624.0,1624.0,1624.0,1624.0,1624.0,1624.0,1624.0,1624.0,1624.0,1624.0,1624.0,1624.0,1624.0,1624.0,1624.0,1624.0,1624.0,1624.0,1624.0,1624.0,1624.0,1624.0,1624.0,1624.0,1624.0,1624.0,1624.0,1624.0,1624.0,1624.0,1624.0,1624.0,1624.0,1624.0,1624.0,1624.0,1624.0,1624.0,1624.0,1624.0,1624.0,1624.0,1624.0,1624.0,1624.0,1624.0,1624.0,1624.0,1624.0,1624.0,1624.0,1624.0,1624.0,1624.0,1624.0,1624.0,1624.0,1624.0,1624.0,1624.0,1624.0,1624.0,1624.0,1624.0,1624.0,1624.0,1624.0,1624.0,1624.0,1624.0,1624.0,1624.0,1624.0,1624.0,1624.0,1624.0,1624.0,1624.0,1624.0,1624.0,1624.0,1624.0,1624.0,1624.0,1624.0,1624.0,1624.0,1624.0,1624.0,1624.0,1624.0,1624.0,1624.0,1624.0,1624.0,1624.0,1624.0,1624.0,1624.0,1624.0,1624.0,1624.0,1624.0,1624.0,1624.0,1624.0,1624.0,1624.0,1624.0,1624.0,1624.0,1642.0,1643.0,1643.0,1643.0,1643.0,1643.0,1643.0,1643.0,1643.0,1643.0,1643.0,1643.0,1643.0,1643.0,1643.0,1643.0,1643.0,1643.0,1643.0,1643.0,1660.0,1742.0,1855.0,1868.0,1868.0,1868.0,1868.0,1868.0,1868.0,1868.0,1868.0,1889.0,1889.0,,,,,,,,,,,,,,,,,,,,,,,,,,,,,,,,,,,,,,,,,,,,,,,,,,,,,,,,,,,,,,,,,,,,,,,,,,,,,,,,,,,,,,,,,,,,,,,,,,,,,,,,,,,,,,,,,,,,,,,,,,,,,,,,,,,,,,,,,,,,,,,,,,,,,,,,,,,,,,,,,,,,,,,,,,,,,,,,,,,,,,,,,,,,,,,,,,,,,,,,,,,,,,,,,,,,,,,,,,,,,,,,,,,,,,,,,,,,,,,,,,,,,,,,,,,,,,,,,,,,,,,,,,,,,,,,,,,,,,,,,,,,,,,,,,,,,,,,,,,,,,,,,,,,,,,,,,,,,,,,,,,,,,,,,,,,,,,,,,,,,,,,,,,,,,,,,,,,,,,,,,,,,,,,,,,,,,,,,,,,,,,,,,,,,,,,,,,,,,,,,,,,,,,,,,,,,,,,,,,,,,,,,,,,,,,,,,,,,,,,,,,,,,,,,,,,,,,,,,,,,,,,,,,,,,,,,,,,,,,,,,,,,,,,,,,,,,,,,,,,,,,,,,,,,,,,,,,
2018-02-07,ios,,,,,,,,,,,,,,,,,,,,,,,,,,,,,,,,,,,,,,,,,,,,,,,,,,,,,,,,,,,,,,,,,,,,,,,,,,,,,,,,,,,,,,,,,,,,,,,,,,,,,,,,,,,,,,,,,,,,,,,,,,,,,,,,,,,,,,,,,,,,,,,,,,,,,,,,,,,,,,,,,,,,,,,,,,,,,,,,,,,,,,,,,,,,,,,,,,,,,,,,,,,,,,,,,,,,,,,,,,,,,,,,,,,,,,,,,,,,,,,,,,,,,,,,,,,,,,,,,,,,,,,,,,,,,,,,,,,,,,,,,,,,,,,,,,,,,,,,,,,,,,,,,,,,,,,,,,,,,,,,,,,,,,,,,,,,,,,,,,,,,,,,,,,,,,,,,,,,,,,,,,,,,,,,,,,,,,,,,,,,,,,,,,,,,,,,,,,,,,,,,,,,,,,,,,,,,,,,,,,,,,,,,,,,,,,,,,,,,,,,,,,,,,,,,,,,,,,,,,,,,,,,,,,,,,,8.0,17.0,17.0,17.0,17.0,17.0,17.0,17.0,17.0,17.0,17.0,17.0,17.0,17.0,17.0,17.0,17.0,17.0,17.0,17.0,17.0,17.0,17.0,17.0,17.0,17.0,17.0,17.0,17.0,17.0,17.0,17.0,17.0,17.0,17.0,17.0,17.0,17.0,17.0,17.0,17.0,17.0,17.0,17.0,17.0,17.0,17.0,17.0,17.0,17.0,17.0,17.0,17.0,17.0,17.0,17.0,17.0,17.0,17.0,17.0,17.0,17.0,35.0,35.0,128.0,232.0,315.0,400.0,513.0,547.0,547.0,547.0,547.0,547.0,547.0,547.0,547.0,547.0,547.0,547.0,547.0,547.0,547.0,547.0,547.0,547.0,547.0,547.0,547.0,547.0,547.0,547.0,547.0,547.0,547.0,547.0,547.0,547.0,547.0,547.0,547.0,547.0,547.0,547.0,547.0,547.0,547.0,547.0,547.0,547.0,547.0,547.0,547.0,547.0,547.0,547.0,547.0,547.0,547.0,547.0,547.0,547.0,547.0,547.0,547.0,547.0,547.0,547.0,547.0,547.0,547.0,547.0,547.0,547.0,547.0,547.0,547.0,547.0,547.0,547.0,547.0,547.0,547.0,547.0,547.0,547.0,547.0,547.0,547.0,547.0,547.0,547.0,547.0,547.0,547.0,547.0,547.0,547.0,547.0,634.0,754.0,810.0,810.0,832.0,943.0,1022.0,1057.0,1177.0,1284.0,1364.0,1479.0,1589.0,1702.0,1802.0,1827.0,1891.0,1901.0,1901.0,1912.0,1912.0,1912.0,1912.0,1912.0,1912.0,1912.0,1912.0,1912.0,1912.0,1912.0,1912.0,1912.0,1912.0,1912.0,1925.0,1925.0,1925.0,1925.0,1925.0,1925.0,1925.0,1925.0,1925.0,1969.0,2060.0,2163.0,2268.0,2278.0,2372.0,2454.0,2542.0,2548.0,2548.0,2548.0,2548.0,2548.0,2548.0,2548.0,2557.0,2562.0,2562.0,2562.0,2562.0,2610.0,2734.0,2777.0,2777.0,2845.0,2946.0,3053.0,3158.0,3263.0,3271.0,3386.0,3480.0,3578.0,3584.0,3584.0,3682.0,3794.0,3832.0,3832.0,3832.0,3832.0,3832.0,3832.0,3917.0,3993.0,3993.0,3993.0,3993.0,3993.0,3993.0,3993.0,3993.0,3993.0,3993.0,3993.0,3993.0,3993.0,3993.0,3993.0,3993.0,3993.0,3993.0,3993.0,3993.0,3993.0,4007.0,4018.0,4018.0,4018.0,4018.0,4018.0,4018.0,4028.0,4028.0,4028.0,4028.0,4028.0,4034.0,4056.0,4056.0,4056.0,4056.0,4056.0,4056.0,4056.0,4056.0,4056.0,4056.0,4056.0,4056.0,4056.0,4056.0,4056.0,4056.0,4056.0,4056.0,4056.0,4056.0,4056.0,4056.0,4056.0,4056.0,4056.0,4056.0,4056.0,4056.0,4056.0,4056.0,4056.0,4056.0,4056.0,4056.0,4056.0,4056.0,4056.0,4056.0,4056.0,4056.0,4056.0,4056.0,4056.0,4056.0,4113.0,4234.0,4319.0,4319.0,4319.0,4319.0,4319.0,4319.0,4319.0,4319.0,4319.0,4319.0,4319.0,4319.0,4319.0,4319.0,4319.0,4319.0,4319.0,4319.0,4319.0,4319.0,4319.0,4319.0,4319.0,4319.0,4319.0,4319.0,4319.0,4319.0,4319.0,4319.0,4319.0,4319.0,4394.0,4504.0,4598.0,4598.0,4598.0,4598.0,4598.0,4598.0,4598.0,4598.0,4598.0,4598.0,4598.0,4598.0,4598.0,4598.0,4598.0,4598.0,4598.0,4598.0,4598.0,4598.0,4598.0,4598.0,4598.0,4598.0,4598.0,4598.0,4598.0,4598.0,4598.0,4598.0,4598.0,4598.0,4598.0,4598.0,4598.0,4598.0,4598.0,4598.0,4598.0,4598.0,4598.0,4676.0,4786.0,4789.0,4804.0,4804.0,4817.0,4842.0,4910.0,4921.0,5007.0,5012.0,5012.0,5030.0,5030.0,5030.0,5030.0,5030.0,5030.0,5030.0,5041.0,5097.0,5216.0,5335.0,5458.0,5583.0,5706.0,5741.0,5843.0,5921.0,5999.0,6115.0,6230.0,6326.0,6446.0,6562.0,6673.0,6757.0,6797.0,6875.0,6993.0,7066.0,7118.0,7118.0,7135.0,7230.0,7336.0,7448.0,7562.0,7690.0,7770.0,7868.0,7882.0,8003.0,8119.0,8224.0,8342.0,8456.0,8549.0,8663.0,8771.0,8888.0,9008.0,9125.0,9181.0,9305.0,9429.0,9475.0,9480.0,9480.0,9548.0,9612.0,9664.0,9726.0,9786.0,9859.0,9874.0,9887.0,9983.0,10050.0,10060.0,10082.0,10082.0,10082.0,10082.0,10082.0,10082.0,10159.0,10276.0,10394.0,10515.0,10632.0,10737.0,10835.0,10962.0,11024.0,11136.0,11160.0,11184.0,11247.0,11274.0,11292.0,11306.0,11315.0,11330.0,11378.0,11392.0,11403.0,11483.0,11484.0,11484.0,11484.0,11546.0,11555.0,11555.0,11569.0,11632.0,11739.0,11861.0,11986.0,12115.0,12235.0,12245.0,12245.0,12245.0,12245.0,12245.0,12245.0,12245.0,12245.0,12245.0,12245.0,12245.0,12245.0,12245.0,12245.0,12245.0,12245.0,12315.0,12435.0,12554.0,12671.0,12786.0,12874.0,13008.0,13125.0,13241.0,13356.0,13452.0,13486.0,13495.0,13495.0,13514.0,13634.0,13756.0,13799.0,13816.0,13816.0,13816.0,13816.0,13816.0,13816.0,13816.0,13816.0,13816.0,13816.0,13816.0,13816.0,13816.0,13816.0,13816.0,13816.0,13816.0,13816.0,13816.0,13816.0,13816.0,13816.0,13816.0,13816.0,13816.0,13816.0,13816.0,13816.0,13816.0,13816.0,13816.0,13816.0,13816.0,13816.0,13816.0,13816.0,13816.0,13816.0,13816.0,13816.0,13816.0,13816.0,13816.0,13816.0,13816.0,13816.0,13816.0,13816.0,13816.0,13816.0,13830.0,13830.0,13830.0,13830.0,13830.0,13830.0,13830.0,13830.0,13830.0,13830.0,13830.0,13830.0,13830.0,13830.0,13830.0,13830.0,13830.0,13830.0,13830.0,13830.0,13830.0,13830.0,13830.0,13830.0,13830.0,13830.0,13830.0,13830.0,13830.0,13830.0,13830.0,13830.0,13830.0,13830.0,13830.0,13830.0,13830.0,13830.0,13830.0,13830.0,13830.0,13830.0,13830.0,13830.0,13830.0,13830.0,13830.0,13830.0,13830.0,13830.0,13830.0,13830.0,13830.0,13830.0,13830.0,13830.0,13830.0,13830.0,13830.0,13830.0,,,,,,,,,,,,,,,,,,,,,,,,,,,,,,,,,,,,,,,,,,,,,,,,,,,,,,,,,,,,,,,,,,,,,,,,,,,,,,,,,,,,,,,,,,,,,,,,,,,,,,,,,,,,,,,,,,,,,,,,,,,,,,,,,,,,,,,,,,,,,,,,,,,,,,,,,,,,,,,,,,,,,,,,,,,,,,,,,,,,,,,,,,,,,,,,,,,,,,,,,,,,,,,,,,,,,,,,,,,,,,,,,,,,,,,,,,,,,,,,,,,,,,,,,,,,,,,,,,,,,,,,,,,,,,,,,,,,,,,,,,,,,,,,,,,,,,,,,,,,,,,,
2018-03-14,ios,,,,,,,,,,,,,,,,,,,,,,,,,,,,,,,,,,,,,,,,,,,,,,,,,,,,,,,,,,,,,,,,,,,,,,,,,,,,,,,,,,,,,,,,,,,,,,,,,,,,,,,,,,,,,,,,,,,,,,,,,,,,,,,,,,,,,,,,,,,,,,,,,,,,,,,,,,,,,,,,,,,,,,,,,,,,,,,,,,,,,,,,,,,,,,,,,,,,,,,,,,,,,,,,,,,,,,,,,,,,,,,,,,,,,,,,,,,,,,,,,,,,,,,,,,,,,,,,,,,,,,,,,,,,,,,,,,,,,,,,,,,,,,,,,,,,,,,,,,,,,,,,,,,,,,,,,,,,,,,,,,,,,,,,,,,,,,,,,,,,,,,,,,,,,,,,,,,,,,,,,,,,,,,,,,,,,,,,,,,,,,,,,,,,,,,,,,,,,,,,,,,,,,,,,,,,,,,,,,,,,,,,,11.0,11.0,11.0,11.0,11.0,11.0,11.0,11.0,11.0,11.0,11.0,11.0,11.0,11.0,11.0,11.0,11.0,11.0,11.0,11.0,11.0,11.0,11.0,11.0,11.0,11.0,11.0,11.0,11.0,11.0,11.0,11.0,11.0,11.0,11.0,11.0,11.0,11.0,11.0,11.0,11.0,11.0,11.0,11.0,11.0,11.0,11.0,11.0,11.0,11.0,11.0,40.0,41.0,41.0,41.0,41.0,41.0,130.0,191.0,252.0,366.0,470.0,584.0,701.0,818.0,934.0,991.0,991.0,991.0,991.0,991.0,991.0,991.0,991.0,991.0,991.0,991.0,991.0,991.0,991.0,991.0,991.0,1071.0,1190.0,1305.0,1417.0,1527.0,1643.0,1744.0,1744.0,1744.0,1744.0,1744.0,1744.0,1744.0,1744.0,1744.0,1744.0,1824.0,1898.0,1898.0,1898.0,1898.0,1898.0,1898.0,1898.0,1898.0,1898.0,1898.0,1898.0,1898.0,1898.0,1898.0,1898.0,1898.0,1898.0,1898.0,1898.0,1898.0,1898.0,1898.0,1898.0,1898.0,1898.0,1898.0,1898.0,1898.0,1898.0,1898.0,1898.0,1898.0,1898.0,1898.0,1898.0,1898.0,1898.0,1898.0,1898.0,1898.0,1898.0,1898.0,1898.0,1898.0,1898.0,1898.0,1898.0,1898.0,1898.0,1898.0,1898.0,1898.0,1898.0,1898.0,1898.0,1898.0,1898.0,1898.0,1898.0,1898.0,1898.0,1898.0,1898.0,1898.0,1898.0,1898.0,1898.0,1898.0,1898.0,1898.0,1898.0,1898.0,1898.0,1898.0,1898.0,1898.0,1898.0,1898.0,1898.0,1898.0,1898.0,1898.0,1898.0,1898.0,1898.0,1898.0,1898.0,1898.0,1898.0,1898.0,1898.0,1898.0,1898.0,1898.0,1898.0,1898.0,1898.0,1898.0,1898.0,1898.0,1898.0,1898.0,1898.0,1898.0,1898.0,1898.0,1898.0,1898.0,1898.0,1898.0,1898.0,1898.0,1898.0,1898.0,1898.0,1898.0,1898.0,1898.0,1898.0,1898.0,1898.0,1898.0,1898.0,1898.0,1898.0,1898.0,1898.0,1922.0,1955.0,1955.0,1955.0,2024.0,2084.0,2084.0,2084.0,2084.0,2084.0,2084.0,2084.0,2084.0,2084.0,2084.0,2084.0,2084.0,2128.0,2250.0,2371.0,2456.0,2519.0,2539.0,2542.0,2569.0,2594.0,2603.0,2603.0,2603.0,2603.0,2603.0,2603.0,2603.0,2603.0,2603.0,2610.0,2670.0,2769.0,2886.0,3003.0,3101.0,3102.0,3102.0,3144.0,3151.0,3241.0,3313.0,3328.0,3328.0,3416.0,3486.0,3512.0,3512.0,3512.0,3512.0,3512.0,3512.0,3512.0,3512.0,3512.0,3524.0,3538.0,3538.0,3538.0,3538.0,3538.0,3538.0,3538.0,3538.0,3538.0,3538.0,3538.0,3538.0,3538.0,3538.0,3538.0,3538.0,3538.0,3538.0,3538.0,3538.0,3538.0,3538.0,3538.0,3538.0,3538.0,3538.0,3538.0,3538.0,3538.0,3538.0,3538.0,3538.0,3538.0,3538.0,3538.0,3538.0,3538.0,3538.0,3538.0,3538.0,3538.0,3538.0,3538.0,3538.0,3538.0,3538.0,3538.0,3538.0,3538.0,3538.0,3538.0,3538.0,3538.0,3538.0,3538.0,3538.0,3538.0,3538.0,3538.0,3538.0,3538.0,3538.0,3538.0,3538.0,3538.0,3538.0,3538.0,3538.0,3538.0,3538.0,3538.0,3538.0,3538.0,3538.0,3538.0,3538.0,3538.0,3538.0,3538.0,3538.0,3538.0,3538.0,3538.0,3538.0,3557.0,3557.0,3557.0,3557.0,3557.0,3557.0,3557.0,3630.0,3633.0,3644.0,3698.0,3698.0,3698.0,3698.0,3698.0,3735.0,3819.0,3830.0,3883.0,3883.0,3883.0,3883.0,3883.0,3883.0,3883.0,3883.0,3883.0,3883.0,3883.0,3883.0,3883.0,3883.0,3883.0,3883.0,3883.0,3883.0,3883.0,3883.0,3883.0,3883.0,3883.0,3883.0,3883.0,3883.0,3883.0,3883.0,3883.0,3883.0,3883.0,3883.0,3883.0,3883.0,3883.0,3883.0,3883.0,3883.0,3883.0,3883.0,3883.0,3883.0,3883.0,3883.0,3883.0,3883.0,3883.0,3883.0,3883.0,3883.0,3883.0,3883.0,3883.0,3883.0,3883.0,3883.0,3883.0,3883.0,3883.0,3883.0,3883.0,3883.0,3883.0,3883.0,3883.0,3883.0,3883.0,3883.0,3883.0,3883.0,3883.0,3883.0,3883.0,3883.0,3883.0,3883.0,3883.0,3883.0,3883.0,3883.0,3883.0,3883.0,3883.0,3891.0,3908.0,3912.0,3912.0,3912.0,3912.0,3912.0,3912.0,3912.0,3912.0,3912.0,3912.0,3912.0,3973.0,4057.0,4176.0,4186.0,4186.0,4186.0,4186.0,4186.0,4243.0,4357.0,4358.0,4358.0,4358.0,4358.0,4358.0,4358.0,4358.0,4358.0,4358.0,4358.0,4358.0,4358.0,4358.0,4358.0,4358.0,4358.0,4358.0,4358.0,4358.0,4358.0,4358.0,4358.0,4358.0,4358.0,4389.0,4402.0,4402.0,4402.0,4416.0,4450.0,4450.0,4450.0,4450.0,4450.0,4450.0,4450.0,4450.0,4450.0,,,,,,,,,,,,,,,,,,,,,,,,,,,,,,,,,,,,,,,,,,,,,,,,,,,,,,,,,,,,,,,,,,,,,,,,,,,,,,,,,,,,,,,,,,,,,,,,,,,,,,,,,,,,,,,,,,,,,,,,,,,,,,,,,,,,,,,,,,,,,,,,,,,,,,,,,,,,,,,,,,,,,,,,,,,,,,,,,,,,,,,,,,,,,,,,,,,,,,,,,,,,,,,,,,,,,,,,,,,,,,,,,,,,,,,,,,,,,,,,,,,,,,,,,,,,,,,,,,,,,,,,,,,,,,,,,,,,,,,,,,,,,,,,,,,,,,,,,,,,,,,,,,,,,,,,,,,,,,,,,,,,,,,,,,,,,,,,,,,,,,,,,,,,,,,,,,,,,,,,,,,,,,,,,,,,,,,,,,,,,,,,,,,,,,,,,,,,,,,,,,,,,,,,,,,,,,,,,,,,,,,,,,,,,,,,,,,,,,,,,,,,,,,,,,,,,,,,,,,,,,,,,,,,,,,,,,,,,,,,,,,
2018-03-15,ios,,,,,,,,,,,,,,,,,,,,,,,,,,,,,,,,,,,,,,,,,,,,,,,,,,,,,,,,,,,,,,,,,,,,,,,,,,,,,,,,,,,,,,,,,,,,,,,,,,,,,,,,,,,,,,,,,,,,,,,,,,,,,,,,,,,,,,,,,,,,,,,,,,,,,,,,,,,,,,,,,,,,,,,,,,,,,,,,,,,,,,,,,,,,,,,,,,,,,,,,,,,,,,,,,,,,,,,,,,,,,,,,,,,,,,,,,,,,,,,,,,,,,,,,,,,,,,,,,,,,,,,,,,,,,,,,,,,,,,,,,,,,,,,,,,,,,,,,,,,,,,,,,,,,,,,,,,,,,,,,,,,,,,,,,,,,,,,,,,,,,,,,,,,,,,,,,,,,,,,,,,,,,,,,,,,,,,,,,,,,,,,,,,,,,,,,,,,,,,,,,,,,,,,,,,,,,,,,,,,,,,,,,,,,,,,,,,,,,,,,,,,,,,,,,,,,,,,,,,,,,,,,,,,,,,,,,,,,,,,,,,,,,,,,,,,,,,,,,,,,,,,,,,,,,41.0,41.0,41.0,41.0,73.0,179.0,238.0,238.0,238.0,238.0,238.0,238.0,238.0,238.0,238.0,238.0,238.0,238.0,238.0,255.0,308.0,331.0,345.0,345.0,345.0,345.0,345.0,345.0,345.0,345.0,345.0,345.0,345.0,345.0,345.0,345.0,345.0,345.0,345.0,345.0,345.0,345.0,345.0,345.0,345.0,345.0,345.0,345.0,345.0,345.0,345.0,345.0,345.0,345.0,345.0,345.0,345.0,345.0,345.0,345.0,345.0,345.0,345.0,345.0,345.0,345.0,345.0,345.0,345.0,345.0,345.0,345.0,345.0,345.0,345.0,345.0,345.0,345.0,345.0,345.0,345.0,345.0,345.0,345.0,345.0,345.0,345.0,345.0,345.0,345.0,345.0,345.0,345.0,345.0,345.0,345.0,345.0,345.0,345.0,345.0,345.0,345.0,345.0,345.0,345.0,345.0,345.0,345.0,345.0,345.0,345.0,345.0,345.0,345.0,345.0,345.0,345.0,345.0,345.0,345.0,345.0,345.0,,,,,,,,,,,,,,,,,,,,,,,,,,,,,,,,,,,,,,,,,,,,,,,,,,,,,,,,,,,,,,,,,,,,,,,,,,,,,,,,,,,,,,,,,,,,,,,,,,,,,,,,,,,,,,,,,,,,,,,,,,,,,,,,,,,,,,,,,,,,,,,,,,,,,,,,,,,,,,,,,,,,,,,,,,,,,,,,,,,,,,,,,,,,,,,,,,,,,,,,,,,,,,,,,,,,,,,,,,,,,,,,,,,,,,,,,,,,,,,,,,,,,,,,,,,,,,,,,,,,,,,,,,,,,,,,,,,,,,,,,,,,,,,,,,,,,,,,,,,,,,,,,,,,,,,,,,,,,,,,,,,,,,,,,,,,,,,,,,,,,,,,,,,,,,,,,,,,,,,,,,,,,,,,,,,,,,,,,,,,,,,,,,,,,,,,,,,,,,,,,,,,,,,,,,,,,,,,,,,,,,,,,,,,,,,,,,,,,,,,,,,,,,,,,,,,,,,,,,,,,,,,,,,,,,,,,,,,,,,,,,,,,,,,,,,,,,,,,,,,,,,,,,,,,,,,,,,,,,,,,,,,,,,,,,,,,,,,,,,,,,,,,,,,,,,,,,,,,,,,,,,,,,,,,,,,,,,,,,,,,,,,,,,,,,,,,,,,,,,,,,,,,,,,,,,,,,,,,,,,,,,,,,,,,,,,,,,,,,,,,,,,,,,,,,,,,,,,,,,,,,,,,,,,,,,,,,,,,,,,,,,,,,,,,,,,,,,,,,,,,,,,,,,,,,,,,,,,,,,,,,,,,,,,,,,,,,,,,,,,,,,,,,,,,,,,,,,,,,,,,,,,,,,,,,,,,,,,,,,,,,,,,,,,,,,,,,,,,,,,,,,,,,,,,,
2018-03-20,ios,,,,,,,,,,,,,,,,,,,,,,,,,,,,,,,,,,,,,,,,,,,,,,,,,,,,,,,,,,,,,,,,,,,,,,,,,,,,,,,,,,,,,,,,,,,,,,,,,,,,,,,,,,,,,,,,,,,,,,,,,,,,,,,,,,,,,,,,,,,,,,,,,,,,,,,,,,,,,,,,,,,,,,,,,,,,,,,,,,,,,,,,,,,,,,,,,,,,,,,,,,,,,,,,,,,,,,,,,,,,,,,,,,,,,,,,,,,,,,,,,,,,,,,,,,,,,,,,,,,,,,,,,,,,,,,,,,,,,,,,,,,,,,,,,,,,,,,,,,,,,,,,,,,,,,,,,,,,,,,,,,,,,,,,,,,,,,,,,,,,,,,,,,,,,,,,,,,,,,,,,,,,,,,,,,,,,,,,,,,,,,,,,,,,,,,,,,,,,,,,,,,,,,,,,,,,,,,,,,,,,,,,,,,,,,,,,,,,,,,,,,,,,,,,,,,,,,,,,,,,,,,,,,,,,,,,,,,,,,,,,,,,,,,,,,,,,,,,,,7.0,87.0,184.0,184.0,184.0,184.0,184.0,184.0,184.0,184.0,184.0,184.0,184.0,184.0,219.0,229.0,229.0,229.0,229.0,229.0,229.0,229.0,229.0,229.0,229.0,229.0,229.0,229.0,229.0,229.0,229.0,229.0,229.0,229.0,229.0,229.0,229.0,229.0,326.0,330.0,348.0,369.0,369.0,369.0,369.0,369.0,369.0,369.0,369.0,369.0,369.0,369.0,369.0,369.0,369.0,369.0,369.0,369.0,369.0,369.0,369.0,369.0,369.0,369.0,369.0,369.0,369.0,369.0,369.0,369.0,369.0,369.0,369.0,369.0,369.0,369.0,369.0,369.0,369.0,369.0,369.0,369.0,369.0,369.0,369.0,369.0,369.0,369.0,369.0,369.0,369.0,369.0,369.0,369.0,369.0,369.0,369.0,369.0,369.0,369.0,369.0,391.0,463.0,472.0,472.0,472.0,472.0,472.0,472.0,472.0,472.0,472.0,472.0,472.0,472.0,472.0,472.0,472.0,472.0,472.0,472.0,472.0,472.0,472.0,472.0,472.0,472.0,472.0,472.0,472.0,472.0,472.0,472.0,472.0,472.0,472.0,472.0,472.0,472.0,472.0,472.0,472.0,472.0,472.0,472.0,472.0,472.0,472.0,472.0,472.0,472.0,472.0,472.0,472.0,472.0,472.0,472.0,472.0,472.0,472.0,472.0,472.0,472.0,472.0,472.0,472.0,472.0,472.0,472.0,472.0,472.0,472.0,472.0,472.0,472.0,472.0,472.0,472.0,472.0,472.0,472.0,472.0,472.0,472.0,472.0,472.0,472.0,472.0,472.0,472.0,472.0,472.0,472.0,530.0,534.0,534.0,534.0,534.0,534.0,534.0,534.0,534.0,583.0,637.0,637.0,637.0,637.0,637.0,637.0,637.0,637.0,637.0,637.0,637.0,637.0,637.0,637.0,637.0,637.0,637.0,637.0,651.0,651.0,651.0,651.0,651.0,651.0,706.0,839.0,865.0,865.0,865.0,865.0,865.0,865.0,865.0,865.0,865.0,865.0,865.0,865.0,865.0,865.0,865.0,865.0,865.0,865.0,865.0,865.0,,,,,,,,,,,,,,,,,,,,,,,,,,,,,,,,,,,,,,,,,,,,,,,,,,,,,,,,,,,,,,,,,,,,,,,,,,,,,,,,,,,,,,,,,,,,,,,,,,,,,,,,,,,,,,,,,,,,,,,,,,,,,,,,,,,,,,,,,,,,,,,,,,,,,,,,,,,,,,,,,,,,,,,,,,,,,,,,,,,,,,,,,,,,,,,,,,,,,,,,,,,,,,,,,,,,,,,,,,,,,,,,,,,,,,,,,,,,,,,,,,,,,,,,,,,,,,,,,,,,,,,,,,,,,,,,,,,,,,,,,,,,,,,,,,,,,,,,,,,,,,,,,,,,,,,,,,,,,,,,,,,,,,,,,,,,,,,,,,,,,,,,,,,,,,,,,,,,,,,,,,,,,,,,,,,,,,,,,,,,,,,,,,,,,,,,,,,,,,,,,,,,,,,,,,,,,,,,,,,,,,,,,,,,,,,,,,,,,,,,,,,,,,,,,,,,,,,,,,,,,,,,,,,,,,,,,,,,,,,,,,,,,,,,,,,,,,,,,,,,,,,,,,,,,,,,,,,,,,,,,,,,,,,,,,,,,,,,,,,,,,,,,,,,,,,,,,,,,,,,,,,,,,,,,,,,,,,,,,,,,,,,,,,,,,,,,,,,,,,,,,,,,,,,,,,,,,,,,,,,,,,,,,,,,,,,,,,,,,,,,,,,,,,,,,,,,,,,,,,,,,,,,,,,,,,,,,,,,,,,,,,,,,,,,,,,,,
2018-03-21,ios,,,,,,,,,,,,,,,,,,,,,,,,,,,,,,,,,,,,,,,,,,,,,,,,,,,,,,,,,,,,,,,,,,,,,,,,,,,,,,,,,,,,,,,,,,,,,,,,,,,,,,,,,,,,,,,,,,,,,,,,,,,,,,,,,,,,,,,,,,,,,,,,,,,,,,,,,,,,,,,,,,,,,,,,,,,,,,,,,,,,,,,,,,,,,,,,,,,,,,,,,,,,,,,,,,,,,,,,,,,,,,,,,,,,,,,,,,,,,,,,,,,,,,,,,,,,,,,,,,,,,,,,,,,,,,,,,,,,,,,,,,,,,,,,,,,,,,,,,,,,,,,,,,,,,,,,,,,,,,,,,,,,,,,,,,,,,,,,,,,,,,,,,,,,,,,,,,,,,,,,,,,,,,,,,,,,,,,,,,,,,,,,,,,,,,,,,,,,,,,,,,,,,,,,,,,,,,,,,,,,,,,,,,,,16.0,16.0,16.0,16.0,16.0,16.0,16.0,16.0,16.0,16.0,16.0,16.0,16.0,16.0,16.0,16.0,16.0,16.0,16.0,16.0,16.0,16.0,16.0,16.0,16.0,16.0,30.0,30.0,30.0,30.0,30.0,30.0,30.0,30.0,30.0,30.0,30.0,30.0,30.0,30.0,30.0,30.0,30.0,30.0,30.0,30.0,30.0,30.0,30.0,30.0,30.0,30.0,30.0,30.0,30.0,30.0,30.0,30.0,30.0,30.0,30.0,30.0,30.0,30.0,30.0,39.0,39.0,53.0,53.0,53.0,53.0,53.0,53.0,53.0,53.0,68.0,68.0,68.0,68.0,121.0,215.0,218.0,218.0,218.0,218.0,218.0,218.0,218.0,218.0,243.0,266.0,266.0,266.0,266.0,266.0,266.0,266.0,266.0,266.0,266.0,266.0,266.0,266.0,266.0,266.0,266.0,266.0,266.0,266.0,266.0,266.0,266.0,266.0,266.0,266.0,266.0,266.0,266.0,266.0,266.0,266.0,266.0,266.0,266.0,266.0,266.0,266.0,266.0,266.0,266.0,266.0,266.0,266.0,266.0,266.0,266.0,266.0,266.0,266.0,266.0,266.0,266.0,332.0,348.0,412.0,475.0,496.0,513.0,532.0,532.0,532.0,532.0,532.0,532.0,532.0,532.0,532.0,532.0,532.0,532.0,630.0,658.0,658.0,658.0,658.0,658.0,658.0,658.0,658.0,658.0,658.0,658.0,658.0,658.0,658.0,658.0,658.0,658.0,658.0,658.0,658.0,658.0,658.0,658.0,658.0,658.0,658.0,658.0,658.0,658.0,658.0,658.0,658.0,658.0,658.0,658.0,658.0,658.0,658.0,658.0,658.0,658.0,658.0,658.0,658.0,658.0,658.0,658.0,658.0,658.0,658.0,698.0,744.0,770.0,779.0,806.0,806.0,806.0,826.0,826.0,826.0,826.0,826.0,826.0,826.0,826.0,826.0,826.0,861.0,868.0,950.0,958.0,958.0,958.0,958.0,958.0,958.0,958.0,958.0,958.0,958.0,958.0,958.0,958.0,958.0,958.0,958.0,958.0,958.0,958.0,958.0,958.0,958.0,958.0,958.0,958.0,958.0,958.0,958.0,958.0,958.0,958.0,958.0,1008.0,1075.0,1077.0,1154.0,1154.0,1154.0,1154.0,1154.0,1184.0,1211.0,1211.0,1211.0,1249.0,1249.0,1249.0,1249.0,1249.0,1283.0,1283.0,1283.0,1283.0,1283.0,1283.0,1283.0,1283.0,1283.0,1283.0,1283.0,1356.0,1402.0,1412.0,1474.0,1499.0,1517.0,1556.0,1556.0,1556.0,1556.0,1556.0,1556.0,1556.0,1556.0,1556.0,1556.0,1556.0,1556.0,1556.0,1556.0,1556.0,1556.0,1556.0,1556.0,1556.0,1556.0,1556.0,1556.0,1556.0,1556.0,1556.0,1556.0,1556.0,1556.0,1556.0,1556.0,1556.0,1556.0,1556.0,1556.0,1556.0,1556.0,1556.0,1556.0,1556.0,1556.0,1556.0,1556.0,1556.0,1556.0,1556.0,1556.0,1556.0,1556.0,1556.0,1556.0,1556.0,1556.0,1556.0,1572.0,1619.0,1619.0,1619.0,1619.0,1619.0,1619.0,1619.0,1635.0,1739.0,1748.0,1748.0,1748.0,1748.0,1748.0,1748.0,1748.0,1748.0,1748.0,1748.0,1748.0,1748.0,1748.0,1748.0,1748.0,1748.0,1748.0,1748.0,1748.0,1748.0,1748.0,1748.0,1748.0,1748.0,1748.0,1748.0,1748.0,1748.0,1748.0,1748.0,1748.0,1748.0,1748.0,1748.0,1748.0,1748.0,1748.0,1748.0,1748.0,1748.0,1748.0,1748.0,1748.0,1748.0,1748.0,1748.0,1748.0,1748.0,1748.0,1748.0,1748.0,1748.0,1748.0,1748.0,1748.0,1748.0,1748.0,1748.0,1748.0,1748.0,1748.0,1748.0,1748.0,1748.0,1748.0,1748.0,1748.0,1748.0,1748.0,1748.0,1748.0,1748.0,1748.0,1748.0,1748.0,1748.0,1748.0,1748.0,1748.0,1748.0,1748.0,1748.0,1748.0,1748.0,1748.0,1748.0,1748.0,1748.0,1748.0,1748.0,1748.0,1748.0,1748.0,1748.0,1748.0,1748.0,1748.0,1748.0,1748.0,1748.0,1748.0,1748.0,1748.0,1748.0,1748.0,1748.0,1748.0,1748.0,1748.0,1748.0,1748.0,1748.0,1748.0,1748.0,1748.0,1748.0,1748.0,1748.0,1748.0,1748.0,1748.0,1748.0,1748.0,1748.0,1748.0,1748.0,1748.0,1748.0,1748.0,1748.0,1748.0,1748.0,1748.0,1748.0,1748.0,1748.0,1748.0,1748.0,1748.0,1748.0,1748.0,1748.0,1748.0,1748.0,1759.0,1777.0,1785.0,1813.0,1821.0,1839.0,1863.0,1883.0,1940.0,1948.0,1967.0,1996.0,2016.0,2038.0,2066.0,2138.0,2178.0,2178.0,2183.0,2183.0,2237.0,2291.0,2302.0,2302.0,2302.0,2302.0,2302.0,2302.0,2302.0,2302.0,2302.0,2302.0,2302.0,2302.0,2302.0,2302.0,2302.0,2302.0,2302.0,2302.0,2302.0,2302.0,2302.0,2302.0,2302.0,2302.0,2302.0,2302.0,2302.0,2302.0,2302.0,2302.0,2302.0,2302.0,2302.0,2302.0,2302.0,2302.0,2302.0,2302.0,2302.0,2302.0,2302.0,2302.0,2302.0,2302.0,2302.0,2302.0,2302.0,2302.0,2302.0,2302.0,2302.0,2302.0,2302.0,2302.0,2302.0,2302.0,2302.0,2302.0,2302.0,2302.0,2302.0,2302.0,2302.0,2302.0,2302.0,2302.0,2302.0,2302.0,2302.0,2302.0,2302.0,2302.0,2302.0,2375.0,2375.0,2375.0,2375.0,2375.0,2375.0,2375.0,2375.0,2375.0,2375.0,2375.0,2375.0,2375.0,2428.0,2520.0,2575.0,2586.0,2598.0,2598.0,2606.0,2606.0,2606.0,2606.0,2606.0,2606.0,2622.0,2622.0,2636.0,2756.0,2897.0,3074.0,3251.0,3429.0,3607.0,3792.0,3966.0,4149.0,4315.0,4487.0,4663.0,4834.0,5003.0,5172.0,5326.0,5476.0,5648.0,5822.0,6000.0,6178.0,6355.0,6531.0,6712.0,6890.0,7067.0,7242.0,7408.0,7573.0,7744.0,7920.0,8096.0,8271.0,8438.0,8612.0,8784.0,8955.0,9130.0,9305.0,9473.0,9635.0,9805.0,9960.0,10112.0,10261.0,10439.0,10620.0,10788.0,10914.0,10995.0,11173.0,11356.0,11534.0,11715.0,11891.0,12074.0,12249.0,12428.0,12607.0,12775.0,12950.0,13129.0,13307.0,13481.0,13651.0,13801.0,13971.0,14134.0,14310.0,14474.0,14648.0,14828.0,15007.0,15185.0,15363.0,15541.0,15704.0,15834.0,15916.0,16031.0,16214.0,16394.0,16572.0,16732.0,16898.0,16991.0,17166.0,17341.0,17483.0,17554.0,17555.0,17555.0,,,,,,,,,,,,,,,,,,,,,,,,,,,,,,,,,,,,,,,,,,,,,,,,,,,,,,,,,,,,,,,,,,,,,,,,,,,,,,,,,,,,,,,,,,,,,,,,,,,,,,,,,,,,,,,,,,,,,,,,,,,,,,,,,,,,,,,,,,,,,,,,,,,,,,,,,,,,,,,,,,,,,,,,,,,,,,,,,,,,,,,,,,,,,,,,,,,,,,,,,,,,,,,,,,,,,,,,,,,,,,,,,,,,,,,,,,,,,,,,,,,,,,,,,,,,,,,,,,,,,,,,,,,,,,,,,,,,,,,,,,,,,,,,,,,,,,
2018-03-22,ios,,,,,,,,,,,,,,,,,,,,,,,,,,,,,,,,,,,,,,,,,,,,,,,,,,,,,,,,,,,,,,,,,,,,,,,,,,,,,,,,,,,,,,,,,,,,,,,,,,,,,,,,,,,,,,,,,,,,,,,,,,,,,,,,,,,,,,,,,,,,,,,,,,,,,,,,,,,,,,,,,,,,,,,,,,,,,,,,,,,,,,,,,,,,,,,,,,,,,,,,,,,,,,,,,,,,,,,,,,,,,,,,,,,,,,,,,,,,,,,,,,,,,,,,,,,,,,,,,,,,,,,,,,,,,,,,,,,,,,,,,,,,,,,,,,,,,,,,,,,,,,,,,,,,,,,,,,,,,,,,,,,,,,,,,,,,,,,,,,,,,,,,,,,,,,,,,,,,,,,,,,,,,,,,,,,,,,,,,,,,,,,,,,,,,,,,,,,,,,,,,,,,,,,,,,,,,,,,,,,,,,,,,,,,,,,,,,,,,8.0,9.0,9.0,9.0,9.0,9.0,9.0,9.0,9.0,9.0,9.0,9.0,9.0,9.0,9.0,9.0,9.0,9.0,9.0,9.0,9.0,9.0,9.0,9.0,9.0,9.0,9.0,9.0,9.0,9.0,9.0,9.0,9.0,9.0,9.0,9.0,9.0,9.0,9.0,9.0,9.0,9.0,9.0,9.0,9.0,9.0,9.0,9.0,9.0,9.0,9.0,9.0,9.0,9.0,16.0,84.0,159.0,159.0,159.0,159.0,159.0,159.0,159.0,159.0,159.0,159.0,159.0,159.0,191.0,191.0,191.0,191.0,191.0,191.0,191.0,191.0,191.0,191.0,191.0,191.0,191.0,191.0,191.0,191.0,191.0,191.0,191.0,191.0,191.0,191.0,191.0,191.0,191.0,191.0,191.0,191.0,191.0,191.0,191.0,191.0,191.0,191.0,191.0,235.0,263.0,350.0,476.0,600.0,722.0,847.0,977.0,1107.0,1234.0,1359.0,1488.0,1616.0,1746.0,1868.0,1934.0,1934.0,1934.0,1956.0,1956.0,1956.0,1956.0,1956.0,1956.0,1956.0,1956.0,1956.0,1956.0,1956.0,1956.0,1956.0,1956.0,1956.0,1956.0,1956.0,1956.0,1956.0,1956.0,2015.0,2130.0,2213.0,2328.0,2444.0,2532.0,2600.0,2600.0,2600.0,2600.0,2600.0,2600.0,2600.0,2600.0,2600.0,2600.0,2600.0,2600.0,2600.0,2600.0,2600.0,2600.0,2600.0,2600.0,2600.0,2600.0,2600.0,2600.0,2600.0,2600.0,2600.0,2600.0,2600.0,2600.0,2600.0,2600.0,2600.0,2609.0,2609.0,2609.0,2609.0,2609.0,2611.0,2730.0,2741.0,2741.0,2741.0,2741.0,2741.0,2741.0,2741.0,2741.0,2741.0,2741.0,2741.0,2741.0,2741.0,2741.0,2741.0,2741.0,2741.0,2741.0,2741.0,2741.0,2741.0,2741.0,2741.0,2741.0,2741.0,2741.0,2741.0,2741.0,2741.0,2741.0,2741.0,2741.0,2741.0,2741.0,2741.0,2741.0,2741.0,2741.0,2741.0,2741.0,2741.0,2784.0,2860.0,2860.0,2940.0,3051.0,3160.0,3266.0,3371.0,3469.0,3505.0,3505.0,3505.0,3505.0,3505.0,3505.0,3505.0,3505.0,3505.0,3505.0,3516.0,3566.0,3680.0,3792.0,3905.0,4018.0,4093.0,4176.0,4288.0,4372.0,4372.0,4372.0,4372.0,4372.0,4372.0,4372.0,4372.0,4372.0,4372.0,4372.0,4372.0,4372.0,4372.0,4372.0,4372.0,4372.0,4372.0,4372.0,4372.0,4372.0,4372.0,4372.0,4372.0,4372.0,4372.0,4380.0,4474.0,4587.0,4706.0,4827.0,4946.0,5061.0,5181.0,5305.0,5324.0,5435.0,5516.0,5516.0,5516.0,5516.0,5516.0,5589.0,5709.0,5828.0,5948.0,6064.0,6182.0,6297.0,6415.0,6537.0,6651.0,6697.0,6810.0,6854.0,6891.0,6895.0,6895.0,6905.0,6957.0,6957.0,6957.0,6957.0,6957.0,6957.0,6957.0,6957.0,6957.0,6957.0,6957.0,6957.0,6957.0,6957.0,6957.0,6957.0,6957.0,6957.0,6957.0,6957.0,6957.0,6957.0,6957.0,6957.0,6957.0,6957.0,6957.0,6957.0,6957.0,6957.0,6957.0,6957.0,6957.0,6957.0,6957.0,6957.0,6957.0,6957.0,6957.0,6957.0,6957.0,6957.0,6957.0,6957.0,6957.0,6957.0,6957.0,6957.0,6957.0,6957.0,6957.0,6957.0,6957.0,6957.0,6957.0,6957.0,6957.0,6957.0,6957.0,6957.0,6957.0,6957.0,6957.0,6957.0,6957.0,7009.0,7028.0,7053.0,7085.0,7157.0,7167.0,7167.0,7167.0,7167.0,7167.0,7257.0,7297.0,7310.0,7415.0,7417.0,7430.0,7480.0,7485.0,7485.0,7485.0,7485.0,7485.0,7485.0,7495.0,7504.0,7520.0,7558.0,7625.0,7641.0,7655.0,7656.0,7760.0,7772.0,7772.0,7772.0,7772.0,7772.0,7772.0,7772.0,7772.0,7772.0,7772.0,7772.0,7772.0,7772.0,7772.0,7772.0,7772.0,7772.0,7772.0,7772.0,7772.0,7772.0,7772.0,7772.0,7772.0,7772.0,7772.0,7772.0,7772.0,7772.0,7772.0,7772.0,7772.0,7772.0,7772.0,7772.0,7772.0,7772.0,7772.0,7772.0,7772.0,7772.0,7772.0,7772.0,7772.0,7772.0,7772.0,7772.0,7772.0,7772.0,7772.0,7772.0,7772.0,7772.0,7772.0,7772.0,7772.0,7772.0,7772.0,7772.0,7772.0,7772.0,7772.0,7772.0,7772.0,7772.0,7772.0,7772.0,7772.0,7772.0,7772.0,7772.0,7772.0,7772.0,7772.0,7772.0,7772.0,7772.0,7772.0,7772.0,7772.0,7772.0,7772.0,7772.0,7772.0,7772.0,7772.0,7772.0,7772.0,7772.0,7772.0,7772.0,7772.0,7772.0,7772.0,7772.0,7772.0,7772.0,7772.0,7772.0,7772.0,7772.0,7772.0,7772.0,7772.0,7772.0,7772.0,7772.0,7772.0,7772.0,7772.0,7772.0,7772.0,7772.0,7772.0,7772.0,7772.0,7857.0,7981.0,8104.0,8226.0,8351.0,8466.0,8582.0,8703.0,8824.0,8942.0,9063.0,9128.0,9249.0,9363.0,9480.0,9594.0,9707.0,9778.0,9832.0,9950.0,10066.0,10110.0,10110.0,10110.0,10110.0,10185.0,10185.0,10303.0,10421.0,10539.0,10631.0,10680.0,10680.0,10680.0,10680.0,10680.0,10680.0,10680.0,10680.0,10680.0,10680.0,10680.0,10680.0,10680.0,10680.0,10680.0,10680.0,10680.0,10680.0,10680.0,10680.0,10680.0,10680.0,10680.0,10680.0,10680.0,10680.0,10680.0,10680.0,10680.0,10680.0,10680.0,10680.0,10680.0,10680.0,10680.0,10680.0,10680.0,10680.0,10680.0,10680.0,10680.0,10680.0,10680.0,10680.0,10680.0,10680.0,10680.0,10680.0,10680.0,10680.0,10680.0,10680.0,10680.0,10680.0,10680.0,10680.0,10680.0,10680.0,10680.0,10680.0,10680.0,10680.0,10680.0,10680.0,10680.0,10680.0,10680.0,10680.0,10680.0,10680.0,10680.0,10680.0,10680.0,10680.0,10680.0,10680.0,10680.0,10680.0,10680.0,10680.0,10680.0,10680.0,10680.0,10680.0,10680.0,10680.0,10680.0,10680.0,10680.0,10680.0,10680.0,10680.0,10680.0,10680.0,10680.0,10680.0,10680.0,10680.0,10680.0,10680.0,10680.0,10680.0,10680.0,10680.0,10680.0,10680.0,10680.0,10680.0,10680.0,10680.0,10680.0,10680.0,10680.0,10680.0,10680.0,10680.0,10680.0,10680.0,10680.0,10680.0,10680.0,10680.0,10680.0,10680.0,10680.0,10680.0,10680.0,10680.0,10680.0,10680.0,10680.0,10680.0,10680.0,10680.0,10680.0,10680.0,10680.0,10680.0,10680.0,10680.0,10680.0,10680.0,10680.0,10680.0,10680.0,10680.0,10680.0,10680.0,10680.0,10680.0,10680.0,10680.0,10680.0,10680.0,10680.0,10680.0,10680.0,10680.0,10680.0,10680.0,10680.0,10680.0,10680.0,10680.0,10680.0,10680.0,10680.0,10680.0,10680.0,10680.0,10680.0,10680.0,10680.0,10680.0,10680.0,10680.0,10680.0,10680.0,10680.0,10680.0,10680.0,10680.0,10680.0,10680.0,10680.0,10680.0,10680.0,10680.0,10680.0,10688.0,10688.0,10688.0,10688.0,10688.0,10688.0,10688.0,10688.0,10688.0,10688.0,10688.0,10688.0,10688.0,10688.0,10688.0,10688.0,10688.0,10688.0,10688.0,10688.0,10688.0,10688.0,10688.0,10688.0,10688.0,10688.0,10688.0,10688.0,10688.0,10688.0,10688.0,10688.0,10688.0,10688.0,10688.0,10688.0,10688.0,10688.0,10688.0,10688.0,10688.0,10688.0,10688.0,10688.0,10688.0,10688.0,10688.0,10688.0,10688.0,10688.0,10688.0,10688.0,10688.0,10688.0,10688.0,10688.0,10703.0,10703.0,10719.0,10721.0,10721.0,10721.0,10721.0,10721.0,10721.0,10721.0,10721.0,10721.0,10721.0,10721.0,10721.0,10721.0,10721.0,10721.0,10721.0,10721.0,10721.0,10721.0,10721.0,10721.0,10721.0,10721.0,10721.0,10721.0,10721.0,10721.0,10721.0,10721.0,10728.0,10735.0,10735.0,10735.0,10735.0,10735.0,10735.0,10746.0,10762.0,10819.0,10916.0,10946.0,10946.0,10946.0,10946.0,10946.0,10946.0,10946.0,10946.0,10946.0,10946.0,10946.0,10946.0,10946.0,10946.0,10946.0,10946.0,10946.0,10946.0,10946.0,10946.0,10946.0,10946.0,10946.0,10946.0,10946.0,10946.0,10946.0,10946.0,10946.0,10946.0,10946.0,10946.0,10946.0,10946.0,10946.0,10946.0,10946.0,10946.0,10946.0,10946.0,10946.0,10946.0,10946.0,10946.0,10946.0,10946.0,10946.0,10946.0,10946.0,10946.0,10946.0,10946.0,10946.0,10946.0,10946.0,10946.0,10946.0,10946.0,10946.0,10946.0,10946.0,10946.0,10989.0,11099.0,11157.0,11173.0,11173.0,11173.0,11173.0,11173.0,11173.0,11173.0,11173.0,11173.0,11173.0,11173.0,11173.0,11173.0,11173.0,11173.0,11173.0,11173.0,11173.0,11173.0,11173.0,11173.0,11173.0,11173.0,11173.0,11173.0,11173.0,11173.0,11173.0,11173.0,11173.0,11173.0,11173.0,11173.0,11173.0,11173.0,11173.0,11173.0,11173.0,11173.0,11173.0,11173.0,11173.0,11173.0,11173.0,11173.0,11173.0,11173.0,,,,,,,,,,,,,,,,,,,,,,,,,,,,,,,,,,,,,,,,,,,,,,,
2018-03-23,ios,,,,,,,,,,,,,,,,,,,,,,,,,,,,,,,,,,,,,,,,,,,,,,,,,,,,,,,,,,,,,,,,,,,,,,,,,,,,,,,,,,,,,,,,,,,,,,,,,,,,,,,,,,,,,,,,,,,,,,,,,,,,,,,,,,,,,,,,,,,,,,,,,,,,,,,,,,,,,,,,,,,,,,,,,,,,,,,,,,,,,,,,,,,,,,,,,,,,,,,,,,,,,,,,,,,,,,,,,,,,,,,,,,,,,,,,,,,,,,,,,,,,,,,,,,,,,,,,,,,,,,,,,,,,,,,,,,,,,,,,,,,,,,,,,,,,,,,,,,,,,,,,,,,,,,,,,,,,,,,,,,,,,,,,,,,,,,,,,,,,,,,,,,,,,,,,,,,,,,,,,,,,,,,,,,,,,,,,,,,,,,,,,,,,,,,,,,,,,,,,,,,,,,,,,,,,,,,,8.0,8.0,8.0,8.0,8.0,8.0,8.0,8.0,8.0,8.0,8.0,8.0,8.0,8.0,8.0,8.0,8.0,8.0,8.0,8.0,8.0,8.0,8.0,8.0,8.0,28.0,47.0,47.0,47.0,47.0,47.0,47.0,47.0,47.0,116.0,130.0,130.0,130.0,130.0,130.0,130.0,130.0,130.0,130.0,130.0,130.0,130.0,130.0,130.0,130.0,130.0,130.0,130.0,130.0,130.0,130.0,130.0,130.0,130.0,145.0,145.0,145.0,145.0,153.0,153.0,153.0,153.0,153.0,153.0,153.0,153.0,153.0,153.0,153.0,153.0,163.0,177.0,177.0,252.0,371.0,493.0,613.0,732.0,850.0,969.0,1083.0,1195.0,1305.0,1418.0,1536.0,1640.0,1758.0,1874.0,1993.0,2111.0,2227.0,2345.0,2464.0,2580.0,2698.0,2813.0,2934.0,2957.0,2957.0,2957.0,2957.0,2957.0,2957.0,2957.0,2957.0,2957.0,2957.0,2957.0,2957.0,2957.0,2957.0,2957.0,2957.0,2957.0,2957.0,2957.0,2957.0,2957.0,2957.0,2957.0,2957.0,2957.0,2957.0,2957.0,2957.0,2957.0,2957.0,2957.0,2957.0,2957.0,2957.0,2957.0,2957.0,2957.0,2957.0,2957.0,2957.0,2957.0,2957.0,2957.0,2957.0,2957.0,2957.0,2957.0,2957.0,2957.0,2957.0,2957.0,2957.0,2957.0,2957.0,2957.0,2957.0,2957.0,2957.0,2957.0,2957.0,2957.0,2957.0,2957.0,2957.0,2957.0,2957.0,2957.0,2957.0,2957.0,2957.0,2957.0,2957.0,2957.0,2957.0,2957.0,2957.0,2957.0,2957.0,2957.0,2957.0,2957.0,2957.0,2957.0,2957.0,2957.0,2957.0,2957.0,2979.0,3009.0,3103.0,3175.0,3175.0,3175.0,3175.0,3175.0,3175.0,3175.0,3175.0,3175.0,3175.0,3175.0,3175.0,3175.0,3175.0,3175.0,3175.0,3175.0,3175.0,3175.0,3175.0,3175.0,3175.0,3175.0,3205.0,3205.0,3205.0,3205.0,3205.0,3205.0,3205.0,3205.0,3262.0,3373.0,3375.0,3391.0,3391.0,3391.0,3391.0,3391.0,3391.0,3391.0,3391.0,3391.0,3391.0,3391.0,3391.0,3391.0,3391.0,3429.0,3435.0,3435.0,3539.0,3664.0,3786.0,3914.0,4040.0,4164.0,4285.0,4409.0,4534.0,4657.0,4776.0,4826.0,4954.0,5078.0,5200.0,5329.0,5455.0,5532.0,5634.0,5756.0,5871.0,5970.0,6086.0,6125.0,6196.0,6197.0,6197.0,6197.0,6197.0,6197.0,6197.0,6197.0,6197.0,6197.0,6197.0,6197.0,6197.0,6197.0,6197.0,6197.0,6197.0,6197.0,6197.0,6197.0,6197.0,6197.0,6197.0,6197.0,6197.0,6197.0,6197.0,6197.0,6197.0,6197.0,6197.0,6197.0,6197.0,6197.0,6197.0,6197.0,6197.0,6197.0,6212.0,6212.0,6278.0,6379.0,6492.0,6563.0,6598.0,6613.0,6613.0,6615.0,6649.0,6649.0,6676.0,6704.0,6713.0,6713.0,6713.0,6713.0,6759.0,6823.0,6857.0,6857.0,6907.0,6907.0,6907.0,6907.0,6915.0,6984.0,6998.0,7065.0,7080.0,7080.0,7120.0,7169.0,7205.0,7205.0,7205.0,7205.0,7205.0,7205.0,7214.0,7286.0,7286.0,7286.0,7286.0,7286.0,7357.0,7406.0,7406.0,7406.0,7406.0,7420.0,7420.0,7420.0,7420.0,7420.0,7420.0,7420.0,7463.0,7506.0,7506.0,7506.0,7506.0,7506.0,7506.0,7506.0,7506.0,7506.0,7506.0,7506.0,7506.0,7506.0,7506.0,7506.0,7506.0,7506.0,7506.0,7506.0,7506.0,7506.0,7506.0,7506.0,7506.0,7506.0,7506.0,7506.0,7506.0,7506.0,7506.0,7506.0,7506.0,7506.0,7506.0,7506.0,7506.0,7506.0,7506.0,7506.0,7506.0,7506.0,7506.0,7506.0,7506.0,7506.0,7506.0,7506.0,7506.0,7506.0,7506.0,7506.0,7506.0,7506.0,7506.0,7506.0,7506.0,7506.0,7506.0,7506.0,7506.0,7506.0,7506.0,7506.0,7506.0,7506.0,7506.0,7506.0,7506.0,7506.0,7506.0,7506.0,7506.0,7506.0,7506.0,7506.0,7506.0,7506.0,7506.0,7506.0,7506.0,7506.0,7506.0,7506.0,7506.0,7506.0,7506.0,7506.0,7506.0,7506.0,7506.0,7506.0,7506.0,7506.0,7506.0,7506.0,7506.0,7506.0,7506.0,7506.0,7506.0,7506.0,7506.0,7506.0,7506.0,7506.0,7506.0,7506.0,7506.0,7506.0,7506.0,7506.0,7506.0,7506.0,7506.0,7506.0,7506.0,7506.0,7506.0,7506.0,7506.0,7506.0,7506.0,7506.0,7506.0,7506.0,7506.0,7506.0,7506.0,7506.0,7506.0,7506.0,7506.0,7506.0,7506.0,7506.0,7506.0,7506.0,7506.0,7506.0,7506.0,7506.0,7506.0,7506.0,7506.0,7506.0,7506.0,7506.0,7506.0,7506.0,7506.0,7506.0,7506.0,7506.0,7506.0,7507.0,7595.0,7728.0,7849.0,7973.0,8045.0,8067.0,8067.0,8067.0,8067.0,8067.0,8067.0,8067.0,8067.0,8067.0,8067.0,8067.0,8067.0,8067.0,8067.0,8067.0,8067.0,8067.0,8067.0,8067.0,8067.0,8067.0,8067.0,8067.0,8067.0,8067.0,8067.0,8067.0,8067.0,8067.0,8067.0,8067.0,8067.0,8067.0,8067.0,8067.0,8067.0,8067.0,8067.0,8067.0,8067.0,8067.0,8067.0,8067.0,8067.0,8067.0,8067.0,8067.0,8067.0,8067.0,8067.0,8067.0,8067.0,8076.0,8076.0,8076.0,8076.0,8076.0,8088.0,8114.0,8114.0,8130.0,8176.0,8213.0,8213.0,8213.0,8213.0,8213.0,8213.0,8213.0,8213.0,8213.0,8213.0,8213.0,8213.0,8213.0,8213.0,8213.0,8213.0,8213.0,8213.0,8213.0,8213.0,8213.0,8213.0,8213.0,8213.0,8213.0,8213.0,8213.0,8213.0,8213.0,8213.0,8213.0,8213.0,8213.0,8213.0,8213.0,8213.0,8213.0,8213.0,8213.0,8213.0,8213.0,8213.0,8213.0,8213.0,8213.0,8213.0,8213.0,8213.0,8213.0,8213.0,8213.0,8213.0,8213.0,8213.0,8213.0,8213.0,8213.0,8213.0,8213.0,8213.0,8213.0,8213.0,8213.0,8213.0,8213.0,8213.0,8234.0,8242.0,8242.0,8242.0,8242.0,8254.0,8254.0,8254.0,8254.0,8254.0,8254.0,8254.0,8256.0,8265.0,8331.0,8412.0,8519.0,8564.0,8564.0,8564.0,8601.0,8602.0,8602.0,8602.0,8602.0,8614.0,8614.0,8614.0,8614.0,8614.0,8614.0,8614.0,8614.0,8614.0,8614.0,8639.0,8754.0,8865.0,8949.0,9044.0,9073.0,9073.0,9081.0,9089.0,9089.0,9089.0,9109.0,9109.0,9109.0,9109.0,9109.0,9109.0,9109.0,9109.0,9109.0,9109.0,9109.0,9109.0,9109.0,9109.0,9109.0,9109.0,9109.0,9109.0,9109.0,9109.0,9109.0,9109.0,9109.0,9109.0,9109.0,9109.0,9109.0,9109.0,9109.0,9109.0,9109.0,9109.0,9109.0,9109.0,9109.0,9109.0,9109.0,9109.0,9109.0,9109.0,9109.0,9109.0,9109.0,9127.0,9133.0,9133.0,9133.0,9133.0,9133.0,9133.0,9133.0,9133.0,9133.0,9133.0,9133.0,9133.0,9133.0,9133.0,9133.0,9133.0,9133.0,9133.0,9133.0,9133.0,9133.0,9133.0,9133.0,9133.0,9133.0,9133.0,9133.0,9133.0,9133.0,9133.0,9133.0,9133.0,9133.0,9133.0,9133.0,9133.0,9133.0,9133.0,9133.0,9133.0,9133.0,9133.0,9133.0,9133.0,9133.0,9133.0,9133.0,9133.0,9133.0,9133.0,9133.0,9133.0,9133.0,9133.0,9133.0,9154.0,9154.0,9154.0,9154.0,9154.0,9163.0,9171.0,9171.0,9171.0,9171.0,9171.0,9171.0,9204.0,9243.0,9243.0,9243.0,9243.0,9243.0,9243.0,9243.0,9243.0,9243.0,9243.0,9243.0,9243.0,9243.0,9243.0,9243.0,9243.0,9243.0,9243.0,9243.0,9243.0,9243.0,9243.0,9243.0,9243.0,9243.0,9243.0,9243.0,9336.0,9369.0,9369.0,9369.0,9369.0,9369.0,9369.0,9369.0,9369.0,9369.0,9369.0,9369.0,9369.0,9369.0,9369.0,9369.0,9369.0,9369.0,9369.0,9369.0,9369.0,9369.0,9369.0,,,,,,,,,,,,,,,,,,,,,,,,,,,,,,,,,,,,,,,,,,,,,,,,,,,,,,,,,,,,,,,,,,,,,,,,,,,,,,,,,,,,,,,,,,,,,,,,,,,,,,,,,,,,,,,,,,,,,,,,,,,,,,,,,,,,,,,,,,,,,,,,,,,,,,,,,,,,,,,,,,,,,
2018-03-25,ios,,,,,,,,,,,,,,,,,,,,,,,,,,,,,,,,,,,,,,,,,,,,,,,,,,,,,,,,,,,,,,,,,,,,,,,,,,,,,,,,,,,,,,,,,,,,,,,,,,,,,,,,,,,,,,,,,,,,,,,,,,,,,,,,,,,,,,,,,,,,,,,,,,,,,,,,,,,,,,,,,,,,,,,,,,,,,,,,,,,,,,,,,,,,,,,,,,,,,,,,,,,,,,,,,,,,,,,,,,,,,,,,,,,,,,,,,,,,,,,,,,,,,,,,,,,,,,,,,,,,,,,,,,,,,,,,,,,,,,,,,,,,,,,,,,,,,,,,,,,,,,,,,,,,,,,,,,,,,,,,,,,,,,,,,,,,,,,,,,,,,,,,,,,,,,,,,,,,,,14.0,14.0,14.0,14.0,14.0,14.0,14.0,14.0,14.0,21.0,102.0,102.0,109.0,206.0,206.0,206.0,206.0,206.0,206.0,206.0,206.0,206.0,206.0,206.0,207.0,268.0,386.0,505.0,623.0,737.0,854.0,927.0,1000.0,1112.0,1223.0,1256.0,1323.0,1409.0,1496.0,1597.0,1663.0,1663.0,1729.0,1782.0,1899.0,2014.0,2127.0,2180.0,2284.0,2393.0,2501.0,2601.0,2669.0,2669.0,2669.0,2679.0,2679.0,2679.0,2679.0,2756.0,2871.0,2944.0,2944.0,2944.0,2974.0,2986.0,2986.0,2986.0,2986.0,2986.0,2994.0,2994.0,2994.0,3005.0,3005.0,3005.0,3005.0,3005.0,3005.0,3005.0,3005.0,3005.0,3005.0,3005.0,3005.0,3005.0,3005.0,3092.0,3194.0,3250.0,3401.0,3412.0,3469.0,3473.0,3473.0,3514.0,3525.0,3552.0,3573.0,3573.0,3581.0,3581.0,3581.0,3599.0,3658.0,3695.0,3777.0,3858.0,3970.0,4128.0,4307.0,4480.0,4664.0,4838.0,5019.0,5192.0,5369.0,5546.0,5722.0,5900.0,6077.0,6256.0,6425.0,6602.0,6780.0,6958.0,7136.0,7312.0,7492.0,7668.0,7849.0,8031.0,8214.0,8394.0,8577.0,8761.0,8945.0,9130.0,9307.0,9480.0,9665.0,9840.0,10026.0,10212.0,10393.0,10569.0,10750.0,10938.0,11119.0,11302.0,11471.0,11651.0,11833.0,12009.0,12187.0,12359.0,12530.0,12698.0,12883.0,13053.0,13227.0,13409.0,13590.0,13763.0,13926.0,14099.0,14237.0,14398.0,14570.0,14741.0,14899.0,15078.0,15250.0,15418.0,15581.0,15749.0,15924.0,16073.0,16251.0,16419.0,16590.0,16766.0,16935.0,17098.0,17263.0,17440.0,17545.0,17717.0,17898.0,18075.0,18254.0,18436.0,18622.0,18803.0,18978.0,19157.0,19336.0,19486.0,19656.0,19830.0,20005.0,20181.0,20331.0,20506.0,20675.0,20851.0,21024.0,21203.0,21383.0,21562.0,21699.0,21877.0,22047.0,22209.0,22383.0,22550.0,22722.0,22869.0,23037.0,23193.0,23355.0,23525.0,23689.0,23864.0,24038.0,24195.0,24358.0,24526.0,24690.0,24857.0,25026.0,25199.0,25376.0,25554.0,25728.0,25901.0,26070.0,26243.0,26397.0,26558.0,26733.0,26903.0,27073.0,27251.0,27404.0,27563.0,27720.0,27878.0,28013.0,28013.0,28070.0,28140.0,28140.0,28140.0,28140.0,28140.0,28140.0,28150.0,28196.0,28262.0,28354.0,28432.0,28511.0,28538.0,28593.0,28644.0,28713.0,28762.0,28813.0,28918.0,28983.0,28983.0,28992.0,29050.0,29058.0,29058.0,29096.0,29198.0,29236.0,29236.0,29236.0,29236.0,29236.0,29241.0,29291.0,29393.0,29474.0,29556.0,29652.0,29711.0,29778.0,29869.0,29916.0,29954.0,30000.0,30066.0,30066.0,30066.0,30066.0,30066.0,30066.0,30066.0,30066.0,30066.0,30066.0,30066.0,30066.0,30066.0,30066.0,30066.0,30066.0,30066.0,30066.0,30066.0,30066.0,30066.0,30066.0,30066.0,30066.0,30066.0,30078.0,30078.0,30078.0,30078.0,30078.0,30078.0,30078.0,30078.0,30078.0,30078.0,30078.0,30078.0,30078.0,30078.0,30078.0,30100.0,30169.0,30244.0,30257.0,30257.0,30257.0,30257.0,30257.0,30257.0,30257.0,30257.0,30257.0,30257.0,30257.0,30257.0,30257.0,30269.0,30269.0,30269.0,30269.0,30395.0,30398.0,30398.0,30409.0,30409.0,30409.0,30409.0,30409.0,30409.0,30409.0,30409.0,30409.0,30409.0,30409.0,30409.0,30409.0,30409.0,30409.0,30409.0,30409.0,30409.0,30409.0,30409.0,30409.0,30409.0,30409.0,30409.0,30409.0,30409.0,30409.0,30409.0,30409.0,30409.0,30409.0,30409.0,30409.0,30409.0,30409.0,30409.0,30409.0,30409.0,30409.0,30409.0,30409.0,30409.0,30409.0,30409.0,30409.0,30409.0,30409.0,30409.0,30409.0,30409.0,30409.0,30409.0,30409.0,30409.0,30409.0,30409.0,30409.0,30409.0,30424.0,30533.0,30567.0,30567.0,30631.0,30638.0,30638.0,30643.0,30660.0,30660.0,30689.0,30730.0,30730.0,30730.0,30730.0,30730.0,30730.0,30730.0,30730.0,30730.0,30730.0,30730.0,30730.0,30730.0,30730.0,30730.0,30730.0,30730.0,30730.0,30730.0,30730.0,30767.0,30767.0,30767.0,30767.0,30767.0,30767.0,30767.0,30767.0,30767.0,30767.0,30767.0,30767.0,30767.0,30767.0,30767.0,30767.0,30767.0,30767.0,30767.0,30767.0,30767.0,30767.0,30767.0,30767.0,30767.0,30767.0,30767.0,30767.0,30767.0,30767.0,30767.0,30767.0,30767.0,30767.0,30767.0,30767.0,30767.0,30767.0,30767.0,30767.0,30767.0,30767.0,30767.0,30767.0,30767.0,30767.0,30767.0,30767.0,30767.0,30767.0,30767.0,30767.0,30767.0,30785.0,30785.0,30785.0,30813.0,30860.0,30860.0,30860.0,30860.0,30860.0,30860.0,30870.0,30889.0,30906.0,31007.0,31007.0,31007.0,31007.0,31007.0,31007.0,31007.0,31007.0,31011.0,31088.0,31203.0,31292.0,31292.0,31292.0,31300.0,31325.0,31325.0,31331.0,31362.0,31405.0,31418.0,31491.0,31592.0,31685.0,31776.0,31866.0,31959.0,32044.0,32069.0,32069.0,32091.0,32152.0,32152.0,32215.0,32303.0,32337.0,32404.0,32442.0,32468.0,32530.0,32583.0,32605.0,32605.0,32613.0,32683.0,32683.0,32743.0,32813.0,32829.0,32910.0,32931.0,32946.0,32955.0,32955.0,32955.0,32980.0,32988.0,33019.0,33053.0,33085.0,33121.0,33148.0,33236.0,33314.0,33367.0,33422.0,33422.0,33422.0,33422.0,33422.0,33422.0,33451.0,33499.0,33594.0,33640.0,33676.0,33676.0,33676.0,33723.0,33767.0,33767.0,33767.0,33767.0,33767.0,33790.0,33805.0,33849.0,33849.0,33849.0,33849.0,33880.0,33926.0,33991.0,33991.0,34068.0,34171.0,34260.0,34328.0,34328.0,34357.0,34441.0,34544.0,34641.0,34687.0,34732.0,34823.0,34942.0,35054.0,35168.0,35233.0,35346.0,35454.0,35552.0,35650.0,35745.0,35824.0,35830.0,35928.0,35948.0,35994.0,36017.0,36059.0,36077.0,36077.0,36077.0,36092.0,36111.0,36159.0,36221.0,36250.0,36311.0,36407.0,36421.0,36468.0,36515.0,36576.0,36684.0,36730.0,36812.0,36916.0,37032.0,37076.0,37089.0,37147.0,37252.0,37302.0,37399.0,37440.0,37519.0,37625.0,37686.0,37793.0,37894.0,37955.0,37955.0,38008.0,38106.0,38139.0,38225.0,38298.0,38383.0,38385.0,38385.0,38385.0,38385.0,38385.0,38385.0,38385.0,38395.0,38395.0,38395.0,38395.0,38395.0,38395.0,38395.0,38395.0,38395.0,38395.0,38395.0,38395.0,38395.0,38395.0,38395.0,38395.0,38395.0,38395.0,38395.0,38395.0,38395.0,38395.0,38395.0,38395.0,38395.0,38395.0,38395.0,38395.0,38395.0,38395.0,38395.0,38395.0,38395.0,38395.0,38395.0,38395.0,38395.0,38395.0,38395.0,38395.0,38395.0,38395.0,38395.0,38395.0,38395.0,38395.0,38395.0,38395.0,38395.0,38395.0,38395.0,38395.0,38395.0,38395.0,38395.0,38395.0,38395.0,38395.0,38395.0,38395.0,38395.0,38395.0,38395.0,38395.0,38395.0,38395.0,38395.0,38395.0,38395.0,38395.0,38395.0,38395.0,38395.0,38395.0,38395.0,38395.0,38395.0,38395.0,38395.0,38395.0,38395.0,38395.0,38395.0,38395.0,38395.0,38395.0,38395.0,38395.0,38395.0,38395.0,38395.0,38395.0,38395.0,38395.0,38395.0,38395.0,38395.0,38395.0,38395.0,38395.0,38395.0,38395.0,38395.0,38395.0,38395.0,38395.0,38395.0,38395.0,38395.0,38395.0,38395.0,38395.0,38395.0,38395.0,38395.0,38395.0,38395.0,38395.0,38395.0,38395.0,38395.0,38395.0,38395.0,38395.0,38395.0,38395.0,38395.0,38395.0,38395.0,38395.0,38395.0,38395.0,38395.0,38395.0,38395.0,38395.0,38395.0,38395.0,38395.0,38395.0,38395.0,38395.0,38395.0,38395.0,38395.0,38395.0,38395.0,38395.0,38395.0,38395.0,38395.0,38395.0,38395.0,38395.0,38395.0,38395.0,38395.0,38395.0,38395.0,38395.0,38395.0,38395.0,38395.0,38395.0,38395.0,38395.0,38395.0,38395.0,38395.0,38395.0,38395.0,38395.0,38395.0,38395.0,38395.0,38395.0,38395.0,38395.0,38395.0,38395.0,38395.0,38395.0,38395.0,38395.0,38395.0,38395.0,38395.0,38395.0,38395.0,38395.0,38395.0,38395.0,38395.0,38395.0,38395.0,38395.0,38395.0,38395.0,38395.0,38395.0,38395.0,38395.0,38395.0,38395.0,38395.0,38395.0,38395.0,38395.0,38395.0,38395.0,38395.0,38395.0,38395.0,38395.0,38395.0,38395.0,38395.0,38395.0,38395.0,38395.0,38395.0,38395.0,38395.0,38395.0,38395.0,38395.0,38395.0,38395.0,38395.0,38395.0,38395.0,38395.0,38395.0,38395.0,38395.0,38395.0,38395.0,38395.0,38395.0,38395.0,38395.0,38395.0,38395.0,38395.0,38395.0,38395.0,38395.0,38395.0,38395.0,38395.0,38395.0,38395.0,38395.0,38395.0,38395.0,38395.0,38456.0,38456.0,38481.0,38514.0,38514.0,38514.0,38514.0,38514.0,38514.0,38529.0,38529.0,38529.0,38529.0,38529.0,38529.0,38529.0,38529.0,38529.0,38529.0,38529.0,38529.0,38529.0,38622.0,38662.0,38702.0,38718.0,38718.0,38718.0,38757.0,38771.0,38785.0,38785.0,38837.0,38865.0,38865.0,38865.0,38865.0,38865.0,38865.0,38865.0,38865.0,38865.0,38865.0,38889.0,38999.0,39087.0,39107.0,39107.0,39107.0,39107.0,39107.0,39107.0,39107.0,39107.0,39107.0,39117.0,39117.0,39117.0,39117.0,39117.0,39117.0,39117.0,39117.0,39117.0,39117.0,39117.0,39117.0,39117.0,39117.0,39117.0,39117.0,,,,,,,,,,,,,,,,,,,,,,,,,,,,,,,,,,,,,,,,,,,,,,,,,,,,,,,,,,,,,,,,,,,,,,,,,,,
2018-03-27,ios,,,,,,,,,,,,,,,,,,,,,,,,,,,,,,,,,,,,,,,,,,,,,,,,,,,,,,,,,,,,,,,,,,,,,,,,,,,,,,,,,,,,,,,,,,,,,,,,,,,,,,,,,,,,,,,,,,,,,,,,,,,,,,,,,,,,,,,,,,,,,,,,,,,,,,,,,,,,,,,,,,,,,,,,,,,,,,,,,,,,,,,,,,,,,,,,,,,,,,,,,,,,,,,,,,,,,,,,,,,,,,,,,,,,,,,,,,,,,,,,,,,,,,,,,,,,,,,,,,,,,,,,,,,,,,,,,,,,,,,,,,,,,,,,,,,,,,,,,,,,,,,,,,,,,,,,,,,,,,,,,,,,,,,,,,,,,,,,,,,,,,,,,,,,,,,,,,,,,,,,,,,,,,,,,,,,,,,,,,,,,,,,,,,,,,,,,,,,,,,,,,,,,,,,,,,,,,,,,,,,,,,,,,,,,,,,,,,,,,,,,,,,,,,,,,,,,,,,,,,,,,,,,,,,,,,,,,,,,,,,,,,,,8.0,8.0,17.0,76.0,108.0,110.0,116.0,116.0,116.0,116.0,116.0,116.0,213.0,294.0,338.0,338.0,338.0,338.0,338.0,338.0,338.0,338.0,338.0,338.0,338.0,338.0,338.0,338.0,338.0,338.0,338.0,338.0,338.0,338.0,338.0,338.0,338.0,360.0,362.0,362.0,374.0,374.0,374.0,479.0,538.0,538.0,538.0,538.0,538.0,538.0,538.0,585.0,646.0,720.0,720.0,720.0,720.0,720.0,728.0,728.0,728.0,728.0,787.0,846.0,846.0,846.0,846.0,846.0,846.0,846.0,846.0,846.0,846.0,846.0,846.0,846.0,846.0,846.0,846.0,846.0,846.0,846.0,846.0,846.0,846.0,846.0,846.0,846.0,846.0,846.0,846.0,846.0,846.0,846.0,846.0,846.0,846.0,846.0,875.0,900.0,900.0,900.0,900.0,900.0,930.0,930.0,930.0,930.0,930.0,930.0,940.0,940.0,940.0,951.0,1025.0,1025.0,1025.0,1025.0,1025.0,1025.0,1025.0,1025.0,1025.0,1025.0,1025.0,1025.0,1025.0,1025.0,1025.0,1025.0,1025.0,1025.0,1025.0,1025.0,1025.0,1025.0,1025.0,1025.0,1025.0,1025.0,1025.0,1025.0,1025.0,1025.0,1025.0,1025.0,1025.0,1025.0,1025.0,1025.0,1025.0,1025.0,1025.0,1025.0,1025.0,1025.0,1025.0,1025.0,1025.0,1025.0,1025.0,1025.0,1025.0,1025.0,1025.0,1025.0,1025.0,1025.0,1025.0,1025.0,1025.0,1025.0,1025.0,1025.0,1025.0,1025.0,1025.0,1025.0,1025.0,1025.0,1025.0,1025.0,1025.0,1025.0,1025.0,1025.0,1035.0,1044.0,1083.0,1186.0,1289.0,1393.0,1482.0,1553.0,1658.0,1763.0,1867.0,1901.0,1999.0,2102.0,2190.0,2248.0,2274.0,2274.0,2274.0,2274.0,2274.0,2274.0,2274.0,2274.0,2274.0,2274.0,2274.0,2274.0,2274.0,2274.0,2274.0,2274.0,2274.0,2274.0,2274.0,2274.0,2274.0,2274.0,2274.0,2274.0,2274.0,2274.0,2274.0,2274.0,2274.0,2274.0,2274.0,2274.0,2274.0,2274.0,2274.0,2274.0,2274.0,2274.0,2274.0,2274.0,2274.0,2274.0,2274.0,2274.0,2274.0,2274.0,2274.0,2274.0,2274.0,2274.0,2274.0,2274.0,2274.0,2274.0,2274.0,2274.0,2274.0,2274.0,2343.0,2344.0,2411.0,2493.0,2596.0,2689.0,2789.0,2828.0,2930.0,3026.0,3127.0,3214.0,3304.0,3354.0,3416.0,3416.0,3416.0,3416.0,3416.0,3416.0,3416.0,3416.0,3416.0,3416.0,3416.0,3416.0,3416.0,3416.0,3416.0,3416.0,3416.0,3416.0,3416.0,3416.0,3416.0,3416.0,3416.0,3416.0,3416.0,3416.0,3416.0,3416.0,3416.0,3416.0,3416.0,3416.0,3416.0,3416.0,3416.0,3416.0,3416.0,3416.0,3416.0,3416.0,3416.0,3416.0,3416.0,3416.0,3416.0,3416.0,3416.0,3416.0,3416.0,3416.0,3416.0,3416.0,3416.0,3416.0,3416.0,3416.0,3416.0,3416.0,3472.0,3482.0,3512.0,3551.0,3581.0,3594.0,3626.0,3654.0,3684.0,3702.0,3719.0,3719.0,3729.0,3759.0,3772.0,3772.0,3772.0,3772.0,3772.0,3772.0,3772.0,3772.0,3772.0,3772.0,3772.0,3772.0,3772.0,3772.0,3772.0,3772.0,3772.0,3772.0,3772.0,3784.0,3784.0,3784.0,3784.0,3803.0,3817.0,3817.0,3819.0,3845.0,3845.0,3845.0,3845.0,3845.0,3880.0,3894.0,3894.0,3894.0,3894.0,3894.0,3916.0,3916.0,3916.0,3935.0,3935.0,3952.0,3952.0,3952.0,3973.0,3991.0,3991.0,3991.0,3991.0,3991.0,3991.0,3991.0,3991.0,3991.0,3991.0,3991.0,3991.0,3991.0,3991.0,3991.0,3991.0,3991.0,3991.0,3991.0,3991.0,3991.0,3991.0,3991.0,4017.0,4083.0,4083.0,4110.0,4156.0,4156.0,4156.0,4156.0,4156.0,4156.0,4156.0,4156.0,4156.0,4156.0,4156.0,4156.0,4156.0,4156.0,4156.0,4156.0,4156.0,4156.0,4156.0,4168.0,4168.0,4196.0,4214.0,4230.0,4246.0,4288.0,4306.0,4316.0,4316.0,4345.0,4359.0,4386.0,4403.0,4438.0,4438.0,4453.0,4473.0,4482.0,4510.0,4510.0,4510.0,4510.0,4510.0,4510.0,4510.0,4510.0,4510.0,4510.0,4510.0,4510.0,4510.0,4510.0,4510.0,4510.0,4510.0,4510.0,4510.0,4510.0,4510.0,4510.0,4510.0,4510.0,4510.0,4510.0,4510.0,4510.0,4510.0,4510.0,4510.0,4510.0,4510.0,4510.0,4510.0,4510.0,4510.0,4510.0,4510.0,4510.0,4510.0,4510.0,4510.0,4510.0,4510.0,4510.0,4510.0,4510.0,4510.0,4510.0,4510.0,4510.0,4510.0,4510.0,4510.0,4510.0,4510.0,4510.0,4510.0,4510.0,4510.0,4510.0,4510.0,4510.0,4510.0,4510.0,4510.0,4510.0,4510.0,4510.0,4510.0,4510.0,4510.0,4510.0,4510.0,4510.0,4510.0,4510.0,4510.0,4510.0,4510.0,4510.0,4510.0,4510.0,4510.0,4510.0,4510.0,4510.0,4510.0,4510.0,4510.0,4510.0,4510.0,4510.0,4510.0,4510.0,4510.0,4510.0,4510.0,4510.0,4510.0,4510.0,4510.0,4510.0,4510.0,4510.0,4510.0,4510.0,4510.0,4510.0,4510.0,4510.0,4512.0,4537.0,4614.0,4734.0,4852.0,4971.0,5091.0,5212.0,5330.0,5449.0,5565.0,5682.0,5794.0,5903.0,6016.0,6133.0,6246.0,6360.0,6473.0,6586.0,6697.0,6810.0,6928.0,7044.0,7154.0,7233.0,7295.0,7295.0,7295.0,7295.0,7295.0,7295.0,7295.0,7295.0,7295.0,7295.0,7295.0,7295.0,7295.0,7295.0,7295.0,7295.0,7295.0,7295.0,7295.0,7295.0,7295.0,7295.0,7295.0,7295.0,7295.0,7295.0,7295.0,7295.0,7295.0,7295.0,7295.0,7295.0,7295.0,7295.0,7295.0,7295.0,7295.0,7295.0,7295.0,7295.0,7295.0,7295.0,7295.0,7295.0,7295.0,7295.0,7295.0,7295.0,7295.0,7295.0,7295.0,7295.0,7295.0,7295.0,7295.0,7295.0,7295.0,7295.0,7295.0,7295.0,7295.0,7295.0,7295.0,7295.0,7295.0,7295.0,7295.0,7295.0,7295.0,7295.0,7295.0,7295.0,7295.0,7295.0,7295.0,7295.0,7295.0,7295.0,7295.0,7295.0,7295.0,7295.0,7295.0,7295.0,7295.0,7295.0,7380.0,7454.0,7454.0,7454.0,7528.0,7570.0,7611.0,7611.0,7611.0,7611.0,7611.0,7611.0,7611.0,7676.0,7698.0,7698.0,7698.0,7698.0,7742.0,7847.0,8020.0,8198.0,8376.0,8553.0,8714.0,8870.0,9048.0,9226.0,9400.0,9559.0,9730.0,9904.0,10080.0,10255.0,10425.0,10573.0,10731.0,10893.0,11061.0,11229.0,11393.0,11570.0,11747.0,11925.0,12101.0,12278.0,12448.0,12623.0,12796.0,12969.0,13144.0,13314.0,13486.0,13659.0,13832.0,14008.0,14181.0,14354.0,14525.0,14695.0,14867.0,15039.0,15209.0,15383.0,15555.0,15714.0,15885.0,16056.0,16223.0,16383.0,16550.0,16716.0,16888.0,17057.0,17224.0,17379.0,17545.0,17717.0,17884.0,18051.0,18212.0,18384.0,18544.0,18712.0,18877.0,19049.0,19213.0,19380.0,19547.0,19717.0,19881.0,20052.0,20216.0,20390.0,20564.0,20700.0,20704.0,20704.0,20704.0,20704.0,20704.0,20704.0,20704.0,20704.0,20704.0,20704.0,20704.0,20729.0,20773.0,20773.0,20773.0,20773.0,20773.0,20773.0,20773.0,20773.0,20773.0,20773.0,20824.0,20895.0,20909.0,20909.0,20909.0,20909.0,20909.0,20909.0,20909.0,20909.0,20909.0,20909.0,20909.0,20909.0,20909.0,20909.0,20909.0,20909.0,20909.0,20909.0,20909.0,20909.0,20909.0,20909.0,20909.0,20909.0,20909.0,20909.0,20909.0,20909.0,20909.0,,,,,,,,,,,,,,,,,,,,,,,,,,,,,,,,,,,,,,,,,,,,,,,,,,,,,,,,,,,,,,,,,,,,,,,,,,,,,,,,,,,,,,,,,,,,,,,,,,,,,,,,,,,,,,,,,,,,,,,,,,,,,
2018-03-29,ios,,,,,,,,,,,,,,,,,,,,,,,,,,,,,,,,,,,,,,,,,,,,,,,,,,,,,,,,,,,,,,,,,,,,,,,,,,,,,,,,,,,,,,,,,,,,,,,,,,,,,,,,,,,,,,,,,,,,,,,,,,,,,,,,,,,,,,,,,,,,,,,,,,,,,,,,,,,,,,,,,,,,,,,,,,,,,,,,,,,,,,,,,,,,,,,,,,,,,,,,,,,,,,,,,,,,,,,,,,,,,,,,,,,,,,,,,,,,,,,,,,,,,,,,,,,,,,,,,,,,,,,,,,,,,,,,,,,,,,,,,,,,,,,,,,,,,,,,,,,,,,,,,,,,,,,,,,,,,,,,,,,,,,,,,,,,,,,,,,,,,,,,,,,,,,,,,,,,,,,,,,,,,,,,,,,,,,,,,,,,,,,,,,,,,,,,,,,,,,,,,,,,,,,,,,,,,,,,,,,,,,,,,,,,,,,,,,,,,,,,,,,,,,,,,,,,,,,,,,,,,,,,,,,,,,,,,,,,,,,,,,,,,,,,,,,,,,,,61.0,62.0,88.0,131.0,134.0,134.0,134.0,134.0,134.0,134.0,134.0,134.0,134.0,134.0,134.0,134.0,134.0,134.0,134.0,134.0,134.0,134.0,134.0,134.0,134.0,134.0,134.0,134.0,134.0,134.0,134.0,134.0,134.0,134.0,174.0,185.0,185.0,185.0,185.0,185.0,185.0,185.0,185.0,185.0,185.0,185.0,185.0,185.0,185.0,185.0,185.0,185.0,185.0,185.0,185.0,185.0,185.0,185.0,185.0,185.0,185.0,185.0,185.0,185.0,185.0,185.0,185.0,185.0,185.0,185.0,185.0,185.0,185.0,185.0,185.0,185.0,185.0,185.0,185.0,185.0,185.0,185.0,185.0,185.0,185.0,185.0,185.0,185.0,185.0,185.0,185.0,185.0,185.0,185.0,185.0,185.0,185.0,185.0,185.0,185.0,185.0,185.0,185.0,185.0,185.0,185.0,185.0,185.0,185.0,185.0,185.0,185.0,185.0,185.0,185.0,185.0,185.0,185.0,185.0,185.0,185.0,185.0,185.0,185.0,185.0,185.0,185.0,185.0,185.0,185.0,185.0,185.0,185.0,185.0,185.0,185.0,185.0,185.0,185.0,185.0,185.0,185.0,185.0,185.0,185.0,185.0,185.0,185.0,185.0,185.0,185.0,185.0,185.0,185.0,185.0,185.0,185.0,185.0,185.0,185.0,185.0,185.0,185.0,185.0,185.0,185.0,185.0,185.0,185.0,185.0,185.0,185.0,185.0,185.0,185.0,185.0,185.0,185.0,185.0,185.0,185.0,185.0,185.0,185.0,185.0,185.0,185.0,185.0,185.0,185.0,185.0,185.0,185.0,185.0,185.0,185.0,185.0,185.0,185.0,185.0,185.0,185.0,187.0,241.0,241.0,241.0,241.0,241.0,259.0,259.0,259.0,276.0,276.0,276.0,276.0,328.0,380.0,380.0,380.0,380.0,380.0,380.0,380.0,380.0,380.0,380.0,380.0,380.0,380.0,380.0,380.0,380.0,380.0,380.0,380.0,380.0,380.0,380.0,380.0,380.0,380.0,380.0,380.0,380.0,380.0,380.0,380.0,380.0,380.0,380.0,380.0,380.0,380.0,380.0,380.0,380.0,380.0,380.0,380.0,380.0,380.0,380.0,380.0,380.0,380.0,380.0,380.0,380.0,380.0,380.0,380.0,380.0,380.0,380.0,380.0,380.0,380.0,380.0,380.0,380.0,380.0,380.0,380.0,380.0,380.0,380.0,380.0,380.0,380.0,380.0,380.0,380.0,380.0,380.0,380.0,380.0,380.0,380.0,380.0,380.0,380.0,380.0,380.0,380.0,380.0,380.0,380.0,380.0,380.0,380.0,380.0,380.0,380.0,380.0,380.0,380.0,380.0,380.0,380.0,380.0,380.0,380.0,380.0,380.0,380.0,380.0,380.0,380.0,380.0,380.0,391.0,406.0,406.0,428.0,436.0,436.0,474.0,500.0,500.0,500.0,500.0,500.0,500.0,500.0,500.0,500.0,500.0,500.0,500.0,565.0,627.0,627.0,627.0,627.0,627.0,627.0,627.0,627.0,627.0,627.0,627.0,627.0,627.0,627.0,627.0,627.0,627.0,627.0,627.0,627.0,627.0,627.0,627.0,627.0,627.0,627.0,627.0,627.0,627.0,707.0,707.0,707.0,707.0,725.0,845.0,967.0,1035.0,1085.0,1085.0,1085.0,1115.0,1115.0,1115.0,1115.0,1115.0,1115.0,1115.0,1115.0,1115.0,1115.0,1115.0,1115.0,1115.0,1115.0,1115.0,1115.0,1115.0,1115.0,1115.0,1115.0,1115.0,1115.0,1115.0,1115.0,1115.0,1115.0,1183.0,1335.0,1474.0,1527.0,1550.0,1627.0,1678.0,1754.0,1783.0,1833.0,1898.0,1975.0,2020.0,2021.0,2021.0,2021.0,2021.0,2021.0,2021.0,2021.0,2021.0,2024.0,2056.0,2056.0,2112.0,2226.0,2335.0,2439.0,2505.0,2526.0,2574.0,2603.0,2603.0,2603.0,2603.0,2603.0,2603.0,2603.0,2603.0,2603.0,2603.0,2603.0,2603.0,2603.0,2603.0,2603.0,2603.0,2603.0,2603.0,2603.0,2603.0,2603.0,2603.0,2603.0,2603.0,2603.0,2603.0,2603.0,2603.0,2603.0,2603.0,2603.0,2603.0,2603.0,2603.0,2603.0,2603.0,2603.0,2603.0,2603.0,2603.0,2603.0,2603.0,2603.0,2603.0,2603.0,2603.0,2603.0,2603.0,2603.0,2603.0,2603.0,2603.0,2603.0,2603.0,2603.0,2603.0,2603.0,2603.0,2603.0,2603.0,2603.0,2603.0,2603.0,2603.0,2603.0,2603.0,2603.0,2603.0,2603.0,2603.0,2603.0,2603.0,2603.0,2603.0,2603.0,2603.0,2603.0,2603.0,2603.0,2603.0,2603.0,2603.0,2603.0,2603.0,2603.0,2603.0,2603.0,2603.0,2603.0,2603.0,2603.0,2603.0,2603.0,2603.0,2603.0,2603.0,2603.0,2603.0,2662.0,2662.0,2662.0,2768.0,2886.0,3011.0,3057.0,3114.0,3141.0,3141.0,3141.0,3186.0,3186.0,3186.0,3186.0,3186.0,3186.0,3186.0,3186.0,3186.0,3186.0,3194.0,3194.0,3194.0,3194.0,3206.0,3315.0,3367.0,3367.0,3367.0,3367.0,3367.0,3402.0,3402.0,3402.0,3402.0,3402.0,3402.0,3402.0,3402.0,3402.0,3402.0,3402.0,3402.0,3402.0,3402.0,3402.0,3402.0,3402.0,3402.0,3402.0,3402.0,3402.0,3402.0,3402.0,3402.0,3402.0,3402.0,3402.0,3402.0,3402.0,3402.0,3402.0,3402.0,3402.0,3402.0,3402.0,3402.0,3402.0,3402.0,3402.0,3402.0,3402.0,3402.0,3402.0,3402.0,3402.0,3402.0,3402.0,3402.0,3402.0,3402.0,3402.0,3402.0,3402.0,3402.0,3402.0,3402.0,3402.0,3402.0,3402.0,3402.0,3402.0,3402.0,3402.0,3402.0,3402.0,3402.0,3402.0,3402.0,3402.0,3402.0,3402.0,3402.0,3402.0,3402.0,3402.0,3402.0,3402.0,3409.0,3409.0,3409.0,3409.0,3417.0,3501.0,3526.0,3526.0,3526.0,3538.0,3538.0,3538.0,3538.0,3538.0,3538.0,3582.0,3672.0,3720.0,3734.0,3742.0,3742.0,3742.0,3742.0,3742.0,3742.0,3742.0,3742.0,3742.0,3742.0,3742.0,3742.0,3742.0,3742.0,3742.0,3742.0,3742.0,3809.0,3929.0,4099.0,4237.0,4406.0,4556.0,4724.0,4879.0,5050.0,5225.0,5330.0,5373.0,5549.0,5730.0,5916.0,6099.0,6284.0,6468.0,6642.0,6811.0,6974.0,7141.0,7309.0,7472.0,7640.0,7803.0,7971.0,8138.0,8308.0,8478.0,8650.0,8824.0,8993.0,9165.0,9335.0,9501.0,9673.0,9842.0,10013.0,10180.0,10352.0,10526.0,10704.0,10872.0,11040.0,11225.0,11416.0,11599.0,11784.0,11968.0,12164.0,12344.0,12545.0,12735.0,12939.0,13144.0,13304.0,13483.0,13675.0,13865.0,14056.0,14235.0,14424.0,14604.0,14789.0,14969.0,15144.0,15327.0,15504.0,15692.0,15869.0,16028.0,16215.0,16406.0,16586.0,16670.0,16670.0,16670.0,16670.0,16670.0,16670.0,16670.0,16670.0,16670.0,16670.0,16670.0,16670.0,16670.0,16670.0,16670.0,16691.0,16767.0,16859.0,16859.0,16859.0,16859.0,16859.0,16859.0,16859.0,16859.0,16859.0,16859.0,16859.0,,,,,,,,,,,,,,,,,,,,,,,,,,,,,,,,,,,,,,,,,,,,,,,,,,,,,,,,,,,,,,,,,,,,,,,,,,,,,,,,,,,,,,,,,,,,,,,,,,,,,,,,,,,,,,,,,,,,,,,,,,,,,,,,,,,,,,,,,,,,,,,,,,,,,,,,
2018-04-01,ios,,,,,,,,,,,,,,,,,,,,,,,,,,,,,,,,,,,,,,,,,,,,,,,,,,,,,,,,,,,,,,,,,,,,,,,,,,,,,,,,,,,,,,,,,,,,,,,,,,,,,,,,,,,,,,,,,,,,,,,,,,,,,,,,,,,,,,,,,,,,,,,,,,,,,,,,,,,,,,,,,,,,,,,,,,,,,,,,,,,,,,,,,,,,,,,,,,,,,,,,,,,,,,,,,,,,,,,,,,,,,,,,,,,,,,,,,,,,,,,,,,,,,,,,,,,,,,,,,,,,,,,,,,,,,,,,,,,,,,,,,,,,,,,,,,,,,,,,,,,,,,,,,,,,,,,,,,,15.0,15.0,15.0,15.0,15.0,15.0,15.0,15.0,15.0,15.0,15.0,15.0,15.0,15.0,15.0,15.0,15.0,41.0,41.0,115.0,179.0,225.0,225.0,225.0,225.0,244.0,244.0,244.0,244.0,244.0,244.0,244.0,244.0,244.0,244.0,244.0,244.0,244.0,244.0,244.0,244.0,244.0,244.0,244.0,244.0,244.0,244.0,244.0,252.0,252.0,252.0,252.0,252.0,252.0,252.0,252.0,252.0,252.0,252.0,252.0,252.0,252.0,315.0,383.0,445.0,447.0,470.0,576.0,680.0,693.0,693.0,753.0,848.0,932.0,936.0,936.0,936.0,936.0,936.0,936.0,936.0,936.0,949.0,1031.0,1135.0,1243.0,1356.0,1472.0,1582.0,1610.0,1618.0,1693.0,1693.0,1693.0,1693.0,1693.0,1708.0,1708.0,1708.0,1708.0,1708.0,1708.0,1708.0,1708.0,1708.0,1708.0,1708.0,1708.0,1708.0,1708.0,1708.0,1708.0,1708.0,1708.0,1708.0,1708.0,1708.0,1708.0,1708.0,1708.0,1708.0,1708.0,1708.0,1708.0,1708.0,1708.0,1729.0,1832.0,1878.0,1961.0,1961.0,1961.0,1961.0,1961.0,1961.0,1961.0,1961.0,1961.0,1961.0,1961.0,1961.0,1961.0,1961.0,1961.0,1961.0,1961.0,1961.0,1961.0,1961.0,1985.0,1985.0,1985.0,1985.0,1985.0,1985.0,1992.0,1992.0,1992.0,2018.0,2018.0,2074.0,2194.0,2282.0,2282.0,2340.0,2497.0,2676.0,2855.0,3035.0,3214.0,3375.0,3541.0,3676.0,3832.0,3912.0,4090.0,4264.0,4437.0,4618.0,4781.0,4961.0,5144.0,5323.0,5504.0,5685.0,5865.0,6046.0,6228.0,6408.0,6517.0,6673.0,6854.0,7037.0,7213.0,7394.0,7573.0,7753.0,7937.0,8122.0,8297.0,8471.0,8563.0,8634.0,8788.0,8974.0,9128.0,9161.0,9234.0,9394.0,9579.0,9765.0,9945.0,10046.0,10059.0,10104.0,10104.0,10151.0,10300.0,10474.0,10653.0,10836.0,11017.0,11201.0,11378.0,11562.0,11747.0,11908.0,12047.0,12227.0,12403.0,12590.0,12774.0,12960.0,13146.0,13331.0,13515.0,13699.0,13880.0,14063.0,14247.0,14430.0,14538.0,14704.0,14886.0,15061.0,15246.0,15432.0,15616.0,15772.0,15939.0,16124.0,16311.0,16498.0,16629.0,16813.0,16997.0,17166.0,17346.0,17531.0,17712.0,17815.0,17988.0,18131.0,18249.0,18430.0,18590.0,18715.0,18823.0,18929.0,18929.0,18929.0,18957.0,18957.0,18957.0,18957.0,18957.0,18957.0,18957.0,18957.0,18973.0,18973.0,18973.0,18973.0,18973.0,18973.0,19002.0,19089.0,19113.0,19113.0,19113.0,19113.0,19113.0,19136.0,19136.0,19164.0,19185.0,19185.0,19185.0,19185.0,19185.0,19185.0,19185.0,19185.0,19185.0,19228.0,19302.0,19311.0,19311.0,19311.0,19311.0,19311.0,19412.0,19499.0,19538.0,19538.0,19538.0,19538.0,19538.0,19538.0,19538.0,19538.0,19546.0,19546.0,19608.0,19685.0,19738.0,19742.0,19742.0,19742.0,19742.0,19742.0,19772.0,19772.0,19772.0,19772.0,19772.0,19772.0,19772.0,19772.0,19772.0,19772.0,19772.0,19772.0,19772.0,19772.0,19772.0,19772.0,19772.0,19772.0,19772.0,19772.0,19772.0,19772.0,19772.0,19772.0,19772.0,19772.0,19772.0,19772.0,19772.0,19772.0,19772.0,19772.0,19772.0,19772.0,19772.0,19772.0,19772.0,19772.0,19772.0,19772.0,19772.0,19772.0,19772.0,19772.0,19772.0,19772.0,19772.0,19772.0,19772.0,19772.0,19772.0,19772.0,19772.0,19772.0,19772.0,19772.0,19772.0,19772.0,19772.0,19772.0,19772.0,19772.0,19772.0,19772.0,19772.0,19772.0,19772.0,19772.0,19772.0,19772.0,19772.0,19772.0,19772.0,19772.0,19772.0,19792.0,19880.0,19982.0,20083.0,20183.0,20290.0,20399.0,20508.0,20614.0,20713.0,20782.0,20782.0,20782.0,20782.0,20782.0,20782.0,20782.0,20782.0,20782.0,20782.0,20782.0,20782.0,20782.0,20782.0,20782.0,20782.0,20782.0,20782.0,20782.0,20782.0,20782.0,20782.0,20782.0,20782.0,20782.0,20782.0,20782.0,20782.0,20782.0,20782.0,20782.0,20782.0,20782.0,20782.0,20782.0,20782.0,20782.0,20782.0,20782.0,20782.0,20782.0,20782.0,20782.0,20782.0,20782.0,20782.0,20782.0,20782.0,20782.0,20782.0,20782.0,20782.0,20782.0,20782.0,20782.0,20782.0,20782.0,20782.0,20782.0,20782.0,20782.0,20782.0,20782.0,20805.0,20830.0,20873.0,20950.0,21033.0,21124.0,21190.0,21263.0,21362.0,21445.0,21456.0,21527.0,21630.0,21721.0,21821.0,21927.0,21999.0,22104.0,22179.0,22284.0,22386.0,22493.0,22581.0,22673.0,22753.0,22844.0,22932.0,23031.0,23074.0,23074.0,23105.0,23121.0,23121.0,23130.0,23141.0,23141.0,23141.0,23141.0,23149.0,23149.0,23149.0,23165.0,23195.0,23246.0,23316.0,23389.0,23492.0,23601.0,23708.0,23792.0,23893.0,23975.0,23986.0,23986.0,23986.0,23986.0,23986.0,24063.0,24082.0,24098.0,24202.0,24296.0,24312.0,24312.0,24323.0,24323.0,24406.0,24489.0,24529.0,24547.0,24577.0,24577.0,24577.0,24577.0,24577.0,24577.0,24577.0,24577.0,24577.0,24577.0,24577.0,24577.0,24577.0,24577.0,24577.0,24602.0,24615.0,24615.0,24615.0,24615.0,24615.0,24615.0,24615.0,24615.0,24615.0,24615.0,24615.0,24615.0,24615.0,24615.0,24615.0,24615.0,24615.0,24615.0,24615.0,24615.0,24615.0,24615.0,24615.0,24615.0,24615.0,24615.0,24615.0,24615.0,24615.0,24615.0,24615.0,24615.0,24615.0,24615.0,24615.0,24615.0,24615.0,24615.0,24615.0,24615.0,24615.0,24615.0,24615.0,24615.0,24615.0,24615.0,24615.0,24615.0,24615.0,24615.0,24615.0,24615.0,24615.0,24615.0,24615.0,24615.0,24615.0,24615.0,24615.0,24615.0,24615.0,24615.0,24615.0,24615.0,24615.0,24615.0,24615.0,24615.0,24615.0,24615.0,24615.0,24615.0,24615.0,24615.0,24615.0,24615.0,24615.0,24615.0,24615.0,24615.0,24615.0,24615.0,24615.0,24615.0,24615.0,24615.0,24615.0,24615.0,24615.0,24615.0,24615.0,24615.0,24615.0,24615.0,24615.0,24615.0,24615.0,24615.0,24615.0,24615.0,24615.0,24615.0,24615.0,24615.0,24615.0,24615.0,24615.0,24615.0,24615.0,24615.0,24615.0,24615.0,24615.0,24615.0,24615.0,24615.0,24615.0,24615.0,24615.0,24615.0,24615.0,24615.0,24615.0,24615.0,24615.0,24615.0,24615.0,24615.0,24615.0,24615.0,24615.0,24615.0,24615.0,24637.0,24637.0,24637.0,24637.0,24637.0,24637.0,24637.0,24637.0,24637.0,24637.0,24637.0,24637.0,24637.0,24690.0,24770.0,24867.0,24970.0,25061.0,25154.0,25248.0,25352.0,25450.0,25554.0,25659.0,25719.0,25798.0,25904.0,25961.0,26059.0,26158.0,26257.0,26361.0,26456.0,26523.0,26616.0,26709.0,26747.0,26792.0,26792.0,26792.0,26792.0,26792.0,26792.0,26792.0,26792.0,26792.0,26792.0,26792.0,26792.0,26792.0,26792.0,26792.0,26792.0,26792.0,26792.0,26792.0,26792.0,26792.0,26792.0,26792.0,26792.0,26792.0,26802.0,26838.0,26844.0,26856.0,26856.0,26856.0,26856.0,26892.0,26930.0,27010.0,27020.0,27038.0,27143.0,27235.0,27316.0,27435.0,27505.0,27621.0,27708.0,27819.0,27926.0,27960.0,28025.0,28080.0,28193.0,28312.0,28418.0,28534.0,28595.0,28662.0,28758.0,28825.0,28924.0,28999.0,29061.0,29061.0,29061.0,29165.0,29217.0,29217.0,29217.0,29217.0,29217.0,29217.0,29225.0,29329.0,29394.0,29470.0,29492.0,29525.0,29646.0,29759.0,29831.0,29935.0,30045.0,30162.0,30272.0,30346.0,30462.0,30559.0,30662.0,30747.0,30855.0,30970.0,31084.0,31172.0,31289.0,31404.0,31468.0,31548.0,31586.0,31586.0,31586.0,31586.0,31586.0,31586.0,31586.0,31586.0,31586.0,31586.0,31586.0,31586.0,31586.0,31586.0,31586.0,31586.0,31586.0,31586.0,31586.0,31586.0,31586.0,31586.0,31586.0,31586.0,31586.0,31586.0,31586.0,31586.0,31586.0,31586.0,31586.0,31586.0,31586.0,31586.0,31586.0,31586.0,31586.0,31586.0,31586.0,31586.0,31586.0,31586.0,31586.0,31586.0,31586.0,31586.0,31586.0,31586.0,31586.0,31586.0,31586.0,31586.0,31586.0,31586.0,31586.0,31586.0,31586.0,31586.0,31586.0,31586.0,31586.0,31586.0,31586.0,31586.0,31586.0,31586.0,31586.0,31586.0,31586.0,31586.0,31586.0,31586.0,31586.0,31586.0,31586.0,31586.0,31586.0,31586.0,31613.0,31613.0,31613.0,31613.0,31613.0,31613.0,31613.0,31613.0,31613.0,31613.0,31613.0,31613.0,31613.0,31613.0,31613.0,31613.0,31613.0,31613.0,31613.0,31613.0,31613.0,31613.0,31613.0,31613.0,31613.0,31613.0,31613.0,31613.0,31613.0,31613.0,31613.0,31613.0,31613.0,31613.0,31613.0,31613.0,31613.0,31613.0,31613.0,31613.0,31613.0,31613.0,31613.0,31613.0,31613.0,31613.0,31613.0,31613.0,31613.0,31613.0,31613.0,31613.0,31613.0,31613.0,31613.0,31613.0,31613.0,31613.0,31613.0,31613.0,31613.0,31613.0,31613.0,31613.0,31613.0,31613.0,31613.0,31613.0,31613.0,31613.0,31613.0,31613.0,31613.0,31613.0,31613.0,31613.0,31613.0,31613.0,31613.0,31613.0,31613.0,31613.0,31613.0,31613.0,31613.0,31613.0,31613.0,31613.0,31613.0,31613.0,31613.0,31613.0,31613.0,31613.0,31613.0,31613.0,31613.0,31613.0,31613.0,31613.0,31613.0,31613.0,31613.0,31613.0,31613.0,31613.0,31613.0,31613.0,31613.0,31613.0,31613.0,31613.0,31613.0,31613.0,31613.0,31613.0,31613.0,31613.0,31613.0,31613.0,31613.0,31613.0,31613.0,31613.0,31613.0,31613.0,31613.0,31613.0,31613.0,31613.0,31613.0,31613.0,31613.0,31613.0,31613.0,31613.0,31613.0,31613.0,31613.0,31613.0,31613.0,,,,,,,,,,,,,,,,,,,,,,,,,,,,,,,,,,,,,,,,,,,,,,,,,,,,,,,,,,,,,,,,,,,,,,,,,,,,,
2018-04-02,ios,,,,,,,,,,,,,,,,,,,,,,,,,,,,,,,,,,,,,,,,,,,,,,,,,,,,,,,,,,,,,,,,,,,,,,,,,,,,,,,,,,,,,,,,,,,,,,,,,,,,,,,,,,,,,,,,,,,,,,,,,,,,,,,,,,,,,,,,,,,,,,,,,,,,,,,,,,,,,,,,,,,,,,,,,,,,,,,,,,,,,,,,,,,,,,,,,,,,,,,,,,,,,,,,,,,,,,,,,,,,,,,,,,,,,,,,,,,,,,,,,,,,,,,,,,,,,,,,,,,,,,,,,,,,,,,,,,,,,,,,,,,,,,,,,,,,,,,,,,,,,,,,,,,,,,,,,,,,,,,,,,,,,,,,,,,,,,,,,,,,,,,,,,,,,,,,,,,,,,,,,,,,,,,,,,,,,,,,,,,,,,,,,,,,,,,,,,,,,,,,,,,,,,,,,,,,,,,,,,,,,,,,,,,,,,,,,,,,,,,,,,,,,,,,,,,,,,,,28.0,28.0,28.0,28.0,41.0,41.0,41.0,41.0,41.0,41.0,41.0,49.0,53.0,53.0,61.0,61.0,61.0,84.0,96.0,96.0,96.0,96.0,96.0,96.0,96.0,96.0,96.0,96.0,96.0,96.0,96.0,96.0,96.0,96.0,96.0,96.0,96.0,96.0,96.0,96.0,96.0,96.0,96.0,96.0,96.0,96.0,96.0,96.0,96.0,96.0,96.0,96.0,96.0,96.0,96.0,107.0,204.0,306.0,344.0,344.0,344.0,344.0,344.0,344.0,344.0,344.0,344.0,385.0,415.0,415.0,415.0,415.0,415.0,415.0,415.0,415.0,415.0,415.0,415.0,415.0,415.0,415.0,415.0,415.0,415.0,415.0,415.0,415.0,415.0,415.0,415.0,415.0,415.0,415.0,415.0,415.0,415.0,415.0,415.0,415.0,415.0,415.0,415.0,415.0,415.0,415.0,415.0,415.0,415.0,415.0,415.0,415.0,415.0,415.0,415.0,415.0,449.0,543.0,667.0,780.0,785.0,785.0,785.0,799.0,816.0,918.0,1023.0,1142.0,1144.0,1144.0,1144.0,1192.0,1270.0,1293.0,1293.0,1293.0,1305.0,1339.0,1339.0,1344.0,1376.0,1438.0,1452.0,1452.0,1452.0,1452.0,1452.0,1452.0,1452.0,1452.0,1452.0,1452.0,1452.0,1452.0,1452.0,1452.0,1452.0,1452.0,1452.0,1452.0,1452.0,1452.0,1452.0,1452.0,1452.0,1452.0,1452.0,1452.0,1452.0,1452.0,1452.0,1452.0,1452.0,1452.0,1452.0,1452.0,1452.0,1452.0,1452.0,1452.0,1452.0,1452.0,1452.0,1452.0,1452.0,1452.0,1452.0,1452.0,1452.0,1452.0,1452.0,1452.0,1452.0,1452.0,1452.0,1452.0,1452.0,1452.0,1452.0,1452.0,1452.0,1452.0,1452.0,1452.0,1452.0,1452.0,1452.0,1452.0,1452.0,1452.0,1452.0,1452.0,1452.0,1452.0,1452.0,1452.0,1452.0,1452.0,1452.0,1452.0,1452.0,1452.0,1452.0,1452.0,1452.0,1452.0,1452.0,1452.0,1452.0,1452.0,1452.0,1452.0,1452.0,1452.0,1452.0,1452.0,1476.0,1538.0,1538.0,1538.0,1538.0,1538.0,1538.0,1538.0,1538.0,1538.0,1538.0,1538.0,1538.0,1581.0,1621.0,1621.0,1621.0,1621.0,1621.0,1621.0,1621.0,1621.0,1621.0,1621.0,1621.0,1621.0,1621.0,1621.0,1621.0,1621.0,1631.0,1643.0,1643.0,1643.0,1643.0,1643.0,1643.0,1643.0,1643.0,1643.0,1643.0,1643.0,1643.0,1643.0,1643.0,1643.0,1643.0,1643.0,1643.0,1643.0,1643.0,1643.0,1643.0,1643.0,1643.0,1643.0,1643.0,1643.0,1643.0,1643.0,1643.0,1643.0,1643.0,1643.0,1643.0,1643.0,1643.0,1643.0,1643.0,1643.0,1643.0,1643.0,1643.0,1643.0,1643.0,1643.0,1643.0,1643.0,1643.0,1643.0,1643.0,1643.0,1643.0,1643.0,1643.0,1643.0,1643.0,1643.0,1643.0,1643.0,1643.0,1643.0,1643.0,1643.0,1643.0,1643.0,1643.0,1643.0,1643.0,1643.0,1643.0,1643.0,1643.0,1643.0,1643.0,1643.0,1643.0,1643.0,1643.0,1643.0,1643.0,1643.0,1643.0,1643.0,1643.0,1643.0,1643.0,1643.0,1643.0,1643.0,1643.0,1643.0,1643.0,1643.0,1643.0,1643.0,1643.0,1643.0,1643.0,1643.0,1643.0,1643.0,1643.0,1643.0,1643.0,1643.0,1643.0,1643.0,1643.0,1668.0,1669.0,1669.0,1669.0,1669.0,1687.0,1711.0,1711.0,1711.0,1711.0,1711.0,1711.0,1711.0,1728.0,1744.0,1744.0,1744.0,1744.0,1744.0,1744.0,1744.0,1744.0,1744.0,1744.0,1744.0,1744.0,1744.0,1744.0,1744.0,1744.0,1744.0,1744.0,1744.0,1744.0,1744.0,1744.0,1744.0,1744.0,1744.0,1744.0,1744.0,1744.0,1744.0,1744.0,1744.0,1744.0,1744.0,1744.0,1744.0,1744.0,1744.0,1744.0,1744.0,1744.0,1744.0,1744.0,1744.0,1744.0,1744.0,1744.0,1744.0,1744.0,1744.0,1744.0,1744.0,1744.0,1744.0,1744.0,1744.0,1744.0,1744.0,1744.0,1744.0,1744.0,1744.0,1744.0,1744.0,1744.0,1744.0,1744.0,1744.0,1744.0,1744.0,1744.0,1744.0,1744.0,1744.0,1744.0,1744.0,1744.0,1744.0,1744.0,1744.0,1744.0,1744.0,1744.0,1744.0,1744.0,1744.0,1744.0,1744.0,1744.0,1744.0,1744.0,1744.0,1744.0,1744.0,1744.0,1744.0,1744.0,1744.0,1744.0,1744.0,1744.0,1744.0,1744.0,1744.0,1744.0,1744.0,1744.0,1744.0,1744.0,1744.0,1744.0,1744.0,1744.0,1744.0,1744.0,1744.0,1744.0,1744.0,1744.0,1744.0,1744.0,1744.0,1744.0,1744.0,1744.0,1744.0,1744.0,1744.0,1744.0,1744.0,1744.0,1744.0,1744.0,1744.0,1744.0,1744.0,1744.0,1744.0,1744.0,1744.0,1744.0,1744.0,1744.0,1744.0,1744.0,1744.0,1744.0,1744.0,1744.0,1744.0,1744.0,1744.0,1744.0,1744.0,1744.0,1744.0,1744.0,1744.0,1744.0,1744.0,1744.0,1744.0,1744.0,1744.0,1744.0,1744.0,1744.0,1744.0,1744.0,1744.0,1744.0,1744.0,1744.0,1744.0,1744.0,1744.0,1744.0,1744.0,1744.0,1744.0,1744.0,1744.0,1744.0,1744.0,1744.0,1744.0,1744.0,1744.0,1744.0,1744.0,1744.0,1744.0,1744.0,1744.0,1744.0,1744.0,1744.0,1744.0,1744.0,1744.0,1744.0,1744.0,1744.0,1744.0,1744.0,1744.0,1744.0,1744.0,1744.0,1744.0,1744.0,1744.0,1744.0,1744.0,1744.0,1744.0,1744.0,1744.0,1744.0,1780.0,1813.0,1813.0,1813.0,1813.0,1813.0,1834.0,1834.0,1892.0,2007.0,2052.0,2052.0,2052.0,2052.0,2052.0,2112.0,2204.0,2217.0,2217.0,2217.0,2217.0,2217.0,2217.0,2320.0,2353.0,2373.0,2486.0,2486.0,2486.0,2486.0,2486.0,2486.0,2486.0,2486.0,2486.0,2486.0,2486.0,2486.0,2486.0,2486.0,2486.0,2486.0,2486.0,2486.0,2486.0,2496.0,2496.0,2496.0,2496.0,2496.0,2496.0,2496.0,2496.0,2496.0,2496.0,2496.0,2496.0,2496.0,2496.0,2496.0,2496.0,2496.0,2496.0,2496.0,2496.0,2496.0,2496.0,2496.0,2496.0,2496.0,2496.0,2496.0,2496.0,2553.0,2626.0,2672.0,2784.0,2888.0,2929.0,3021.0,3044.0,3044.0,3044.0,3044.0,3044.0,3044.0,3044.0,3044.0,3044.0,3044.0,3044.0,3044.0,3044.0,3044.0,3044.0,3044.0,3044.0,3044.0,3044.0,3044.0,3044.0,3044.0,3044.0,3044.0,3044.0,3044.0,3044.0,3070.0,3070.0,3070.0,3070.0,3070.0,3104.0,3143.0,3233.0,3326.0,3401.0,3401.0,3462.0,3504.0,3518.0,3518.0,3518.0,3518.0,3518.0,3518.0,3518.0,3518.0,3518.0,3518.0,3518.0,3518.0,3518.0,3518.0,3518.0,3518.0,3518.0,3518.0,3518.0,3518.0,3518.0,3518.0,3518.0,3518.0,3518.0,3518.0,3518.0,3518.0,3518.0,3518.0,3518.0,3518.0,3518.0,3538.0,3538.0,3538.0,3538.0,3538.0,3538.0,3538.0,3538.0,3538.0,3538.0,3538.0,3538.0,3538.0,3538.0,3538.0,3538.0,3538.0,3538.0,3538.0,3538.0,3538.0,3538.0,3538.0,3538.0,3538.0,3538.0,3538.0,3538.0,3538.0,3538.0,3538.0,3538.0,3538.0,3538.0,3538.0,3538.0,3538.0,3538.0,3538.0,3538.0,3538.0,3538.0,3538.0,3538.0,3538.0,3538.0,3538.0,3538.0,3538.0,3538.0,3538.0,3538.0,3538.0,3538.0,3538.0,3538.0,3538.0,3538.0,3538.0,3538.0,3538.0,3538.0,3538.0,3538.0,3538.0,3538.0,3538.0,3538.0,3538.0,3538.0,3550.0,3550.0,3550.0,3550.0,3550.0,3550.0,3550.0,3550.0,3550.0,3550.0,3550.0,3550.0,3550.0,3550.0,3550.0,3550.0,3550.0,3550.0,3559.0,3571.0,3627.0,3677.0,3677.0,3677.0,3677.0,3677.0,3677.0,3725.0,3764.0,3764.0,3778.0,3862.0,3877.0,3877.0,3877.0,3877.0,3877.0,3877.0,3877.0,3877.0,3877.0,3877.0,3877.0,3877.0,3877.0,3877.0,3877.0,3877.0,3877.0,3877.0,3877.0,3877.0,3890.0,3890.0,3890.0,3890.0,3890.0,3890.0,3890.0,3890.0,3890.0,3890.0,3890.0,3890.0,3890.0,3890.0,3890.0,3890.0,3890.0,3890.0,3890.0,3890.0,3890.0,3890.0,3890.0,3890.0,3890.0,3890.0,3890.0,3890.0,3890.0,3890.0,3890.0,3890.0,3890.0,3890.0,3890.0,3890.0,3890.0,3890.0,3890.0,3890.0,3890.0,3890.0,3890.0,3890.0,3890.0,3890.0,3890.0,3890.0,3890.0,3890.0,3890.0,3890.0,3890.0,3890.0,3890.0,3890.0,3890.0,3890.0,3890.0,3890.0,3890.0,3890.0,3890.0,3890.0,3890.0,3890.0,3890.0,3890.0,3890.0,3890.0,3895.0,3907.0,3948.0,3948.0,3948.0,3948.0,3948.0,3948.0,3948.0,3948.0,3948.0,3948.0,3948.0,3948.0,3948.0,3948.0,,,,,,,,,,,,,,,,,
2018-04-05,ios,,,,,,,,,,,,,,,,,,,,,,,,,,,,,,,,,,,,,,,,,,,,,,,,,,,,,,,,,,,,,,,,,,,,,,,,,,,,,,,,,,,,,,,,,,,,,,,,,,,,,,,,,,,,,,,,,,,,,,,,,,,,,,,,,,,,,,,,,,,,,,,,,,,,,,,,,,,,,,,,,,,,,,,,,,,,,,,,,,,,,,,,,,,,,,,,,,,,,,,,,,,,,,,,,,,,,,,,,,,,,,,,,,,,,,,,,,,,,,,,,,,,,,,,,,,,,,,,,,,,,,,,,,,,,,,,,,,,,,,,,,,,,,,,,,,,,,,,,,,,,,,,,,,,,,,,,,,,,,,,,,,,,,,,,,,,,,,,,,,,,,,,,,,,,,,,,,,,,,,,,,,,,,,,,,,,,,,,,,,,,,,,,,,,,,,,,,,,,,,,,,,,,,,,,,,,,,,,,,,,,,,,,,,,,,,,,,,,,,,,,13.0,13.0,13.0,13.0,13.0,13.0,30.0,53.0,53.0,53.0,53.0,53.0,53.0,53.0,123.0,198.0,369.0,549.0,729.0,910.0,1077.0,1199.0,1376.0,1560.0,1745.0,1932.0,2120.0,2301.0,2487.0,2672.0,2848.0,3038.0,3199.0,3390.0,3579.0,3763.0,3951.0,4108.0,4293.0,4481.0,4669.0,4852.0,5034.0,5224.0,5410.0,5599.0,5793.0,5956.0,6141.0,6329.0,6515.0,6632.0,6677.0,6723.0,6846.0,6946.0,7061.0,7250.0,7441.0,7632.0,7814.0,8004.0,8196.0,8371.0,8557.0,8748.0,8934.0,9126.0,9320.0,9511.0,9703.0,9894.0,10084.0,10277.0,10466.0,10658.0,10852.0,11041.0,11234.0,11421.0,11601.0,11785.0,11954.0,12133.0,12325.0,12519.0,12706.0,12897.0,13088.0,13275.0,13469.0,13655.0,13845.0,14035.0,14227.0,14361.0,14499.0,14638.0,14823.0,14993.0,15175.0,15341.0,15471.0,15577.0,15658.0,15785.0,15947.0,16122.0,16207.0,16207.0,16207.0,16207.0,16207.0,16207.0,16207.0,16207.0,16207.0,16231.0,16231.0,16231.0,16231.0,16231.0,16231.0,16280.0,16298.0,16306.0,16379.0,16464.0,16580.0,16701.0,16820.0,16939.0,17056.0,,,,,,,,,,,,,,,,,,,,,,,,,,,,,,,,,,,,,,,,,,,,,,,,,,,,,,,,,,,,,,,,,,,,,,,,,,,,,,,,,,,,,,,,,,,,,,,,,,,,,,,,,,,,,,,,,,,,,,,,,,,,,,,,,,,,,,,,,,,,,,,,,,,,,,,,,,,,,,,,,,,,,,,,,,,,,,,,,,,,,,,,,,,,,,,,,,,,,,,,,,,,,,,,,,,,,,,,,,,,,,,,,,,,,,,,,,,,,,,,,,,,,,,,,,,,,,,,,,,,,,,,,,,,,,,,,,,,,,,,,,,,,,,,,,,,,,,,,,,,,,,,,,,,,,,,,,,,,,,,,,,,,,,,,,,,,,,,,,,,,,,,,,,,,,,,,,,,,,,,,,,,,,,,,,,,,,,,,,,,,,,,,,,,,,,,,,,,,,,,,,,,,,,,,,,,,,,,,,,,,,,,,,,,,,,,,,,,,,,,,,,,,,,,,,,,,,,,,,,,,,,,,,,,,,,,,,,,,,,,,,,,,,,,,,,,,,,,,,,,,,,,,,,,,,,,,,,,,,,,,,,,,,,,,,,,,,,,,,,,,,,,,,,,,,,,,,,,,,,,,,,,,,,,,,,,,,,,,,,,,,,,,,,,,,,,,,,,,,,,,,,,,,,,,,,,,,,,,,,,,,,,,,,,,,,,,,,,,,,,,,,,,,,,,,,,,,,,,,,,,,,,,,,,,,,,,,,,,,,,,,,,,,,,,,,,,,,,,,,,,,,,,,,,,,,,,,,,,,,,,,,,,,,,,,,,,,,,,,,,,,,,,,,,,,,,,,,,,,,,,,,,,,,,,,,,,,,,,,,,,,,,,,,,,,,,,,,,,,,,,,,,,,,,,,,,,,,,,,,,,,,,,,,,,,,,,,,,,,,,,,,,,,,,,,,,,,,,,,,,,,,,,,,
2018-04-07,ios,,,,,,,,,,,,,,,,,,,,,,,,,,,,,,,,,,,,,,,,,,,,,,,,,,,,,,,,,,,,,,,,,,,,,,,,,,,,,,,,,,,,,,,,,,,,,,,,,,,,,,,,,,,,,,,,,,,,,,,,,,,,,,,,,,,,,,,,,,,,,,,,,,,,,,,,,,,,,,,,,,,,,,,,,,,,,,,,,,,,,,,,,,,,,,,,,,,,,,,,,,,,,,,,,,,,,,,,,,,,,,,,,,,,,,,,,,,,,,,,,,,,,,,,,,,,,,,,,,,,,,,,,,,,,,,,,,,,,,,,,,,,,,,,,,,,,,,,,,,,,,,,,,,,,,,,,,,,,,,,,,,,,,,,,,,,,,,,,,,,,,,,,,,,,,,,,,,,,,,,,,,,,,,,,,,,,,,,,,,,,,,,,,,,,,,,,,,,,,,,,,,,,,,,,,,,,,,,,,,,,,,,,,,,,,,,,,,,,,,,,,,,,,,,,,,,10.0,10.0,10.0,10.0,10.0,10.0,10.0,10.0,10.0,10.0,10.0,10.0,10.0,10.0,10.0,10.0,10.0,10.0,10.0,10.0,10.0,10.0,10.0,10.0,10.0,10.0,10.0,10.0,10.0,10.0,10.0,10.0,10.0,10.0,10.0,10.0,10.0,10.0,10.0,10.0,10.0,10.0,10.0,10.0,10.0,10.0,18.0,18.0,18.0,18.0,18.0,18.0,18.0,18.0,18.0,18.0,18.0,18.0,18.0,18.0,18.0,18.0,18.0,18.0,52.0,175.0,351.0,530.0,706.0,878.0,1056.0,1218.0,1351.0,1530.0,1708.0,1872.0,2051.0,2175.0,2319.0,2498.0,2660.0,2841.0,3022.0,3196.0,3367.0,3548.0,3727.0,3888.0,4064.0,4243.0,4421.0,4598.0,4770.0,4949.0,5128.0,5307.0,5484.0,5652.0,5830.0,6008.0,6182.0,6352.0,6526.0,6697.0,6819.0,6988.0,7164.0,7329.0,7393.0,7446.0,7491.0,7491.0,7491.0,7491.0,7565.0,7623.0,7786.0,7981.0,8189.0,8346.0,8459.0,8573.0,8714.0,8916.0,9100.0,9289.0,9400.0,9517.0,9591.0,9792.0,9991.0,10198.0,10333.0,10450.0,10563.0,10721.0,10925.0,11130.0,11313.0,11396.0,11496.0,11618.0,11821.0,12025.0,12220.0,12327.0,12448.0,12536.0,12735.0,12927.0,13106.0,13236.0,13324.0,13427.0,13474.0,13474.0,13474.0,13486.0,13507.0,13507.0,13629.0,13786.0,13949.0,14122.0,14294.0,14408.0,14590.0,14769.0,14947.0,15126.0,15289.0,15473.0,15656.0,15823.0,15978.0,16047.0,16105.0,16196.0,16300.0,16406.0,16503.0,16521.0,16533.0,16533.0,16533.0,16533.0,16533.0,16533.0,16533.0,16533.0,16533.0,16533.0,16533.0,16533.0,16533.0,16533.0,16533.0,16533.0,16533.0,16533.0,16533.0,16533.0,16533.0,16533.0,16533.0,16533.0,16533.0,16533.0,16533.0,16533.0,16533.0,16533.0,16533.0,16533.0,16533.0,16533.0,16533.0,16533.0,16533.0,16533.0,16533.0,16533.0,16533.0,16533.0,16533.0,16533.0,16533.0,16533.0,16533.0,16533.0,16533.0,16533.0,16533.0,16533.0,16533.0,16533.0,16533.0,16533.0,16533.0,16533.0,16533.0,16533.0,16533.0,16533.0,16533.0,16533.0,16533.0,16599.0,16684.0,16684.0,16704.0,16823.0,16941.0,17057.0,17138.0,17229.0,17346.0,17465.0,17589.0,17713.0,17796.0,17915.0,18033.0,18056.0,18058.0,18066.0,18066.0,18174.0,18249.0,18249.0,18249.0,18249.0,18335.0,18448.0,18523.0,18639.0,18670.0,18670.0,18670.0,18670.0,18670.0,18670.0,18670.0,18670.0,18670.0,18670.0,18670.0,18670.0,18670.0,18670.0,18670.0,18670.0,18670.0,18670.0,18670.0,18670.0,18670.0,18670.0,18670.0,18670.0,18670.0,18670.0,18670.0,18670.0,18670.0,18670.0,18670.0,18670.0,18670.0,18670.0,18670.0,18670.0,18670.0,18670.0,18684.0,18684.0,18684.0,18684.0,18684.0,18684.0,18684.0,18684.0,18684.0,18684.0,18684.0,18684.0,18684.0,18684.0,18684.0,18684.0,18684.0,18684.0,18684.0,18684.0,18684.0,18684.0,18684.0,18684.0,18684.0,18684.0,18684.0,18684.0,18684.0,18684.0,18684.0,18684.0,18684.0,18684.0,18684.0,18684.0,18684.0,18684.0,18684.0,18684.0,18684.0,18684.0,18684.0,18684.0,18684.0,18684.0,18684.0,18684.0,18684.0,18684.0,18684.0,18684.0,18684.0,18684.0,18684.0,18684.0,18684.0,18684.0,18684.0,18684.0,18684.0,18684.0,18684.0,18684.0,18684.0,18684.0,18684.0,18684.0,18684.0,18684.0,18684.0,18684.0,18684.0,18684.0,18684.0,18684.0,18684.0,18684.0,18684.0,18684.0,18684.0,18684.0,18684.0,18684.0,18684.0,18684.0,18684.0,18684.0,18684.0,18684.0,18684.0,18684.0,18684.0,18684.0,18684.0,18684.0,18684.0,18684.0,18684.0,18684.0,18684.0,18684.0,18684.0,18684.0,18684.0,18684.0,18684.0,18684.0,18684.0,18684.0,18684.0,18684.0,18684.0,18684.0,18684.0,18684.0,18684.0,18684.0,18684.0,18684.0,18684.0,18684.0,18684.0,18684.0,18684.0,18684.0,18684.0,18684.0,18684.0,18684.0,18684.0,18684.0,18684.0,18684.0,18684.0,18684.0,18684.0,18701.0,18744.0,18744.0,18768.0,18768.0,18768.0,18768.0,18768.0,18768.0,18768.0,18768.0,18768.0,18768.0,18768.0,18768.0,18768.0,18787.0,18787.0,18787.0,18787.0,18822.0,18928.0,19052.0,19184.0,19319.0,19455.0,19592.0,19726.0,19864.0,19976.0,20107.0,20242.0,20375.0,20376.0,20423.0,20550.0,20677.0,20697.0,20715.0,20748.0,20784.0,20784.0,20784.0,20784.0,20784.0,20784.0,20784.0,20784.0,20784.0,20784.0,20784.0,20784.0,20784.0,20784.0,20784.0,20784.0,20784.0,20784.0,20784.0,20784.0,20784.0,20784.0,20784.0,20784.0,20784.0,20784.0,20784.0,20784.0,20784.0,20784.0,20784.0,20784.0,20784.0,20784.0,20784.0,20784.0,20784.0,20784.0,20784.0,20784.0,20784.0,20784.0,20784.0,20784.0,20784.0,20784.0,20784.0,20784.0,20784.0,20784.0,20784.0,20784.0,20784.0,20784.0,20784.0,20784.0,20784.0,20784.0,20784.0,20784.0,20784.0,20784.0,20784.0,20784.0,20784.0,20784.0,20784.0,20784.0,20784.0,20784.0,20784.0,20784.0,20784.0,20784.0,20784.0,20784.0,20784.0,20784.0,20784.0,20784.0,20784.0,20784.0,20784.0,20784.0,20784.0,20784.0,20784.0,20784.0,20784.0,20784.0,20784.0,20784.0,20784.0,20784.0,20784.0,20784.0,20784.0,20784.0,20784.0,20784.0,20784.0,20784.0,20784.0,20784.0,20784.0,20784.0,20784.0,20784.0,20784.0,20784.0,20784.0,20784.0,20784.0,20784.0,20784.0,20784.0,20784.0,20784.0,20784.0,20784.0,20784.0,20784.0,20784.0,20784.0,20784.0,20784.0,20784.0,20784.0,20784.0,20794.0,20855.0,20855.0,20909.0,20941.0,20959.0,20965.0,21055.0,21156.0,21249.0,21306.0,21367.0,21400.0,21451.0,21539.0,21616.0,21701.0,21779.0,21850.0,21940.0,22033.0,22115.0,22201.0,22294.0,22391.0,22462.0,22492.0,22492.0,22498.0,22581.0,22670.0,22681.0,22681.0,22681.0,22681.0,22681.0,22715.0,22737.0,22790.0,22883.0,22977.0,23067.0,23163.0,23245.0,23289.0,23307.0,23307.0,23307.0,23307.0,23307.0,23307.0,23307.0,23307.0,23307.0,23307.0,23307.0,23307.0,23307.0,,,,,,,,,,,,,,,,,,,,,,,,,,,,,,,,,,,,,,,,,,,,,,,,,,,,,,,,,,,,,,,,,,,,,,,,,,,,,,,,,,,,,,,,,,,,,,,,,,,,,,,,,,,,,,,,,,,,,,,,,,,,,,,,,,,,,,,,,,,,,,,,,,,,,,,,,,,,,,,,,,,,,,,,,,,,,,,,,,,,,,,,,,,,,,,,,,,,,,,,,,,,,,,,,,,,,,,,,,,,,,,,,,,,,,,,,,,,,,,,,,,,,,,,,,,,,,,,,,,,,,,,,,,,,,,,,,,,,,,,,,,,,,,,,,,,,,,,,,,,,,,,,,,,,,,
2018-04-11,ios,,,,,,,,,,,,,,,,,,,,,,,,,,,,,,,,,,,,,,,,,,,,,,,,,,,,,,,,,,,,,,,,,,,,,,,,,,,,,,,,,,,,,,,,,,,,,,,,,,,,,,,,,,,,,,,,,,,,,,,,,,,,,,,,,,,,,,,,,,,,,,,,,,,,,,,,,,,,,,,,,,,,,,,,,,,,,,,,,,,,,,,,,,,,,,,,,,,,,,,,,,,,,,,,,,,,,,,,,,,,,,,,,,,,,,,,,,,,,,,,,,,,,,,,,,,,,,,,,,,,,,,,,,,,,,,,,,,,,,,,,,,,,,,,,,,,,,,,,,,,,,,,,,,,,,,,,,,,,,,,,,,,,,,,,,,,,,,,,,,,,,,,,,,,,,,,,,,,,,,,,,,,,,,,,,,,,,,,,,,,,,,,,,,,,,,,,,,,,,,,,,,,,,,,,,,,,,,,,,,,,,,,,,,,,,,,,,,,,,,,24.0,24.0,24.0,24.0,24.0,24.0,24.0,24.0,24.0,24.0,24.0,24.0,24.0,24.0,24.0,24.0,24.0,24.0,24.0,24.0,24.0,24.0,24.0,24.0,24.0,24.0,24.0,24.0,24.0,24.0,24.0,24.0,24.0,24.0,24.0,24.0,43.0,83.0,168.0,214.0,242.0,242.0,242.0,242.0,242.0,242.0,242.0,242.0,242.0,242.0,242.0,242.0,242.0,242.0,242.0,242.0,242.0,242.0,242.0,242.0,242.0,242.0,242.0,242.0,242.0,242.0,242.0,242.0,242.0,242.0,242.0,242.0,266.0,371.0,477.0,591.0,640.0,733.0,847.0,950.0,1064.0,1143.0,1143.0,1243.0,1354.0,1462.0,1568.0,1597.0,1597.0,1636.0,1682.0,1682.0,1682.0,1682.0,1682.0,1682.0,1682.0,1682.0,1682.0,1682.0,1682.0,1682.0,1682.0,1682.0,1682.0,1682.0,1682.0,1682.0,1682.0,1682.0,1701.0,1750.0,1847.0,1956.0,2064.0,2162.0,2274.0,2376.0,2438.0,2548.0,2654.0,2743.0,2845.0,2907.0,2933.0,2933.0,2933.0,2933.0,2933.0,2933.0,2933.0,2933.0,2933.0,2933.0,2933.0,2933.0,2933.0,2947.0,2947.0,2954.0,2983.0,3066.0,3066.0,3066.0,3066.0,3066.0,3066.0,3066.0,3066.0,3066.0,3066.0,3066.0,3066.0,3066.0,3066.0,3066.0,3066.0,3066.0,3066.0,3066.0,3066.0,3066.0,3066.0,3066.0,3066.0,3066.0,3066.0,3081.0,3093.0,3093.0,3093.0,3093.0,3093.0,3093.0,3093.0,3093.0,3093.0,3093.0,3093.0,3093.0,3093.0,3093.0,3093.0,3093.0,3093.0,3093.0,3093.0,3093.0,3093.0,3093.0,3093.0,3093.0,3093.0,3093.0,3093.0,3093.0,3093.0,3093.0,3093.0,3093.0,3093.0,3093.0,3093.0,3093.0,3093.0,3093.0,3093.0,3093.0,3093.0,3093.0,3093.0,3093.0,3093.0,3093.0,3093.0,3093.0,3093.0,3093.0,3093.0,3093.0,3093.0,3093.0,3093.0,3093.0,3093.0,3093.0,3093.0,3093.0,3093.0,3093.0,3093.0,3093.0,3093.0,3093.0,3093.0,3093.0,3093.0,3093.0,3093.0,3093.0,3093.0,3093.0,3093.0,3093.0,3093.0,3093.0,3093.0,3093.0,3093.0,3093.0,3093.0,3093.0,3093.0,3093.0,3093.0,3093.0,3148.0,3148.0,3148.0,3148.0,3148.0,3148.0,3148.0,3148.0,3148.0,3195.0,3298.0,3347.0,3388.0,3388.0,3388.0,3388.0,3388.0,3388.0,3388.0,3388.0,3388.0,3388.0,3388.0,3388.0,3388.0,3388.0,3388.0,3388.0,3396.0,3396.0,3396.0,3396.0,3396.0,3396.0,3396.0,3396.0,3396.0,3396.0,3396.0,3396.0,3396.0,3396.0,3396.0,3396.0,3396.0,3396.0,3396.0,3396.0,3396.0,3396.0,3396.0,3396.0,3396.0,3396.0,3396.0,3396.0,3396.0,3396.0,3396.0,3396.0,3396.0,3396.0,3396.0,3396.0,3396.0,3396.0,3396.0,3396.0,3396.0,3396.0,3396.0,3396.0,3396.0,3396.0,3396.0,3396.0,3396.0,3413.0,3526.0,3580.0,3580.0,3580.0,3580.0,3580.0,3580.0,3580.0,3630.0,3689.0,3731.0,3800.0,3845.0,3859.0,3894.0,3894.0,3894.0,3894.0,3894.0,3933.0,4049.0,4113.0,4114.0,4131.0,4148.0,4148.0,4148.0,4148.0,4148.0,4148.0,4148.0,4148.0,4148.0,4148.0,4148.0,4148.0,4148.0,4148.0,4148.0,4148.0,4148.0,4148.0,4148.0,4148.0,4148.0,4148.0,4148.0,4148.0,4148.0,4148.0,4148.0,4148.0,4148.0,4148.0,4148.0,4148.0,4148.0,4148.0,4148.0,4148.0,4148.0,4148.0,4148.0,4148.0,4148.0,4148.0,4148.0,4148.0,4148.0,4148.0,,,,,,,,,,,,,,,,,,,,,,,,,,,,,,,,,,,,,,,,,,,,,,,,,,,,,,,,,,,,,,,,,,,,,,,,,,,,,,,,,,,,,,,,,,,,,,,,,,,,,,,,,,,,,,,,,,,,,,,,,,,,,,,,,,,,,,,,,,,,,,,,,,,,,,,,,,,,,,,,,,,,,,,,,,,,,,,,,,,,,,,,,,,,,,,,,,,,,,,,,,,,,,,,,,,,,,,,,,,,,,,,,,,,,,,,,,,,,,,,,,,,,,,,,,,,,,,,,,,,,,,,,,,,,,,,,,,,,,,,,,,,,,,,,,,,,,,,,,,,,,,,,,,,,,,,,,,,,,,,,,,,,,,,,,,,,,,,,,,,,,,,,,,,,,,,,,,,,,,,,,,,,,,,,,,,,,,,,,,,,,,,,,,,,,,,,,,,,,,,,,,,,,,,,,,,,,,,,,,,,,,,,,,,,,,,,,,,,,,,,,,,,,,,,,,,,,,,,,,,,,,,,,,,,,,,,,,,,,,,,,,,,,,,,,,,,,,,,,,,,,,,,,,,,,,,,,,,,,,,,,,,,,,,,,,,,,,,,,,,,,,,,,,,,,,,,,,,,,,,,,,,,,,,,,,,,,,,,,,,,,,,,,,,,,,,,,,,,
2018-04-12,ios,,,,,,,,,,,,,,,,,,,,,,,,,,,,,,,,,,,,,,,,,,,,,,,,,,,,,,,,,,,,,,,,,,,,,,,,,,,,,,,,,,,,,,,,,,,,,,,,,,,,,,,,,,,,,,,,,,,,,,,,,,,,,,,,,,,,,,,,,,,,,,,,,,,,,,,,,,,,,,,,,,,,,,,,,,,,,,,,,,,,,,,,,,,,,,,,,,,,,,,,,,,,,,,,,,,,,,,,,,,,,,,,,,,,,,,,,,,,,,,,,,,,,,,,,,,,,,,,,,,,,,,,,,,,,,,,,,,,,,,,,,,,,,,,,,,,,,,,,,,,,,,,,,,,,,,,,,,,,,,,,,,,,,,,,,,,,,,,,,,,,,,,,,,,,,,,,,,,,,,,,,,,,,,,,,,,,,,,,,,,,,,,,,,,,,,,,,,,,,,,,,,,,,,,,,,,,,,,,,,,,,,,,,,,,,,,,,,,,,,,,,,,,,,46.0,46.0,46.0,46.0,46.0,46.0,46.0,46.0,46.0,46.0,46.0,46.0,46.0,46.0,46.0,46.0,46.0,46.0,46.0,46.0,46.0,46.0,46.0,46.0,46.0,46.0,46.0,46.0,46.0,46.0,46.0,46.0,46.0,46.0,46.0,46.0,46.0,46.0,46.0,46.0,46.0,46.0,46.0,46.0,46.0,46.0,46.0,46.0,46.0,46.0,46.0,46.0,46.0,46.0,46.0,46.0,46.0,46.0,46.0,46.0,46.0,46.0,46.0,101.0,186.0,186.0,186.0,186.0,186.0,186.0,186.0,186.0,186.0,227.0,260.0,260.0,260.0,260.0,260.0,260.0,260.0,260.0,260.0,260.0,260.0,260.0,260.0,260.0,260.0,260.0,260.0,260.0,260.0,260.0,260.0,260.0,260.0,260.0,260.0,260.0,260.0,260.0,260.0,260.0,260.0,260.0,260.0,260.0,260.0,260.0,260.0,260.0,260.0,260.0,260.0,260.0,260.0,260.0,260.0,260.0,260.0,260.0,260.0,260.0,260.0,260.0,260.0,260.0,260.0,260.0,260.0,260.0,260.0,260.0,260.0,260.0,260.0,260.0,260.0,260.0,260.0,260.0,260.0,260.0,260.0,260.0,260.0,260.0,260.0,260.0,260.0,260.0,260.0,260.0,260.0,260.0,260.0,260.0,260.0,260.0,260.0,260.0,260.0,260.0,260.0,260.0,260.0,260.0,260.0,260.0,260.0,260.0,260.0,260.0,260.0,260.0,260.0,260.0,260.0,260.0,260.0,260.0,260.0,260.0,260.0,260.0,260.0,260.0,260.0,260.0,260.0,260.0,260.0,260.0,260.0,260.0,260.0,260.0,260.0,260.0,260.0,260.0,260.0,260.0,260.0,260.0,260.0,260.0,260.0,260.0,260.0,260.0,260.0,260.0,260.0,260.0,260.0,260.0,260.0,260.0,260.0,260.0,260.0,260.0,260.0,260.0,260.0,260.0,260.0,260.0,260.0,260.0,260.0,260.0,260.0,260.0,260.0,260.0,260.0,260.0,260.0,260.0,260.0,260.0,260.0,260.0,260.0,260.0,260.0,260.0,260.0,260.0,260.0,260.0,260.0,260.0,260.0,260.0,260.0,260.0,260.0,262.0,317.0,343.0,454.0,568.0,681.0,795.0,912.0,1036.0,1157.0,1279.0,1401.0,1522.0,1646.0,1761.0,1889.0,2014.0,2144.0,2273.0,2394.0,2519.0,2642.0,2685.0,2685.0,2685.0,2685.0,2685.0,2685.0,2685.0,2685.0,2685.0,2685.0,2685.0,2685.0,2685.0,2685.0,2685.0,2685.0,2685.0,2685.0,2685.0,2685.0,2685.0,2685.0,2685.0,2685.0,2685.0,2685.0,2685.0,2685.0,2685.0,2685.0,2685.0,2685.0,2685.0,2685.0,2685.0,2685.0,2685.0,2685.0,2685.0,2685.0,2685.0,2685.0,2685.0,2685.0,2685.0,2685.0,2685.0,2782.0,2926.0,3054.0,3195.0,3378.0,3519.0,3703.0,3887.0,3992.0,3995.0,3995.0,3995.0,3995.0,3995.0,4027.0,4142.0,4223.0,4334.0,4442.0,4535.0,4638.0,4747.0,4850.0,4956.0,5060.0,5168.0,5275.0,5381.0,5487.0,5593.0,5701.0,5808.0,5916.0,6025.0,6132.0,6245.0,6267.0,6267.0,6315.0,6424.0,6532.0,6639.0,6721.0,6755.0,6755.0,6755.0,6755.0,6768.0,6850.0,6850.0,6850.0,6850.0,6850.0,6850.0,6850.0,6850.0,6850.0,6850.0,6850.0,6850.0,6850.0,6850.0,6884.0,6961.0,6961.0,6961.0,6961.0,6961.0,6961.0,7055.0,7055.0,7055.0,7055.0,7055.0,7055.0,7055.0,7055.0,7055.0,7055.0,7055.0,7055.0,7055.0,7055.0,7055.0,7055.0,7055.0,7055.0,7055.0,7055.0,7055.0,7055.0,7055.0,7055.0,7055.0,7055.0,7055.0,7055.0,7055.0,7055.0,7055.0,7055.0,7055.0,7055.0,7055.0,7055.0,7055.0,7055.0,7055.0,7055.0,7055.0,7055.0,7055.0,7055.0,7055.0,7055.0,7055.0,7055.0,7055.0,7055.0,7055.0,7055.0,7055.0,7055.0,7055.0,7055.0,7055.0,7055.0,7055.0,7055.0,7055.0,7055.0,7055.0,7055.0,7055.0,7055.0,7055.0,7055.0,7055.0,7055.0,7055.0,7055.0,7055.0,7055.0,7055.0,7055.0,7055.0,7055.0,7055.0,7055.0,7055.0,7055.0,7055.0,7055.0,7055.0,7055.0,7055.0,7055.0,7055.0,7055.0,7055.0,7055.0,7055.0,7055.0,7055.0,7055.0,7055.0,7055.0,7055.0,7055.0,7055.0,7055.0,7055.0,7055.0,7055.0,7055.0,7055.0,7055.0,7055.0,7055.0,7055.0,7055.0,7055.0,7055.0,7055.0,7055.0,7055.0,7055.0,7055.0,7055.0,7055.0,7055.0,7055.0,7055.0,7055.0,7055.0,7116.0,7176.0,7214.0,7246.0,7246.0,7246.0,7246.0,7246.0,7265.0,7265.0,7265.0,7265.0,7265.0,7265.0,7265.0,7265.0,7265.0,7265.0,7265.0,7265.0,7265.0,7265.0,7265.0,7265.0,7265.0,7265.0,7265.0,7265.0,7265.0,7265.0,7265.0,7265.0,7265.0,7265.0,7265.0,7265.0,7265.0,7265.0,7265.0,7265.0,7265.0,7265.0,7265.0,7265.0,7265.0,7265.0,7265.0,7265.0,7265.0,7265.0,7265.0,7265.0,7265.0,7265.0,7265.0,7265.0,7265.0,7265.0,7265.0,7265.0,7265.0,7265.0,7265.0,7265.0,7265.0,7265.0,7265.0,7265.0,7265.0,7265.0,7265.0,7265.0,7265.0,7265.0,7265.0,7265.0,7265.0,7265.0,7265.0,7265.0,7265.0,7265.0,7265.0,7265.0,7265.0,7265.0,7265.0,7265.0,7265.0,7265.0,7275.0,7275.0,7275.0,7275.0,7275.0,7275.0,7365.0,7404.0,7404.0,7404.0,7404.0,7404.0,7404.0,7404.0,7404.0,7404.0,7404.0,7404.0,7404.0,7404.0,7494.0,7595.0,7643.0,7654.0,7654.0,7654.0,7654.0,7654.0,7654.0,7654.0,7654.0,7654.0,7654.0,7654.0,7654.0,7654.0,7654.0,7654.0,7654.0,7664.0,7672.0,7672.0,7672.0,7672.0,7672.0,7672.0,7672.0,7672.0,7672.0,7672.0,7672.0,7672.0,7672.0,7672.0,7672.0,7672.0,7672.0,7672.0,7672.0,7672.0,7672.0,7672.0,7672.0,7672.0,7672.0,7672.0,7672.0,7672.0,7672.0,7672.0,7672.0,7672.0,7672.0,7672.0,7672.0,7672.0,7672.0,7672.0,7672.0,7672.0,7672.0,7672.0,7672.0,7672.0,7672.0,7672.0,7672.0,7672.0,7672.0,7672.0,7672.0,7672.0,7672.0,7672.0,7672.0,7672.0,7672.0,7672.0,7672.0,7672.0,7672.0,7672.0,7672.0,7672.0,7672.0,7672.0,7672.0,7672.0,7672.0,7672.0,7672.0,7672.0,7672.0,7672.0,7672.0,7672.0,7672.0,7672.0,7672.0,7672.0,7672.0,7672.0,7672.0,7672.0,7672.0,7672.0,7672.0,7672.0,7672.0,7672.0,7672.0,7672.0,7672.0,7672.0,7672.0,7672.0,7672.0,7672.0,7672.0,7672.0,7672.0,7672.0,7672.0,7672.0,7672.0,7672.0,7672.0,7672.0,7672.0,7672.0,7672.0,7672.0,7672.0,7672.0,7672.0,7672.0,7672.0,,,,,,,,,,,,,,,,,,,,,,,,,,,,,,,,,,,,,,,,,,,,,,,,,,,,,,,,,,,,,,,,,,,,,,,,,,,,,,,,,,,,,,,,,,,,,,,,,,,,,,,,,,,,,,,,,,,,,,,,,,,,,,,,,,,,,,,,,,,,,,,,,,,,,,,,,,,,,,,,,,,,,,,,,,,,,,,,,,,,,,,,,,,,,,,,,,,,,,,,,,,,,,,,,,,,,,,,,,,,,,
2018-04-14,ios,,,,,,,,,,,,,,,,,,,,,,,,,,,,,,,,,,,,,,,,,,,,,,,,,,,,,,,,,,,,,,,,,,,,,,,,,,,,,,,,,,,,,,,,,,,,,,,,,,,,,,,,,,,,,,,,,,,,,,,,,,,,,,,,,,,,,,,,,,,,,,,,,,,,,,,,,,,,,,,,,,,,,,,,,,,,,,,,,,,,,,,,,,,,,,,,,,,,,,,,,,,,,,,,,,,,,,,,,,,,,,,,,,,,,,,,,,,,,,,,,,,,,,,,,,,,,,,,,,,,,,,,,,,,,,,,,,,,,,,,,,,,,,,,,,,,,,,,,,,,,,,,,,,,,,,,,,,,,,,,,,,,,,,,,,,,,,,,,,,,,,,,,,,,,,,,,,,,,,,,,,,,,,,,,,,,,,,,,,,,,,,,,,,,,,,,,,,,,,,,,,,,,,,,,,,10.0,10.0,10.0,10.0,10.0,10.0,10.0,10.0,10.0,10.0,37.0,64.0,200.0,373.0,562.0,752.0,924.0,1097.0,1287.0,1476.0,1671.0,1865.0,2064.0,2261.0,2460.0,2659.0,2832.0,3017.0,3213.0,3409.0,3608.0,3807.0,4006.0,4204.0,4399.0,4598.0,4799.0,4999.0,5198.0,5397.0,5591.0,5785.0,5983.0,6177.0,6376.0,6564.0,6754.0,6947.0,7146.0,7336.0,7421.0,7597.0,7716.0,7906.0,8104.0,8300.0,8499.0,8695.0,8894.0,9094.0,9291.0,9491.0,9688.0,9886.0,10087.0,10283.0,10467.0,10656.0,10854.0,11051.0,11249.0,11447.0,11640.0,11835.0,12032.0,12229.0,12422.0,12613.0,12809.0,12981.0,13166.0,13359.0,13548.0,13723.0,13916.0,14110.0,14294.0,14467.0,14560.0,14741.0,14939.0,15136.0,15332.0,15532.0,15730.0,15928.0,16125.0,16323.0,16516.0,16693.0,16887.0,17078.0,17271.0,17453.0,17639.0,17812.0,17955.0,18086.0,18205.0,18333.0,18390.0,18428.0,18471.0,18471.0,18471.0,18471.0,18471.0,18471.0,18471.0,18471.0,18471.0,18471.0,18471.0,18471.0,18471.0,18471.0,18471.0,18471.0,18471.0,18471.0,18471.0,18471.0,18471.0,18471.0,18471.0,18471.0,18471.0,18471.0,18471.0,18471.0,18471.0,18471.0,18471.0,18471.0,18471.0,18471.0,18471.0,18471.0,18471.0,18471.0,18471.0,18471.0,18471.0,18471.0,18471.0,18471.0,18471.0,18471.0,18471.0,18471.0,18471.0,18471.0,18471.0,18471.0,18471.0,18471.0,18471.0,18471.0,18471.0,18471.0,18471.0,18471.0,18471.0,18471.0,18471.0,18471.0,18471.0,18471.0,18471.0,18471.0,18471.0,18471.0,18471.0,18471.0,18471.0,18471.0,18471.0,18471.0,18471.0,18471.0,18471.0,18471.0,18492.0,18492.0,18503.0,18544.0,18661.0,18713.0,18713.0,18713.0,18713.0,18713.0,18713.0,18713.0,18713.0,18713.0,18713.0,18713.0,18713.0,18713.0,18713.0,18713.0,18713.0,18713.0,18713.0,18713.0,18713.0,18713.0,18713.0,18713.0,18713.0,18713.0,18713.0,18713.0,18713.0,18713.0,18713.0,18713.0,18713.0,18713.0,18713.0,18801.0,18824.0,18824.0,18824.0,18824.0,18824.0,18824.0,18824.0,18824.0,18824.0,18824.0,18824.0,18824.0,18824.0,18824.0,18824.0,18824.0,18824.0,18824.0,18824.0,18824.0,18824.0,18824.0,18824.0,18824.0,18824.0,18824.0,18824.0,18824.0,18824.0,18824.0,18824.0,18824.0,18824.0,18824.0,18824.0,18824.0,18824.0,18824.0,18824.0,18824.0,18824.0,18824.0,18824.0,18824.0,18824.0,18824.0,18824.0,18824.0,18824.0,18824.0,18824.0,18824.0,18824.0,18824.0,18824.0,18824.0,18824.0,18824.0,18824.0,18824.0,18824.0,18824.0,18824.0,18824.0,18824.0,18824.0,18824.0,18824.0,18824.0,18824.0,18824.0,18824.0,18824.0,18824.0,18824.0,18824.0,18824.0,18824.0,18824.0,18824.0,18824.0,18824.0,18824.0,18824.0,18824.0,18824.0,18840.0,18840.0,18840.0,18840.0,18840.0,18840.0,18840.0,18840.0,18840.0,18840.0,18840.0,18840.0,18840.0,18840.0,18840.0,18840.0,18865.0,18879.0,18879.0,18879.0,18879.0,18879.0,18879.0,18879.0,18879.0,18879.0,18879.0,18879.0,18879.0,18879.0,18879.0,18879.0,18879.0,18879.0,18879.0,18879.0,18879.0,18879.0,18879.0,18879.0,18879.0,18879.0,18879.0,18879.0,18885.0,18885.0,18885.0,18885.0,18885.0,18885.0,18885.0,18885.0,18885.0,18885.0,18885.0,18885.0,18885.0,18885.0,18885.0,18885.0,18885.0,18885.0,18885.0,18885.0,18885.0,18885.0,18885.0,18885.0,18885.0,18885.0,18885.0,18885.0,18885.0,18885.0,18885.0,18885.0,18885.0,18885.0,18885.0,18885.0,18885.0,18885.0,18885.0,18885.0,18885.0,18885.0,18885.0,18911.0,18913.0,18913.0,18942.0,19038.0,19139.0,19139.0,19139.0,19139.0,19139.0,19139.0,19139.0,19139.0,19139.0,19139.0,19139.0,19139.0,19139.0,19139.0,19139.0,19139.0,19139.0,19139.0,19186.0,19304.0,19415.0,19463.0,19500.0,19508.0,19508.0,19508.0,19526.0,19526.0,19526.0,19526.0,19526.0,19526.0,19526.0,19526.0,19526.0,19526.0,19526.0,19526.0,19526.0,19526.0,19526.0,19539.0,19573.0,19644.0,19686.0,19686.0,19694.0,19694.0,19694.0,19694.0,19694.0,19694.0,19694.0,19694.0,19694.0,19694.0,19694.0,19694.0,19694.0,19694.0,19694.0,19694.0,19706.0,19767.0,19869.0,19967.0,20029.0,20045.0,20090.0,20090.0,20090.0,20149.0,20235.0,20334.0,20374.0,20427.0,20437.0,20473.0,20586.0,20696.0,20758.0,20758.0,20864.0,20977.0,21084.0,21191.0,21282.0,21392.0,21500.0,21607.0,21704.0,21781.0,21867.0,21983.0,22088.0,22117.0,22194.0,22307.0,22410.0,22516.0,22625.0,22729.0,22834.0,22946.0,23032.0,23138.0,23160.0,23160.0,23160.0,23160.0,23160.0,23160.0,23160.0,23160.0,23160.0,23160.0,23160.0,23160.0,23160.0,23160.0,23160.0,23160.0,23160.0,23160.0,23160.0,23160.0,23160.0,23160.0,23160.0,23160.0,23160.0,23160.0,23160.0,23160.0,23160.0,23160.0,23160.0,23160.0,23160.0,23160.0,23160.0,23160.0,23160.0,23160.0,23160.0,23160.0,23160.0,23160.0,23160.0,23160.0,23160.0,23160.0,23160.0,23160.0,23160.0,23160.0,23160.0,23160.0,23160.0,23160.0,23160.0,23160.0,23160.0,23160.0,23160.0,23160.0,23160.0,23160.0,23160.0,23160.0,23160.0,23160.0,23160.0,23160.0,23160.0,23160.0,23160.0,23160.0,23160.0,23160.0,23160.0,23160.0,23160.0,23160.0,23160.0,23160.0,23160.0,23160.0,23160.0,23160.0,23160.0,23160.0,23160.0,23160.0,23160.0,23160.0,23160.0,23160.0,23160.0,23160.0,23160.0,23160.0,23160.0,23160.0,23160.0,23160.0,23160.0,23160.0,23160.0,23160.0,23160.0,23160.0,23160.0,23160.0,23160.0,23160.0,23160.0,23160.0,23160.0,23160.0,23160.0,23160.0,23160.0,23160.0,23160.0,23160.0,23160.0,23160.0,23160.0,23160.0,23160.0,23160.0,23160.0,23160.0,23160.0,23160.0,23160.0,23160.0,23160.0,23160.0,23160.0,23160.0,23160.0,23160.0,23160.0,23160.0,23160.0,23160.0,23160.0,23160.0,23160.0,23160.0,23160.0,23160.0,23160.0,23160.0,23160.0,23160.0,23160.0,23160.0,23160.0,23160.0,23160.0,23160.0,23160.0,23160.0,23160.0,23160.0,23160.0,23160.0,23160.0,23160.0,23160.0,23160.0,23160.0,23160.0,23160.0,23160.0,23160.0,23160.0,23160.0,23160.0,23160.0,23160.0,23160.0,23160.0,23160.0,23160.0,23160.0,23160.0,23160.0,23160.0,23160.0,23160.0,23160.0,23160.0,23160.0,23160.0,23160.0,23160.0,23160.0,23160.0,23160.0,23160.0,23160.0,23160.0,23160.0,23160.0,23160.0,23160.0,23211.0,23309.0,23390.0,23470.0,23558.0,23632.0,23717.0,23818.0,23917.0,24012.0,24117.0,24211.0,24254.0,24337.0,24360.0,24360.0,24408.0,24464.0,24485.0,24485.0,24485.0,24485.0,24485.0,24493.0,24493.0,24520.0,24532.0,24532.0,24554.0,24554.0,24562.0,24562.0,24562.0,24562.0,24562.0,24604.0,24604.0,24604.0,24604.0,24604.0,24604.0,24604.0,24604.0,24604.0,24604.0,24604.0,24604.0,24604.0,24604.0,24604.0,24604.0,24604.0,24604.0,24604.0,24604.0,24604.0,24604.0,24604.0,24604.0,24604.0,24604.0,24604.0,24604.0,24604.0,24604.0,24614.0,24643.0,24697.0,24725.0,24725.0,24725.0,24725.0,24725.0,24725.0,24735.0,24735.0,24744.0,24744.0,24744.0,24744.0,24744.0,24748.0,24834.0,24914.0,24914.0,24922.0,24996.0,25061.0,25089.0,25113.0,25126.0,25126.0,25126.0,25126.0,25126.0,25126.0,25126.0,25126.0,25126.0,25126.0,25126.0,25126.0,25126.0,25126.0,25152.0,25222.0,25328.0,25427.0,25452.0,25471.0,25471.0,25495.0,25505.0,25505.0,25581.0,25628.0,25693.0,25712.0,25712.0,25712.0,25712.0,25712.0,25712.0,25712.0,25712.0,25719.0,25719.0,25719.0,25719.0,25719.0,25719.0,25719.0,25719.0,25719.0,25719.0,25719.0,25719.0,25719.0,25719.0,25726.0,25762.0,25832.0,25919.0,25923.0,25923.0,25923.0,25923.0,25923.0,25923.0,25923.0,25923.0,25923.0,25923.0,25923.0,25923.0,25923.0,25923.0,25923.0,25923.0,25923.0,25923.0,25936.0,25970.0,26042.0,26167.0,26291.0,26303.0,26303.0,26303.0,26303.0,26303.0,26303.0,26303.0,26303.0,26303.0,26303.0,26303.0,26303.0,26303.0,26303.0,26303.0,26303.0,26303.0,26303.0,26303.0,26303.0,26303.0,26303.0,26303.0,26303.0,26303.0,26303.0,26303.0,26303.0,26303.0,26303.0,26303.0,26303.0,26303.0,26303.0,26369.0,26455.0,26457.0,26457.0,26457.0,26457.0,26457.0,26457.0,26457.0,26457.0,26457.0,26457.0,26457.0,26457.0,26457.0,26457.0,26457.0,26457.0,26457.0,26457.0,26457.0,26457.0,26457.0,26457.0,26457.0,26457.0,26457.0,26457.0,26457.0,26457.0,26457.0,26457.0,26457.0,26457.0,26457.0,26457.0,26457.0,26457.0,26457.0,26457.0,26457.0,26457.0,26457.0,26457.0,26457.0,26457.0,26457.0,26457.0,26457.0,26457.0,26457.0,,,,,,,,,,,,,,,,,,,,,,,,,,,,,,,,,,,,,,,,,,,,,,,,,,,,,,,,,,,
2018-04-15,ios,,,,,,,,,,,,,,,,,,,,,,,,,,,,,,,,,,,,,,,,,,,,,,,,,,,,,,,,,,,,,,,,,,,,,,,,,,,,,,,,,,,,,,,,,,,,,,,,,,,,,,,,,,,,,,,,,,,,,,,,,,,,,,,,,,,,,,,,,,,,,,,,,,,,,,,,,,,,,,,,,,,,,,,,,,,,,,,,,,,,,,,,,,,,,,,,,,,,,,,,,,,,,,,,,,,,,,,,,,,,,,,,,,,,,,,,,,,,,,,,,,,,,,,,,,,,,,,,,,,,,,,,,,,,,,,,,,,,,,,,,,,,,,,,,,,,,,,,,,,,,,,,,,,,,,,,,,,,,,,,,,,,,,,,,,,,,,,,,,,,,,,,,,,,,,,,,,,,,,,,,,,,,,,,,,,,,,,,,,,,,,,,,,,,,,,,,,,,,,,,,,,,,,,,,,,,,,,,,,,,,,,,,,,,,,,,,,,,,,,,,,,,,,17.0,17.0,33.0,63.0,63.0,87.0,90.0,90.0,90.0,90.0,90.0,90.0,90.0,90.0,90.0,90.0,90.0,90.0,90.0,90.0,90.0,104.0,131.0,132.0,132.0,132.0,132.0,132.0,132.0,132.0,132.0,132.0,132.0,132.0,132.0,132.0,132.0,132.0,132.0,132.0,132.0,132.0,132.0,132.0,150.0,163.0,163.0,163.0,174.0,180.0,184.0,194.0,243.0,296.0,296.0,296.0,296.0,296.0,296.0,305.0,334.0,334.0,334.0,334.0,334.0,373.0,536.0,672.0,849.0,1020.0,1168.0,1322.0,1489.0,1616.0,1675.0,1722.0,1819.0,1907.0,1995.0,2079.0,2218.0,2323.0,2337.0,2366.0,2367.0,2407.0,2407.0,2407.0,2418.0,2428.0,2428.0,2438.0,2438.0,2438.0,2438.0,2438.0,2438.0,2438.0,2438.0,2438.0,2438.0,2438.0,2438.0,2438.0,2438.0,2438.0,2438.0,2438.0,2438.0,2438.0,2438.0,2438.0,2438.0,2438.0,2438.0,2438.0,2438.0,2438.0,2438.0,2438.0,2438.0,2438.0,2438.0,2438.0,2438.0,2438.0,2438.0,2438.0,2438.0,2438.0,2438.0,2438.0,2438.0,2438.0,2438.0,2438.0,2438.0,2438.0,2438.0,2438.0,2438.0,2438.0,2438.0,2438.0,2438.0,2438.0,2438.0,2438.0,2438.0,2438.0,2438.0,2438.0,2438.0,2438.0,2438.0,2438.0,2438.0,2438.0,2438.0,2438.0,2438.0,2438.0,2438.0,2438.0,2438.0,2438.0,2438.0,2438.0,2438.0,2469.0,2542.0,2542.0,2542.0,2542.0,2542.0,2542.0,2542.0,2564.0,2564.0,2564.0,2564.0,2564.0,2564.0,2564.0,2564.0,2601.0,2601.0,2610.0,2640.0,2640.0,2648.0,2648.0,2648.0,2648.0,2648.0,2672.0,2693.0,2693.0,2693.0,2693.0,2693.0,2693.0,2693.0,2693.0,2693.0,2741.0,2821.0,2830.0,2844.0,2856.0,2856.0,2919.0,2953.0,3017.0,3114.0,3199.0,3272.0,3301.0,3354.0,3459.0,3532.0,3591.0,3691.0,3780.0,3873.0,3978.0,4023.0,4103.0,4203.0,4263.0,4362.0,4466.0,4577.0,4691.0,4803.0,4912.0,4977.0,5081.0,5087.0,5087.0,5087.0,5087.0,5087.0,5087.0,5087.0,5087.0,5087.0,5190.0,5250.0,5271.0,5271.0,5271.0,5271.0,5271.0,5285.0,5290.0,5290.0,5290.0,5290.0,5290.0,5290.0,5290.0,5290.0,5290.0,5290.0,5290.0,5302.0,5322.0,5322.0,5322.0,5322.0,5322.0,5322.0,5322.0,5322.0,5322.0,5388.0,5497.0,5554.0,5554.0,5554.0,5554.0,5554.0,5554.0,5554.0,5554.0,5554.0,5554.0,5554.0,5554.0,5554.0,5554.0,5554.0,5554.0,5554.0,5554.0,5554.0,5554.0,5554.0,5554.0,5554.0,5554.0,5554.0,5554.0,5554.0,5554.0,5554.0,5554.0,5554.0,5554.0,5554.0,5554.0,5554.0,5554.0,5554.0,5554.0,5554.0,5554.0,5554.0,5554.0,5554.0,5554.0,5554.0,5554.0,5554.0,5554.0,5554.0,5554.0,5554.0,5554.0,5554.0,5554.0,5554.0,5554.0,5554.0,5554.0,5554.0,5554.0,5554.0,5554.0,5554.0,5554.0,5554.0,5578.0,5664.0,5763.0,5805.0,5805.0,5805.0,5805.0,5805.0,5805.0,5820.0,5940.0,5978.0,5978.0,5978.0,5978.0,5978.0,5986.0,5997.0,5997.0,6014.0,6030.0,6030.0,6030.0,6030.0,6030.0,6030.0,6030.0,6030.0,6030.0,6030.0,6030.0,6030.0,6030.0,6030.0,6030.0,6030.0,6030.0,6030.0,6030.0,6030.0,6030.0,6043.0,6043.0,6043.0,6043.0,6043.0,6043.0,6043.0,6043.0,6043.0,6043.0,6043.0,6043.0,6043.0,6043.0,6043.0,6043.0,6043.0,6043.0,6043.0,6043.0,6043.0,6043.0,6043.0,6043.0,6043.0,6043.0,6043.0,6043.0,6043.0,6043.0,6043.0,6043.0,6043.0,6043.0,6043.0,6043.0,6043.0,6043.0,6043.0,6043.0,6043.0,6043.0,6057.0,6057.0,6057.0,6057.0,6057.0,6069.0,6069.0,6069.0,6069.0,6069.0,6069.0,6069.0,6069.0,6069.0,6069.0,6069.0,6069.0,6069.0,6069.0,6069.0,6069.0,6069.0,6069.0,6069.0,6069.0,6069.0,6069.0,6069.0,6069.0,6069.0,6069.0,6069.0,6069.0,6069.0,6069.0,6069.0,6069.0,6069.0,6069.0,6069.0,6069.0,6069.0,6069.0,6069.0,6069.0,6069.0,6069.0,6069.0,6069.0,6069.0,6069.0,6069.0,6069.0,6069.0,6069.0,6069.0,6069.0,6069.0,6069.0,6069.0,6069.0,6069.0,6069.0,6069.0,6069.0,6069.0,6069.0,6069.0,6069.0,6069.0,6069.0,6069.0,6069.0,6069.0,6069.0,6069.0,6069.0,6069.0,6069.0,6069.0,6069.0,6069.0,6069.0,6069.0,6069.0,6069.0,6069.0,6069.0,6069.0,6069.0,6069.0,6069.0,6069.0,6069.0,6069.0,6069.0,6069.0,6069.0,6069.0,6069.0,6069.0,6069.0,6069.0,6069.0,6069.0,6069.0,6069.0,6069.0,6069.0,6069.0,6069.0,6069.0,6069.0,6069.0,6069.0,6069.0,6069.0,6069.0,6069.0,6069.0,6069.0,6069.0,6069.0,6069.0,6069.0,6069.0,6069.0,6069.0,6069.0,6069.0,6069.0,6069.0,6069.0,6069.0,6069.0,6069.0,6069.0,6069.0,6069.0,6069.0,6069.0,6069.0,6069.0,6069.0,6069.0,6069.0,6069.0,6069.0,6069.0,6069.0,6069.0,6069.0,6069.0,6069.0,6069.0,6069.0,6069.0,6069.0,6069.0,6069.0,6069.0,6069.0,6069.0,6069.0,6069.0,6069.0,6069.0,6069.0,6069.0,6069.0,6069.0,6069.0,6069.0,6069.0,6069.0,6069.0,6069.0,6069.0,6069.0,6069.0,6069.0,6069.0,6069.0,6069.0,6069.0,6069.0,6069.0,6069.0,6069.0,6069.0,6069.0,6069.0,6069.0,6069.0,6069.0,6069.0,6069.0,6069.0,6069.0,6069.0,6069.0,6069.0,6069.0,6069.0,6069.0,6069.0,6069.0,6069.0,6069.0,6069.0,6069.0,6069.0,6069.0,6069.0,6069.0,6069.0,6069.0,6069.0,6069.0,6069.0,6069.0,6069.0,6069.0,6069.0,6069.0,6069.0,6069.0,6069.0,6069.0,6069.0,6069.0,6069.0,6069.0,6069.0,6069.0,6069.0,6069.0,6069.0,6069.0,6069.0,6069.0,6069.0,6069.0,6069.0,6069.0,6069.0,6069.0,6069.0,6069.0,6069.0,6069.0,6069.0,6069.0,6069.0,6069.0,6069.0,6069.0,6069.0,6069.0,6069.0,6069.0,6069.0,6069.0,6069.0,6069.0,6069.0,6069.0,6069.0,6069.0,6069.0,6069.0,6069.0,6069.0,6069.0,6069.0,6069.0,6069.0,6069.0,6069.0,6069.0,6069.0,6069.0,6069.0,6069.0,6069.0,6069.0,6069.0,6069.0,6069.0,6069.0,6069.0,6069.0,6069.0,6069.0,6069.0,6069.0,6069.0,6069.0,6069.0,6069.0,6069.0,6069.0,6069.0,6069.0,6069.0,6069.0,6069.0,6069.0,6069.0,6069.0,6069.0,6069.0,6069.0,6069.0,6069.0,6069.0,6069.0,6069.0,6069.0,6069.0,6069.0,6069.0,6069.0,6069.0,6069.0,6069.0,6069.0,6069.0,6069.0,6069.0,6069.0,6069.0,6069.0,6069.0,6069.0,6069.0,6069.0,6069.0,6069.0,6069.0,6069.0,6069.0,6069.0,6069.0,6069.0,6069.0,6069.0,6069.0,6069.0,6069.0,6069.0,6069.0,6069.0,6069.0,6069.0,6069.0,6069.0,6069.0,6069.0,6069.0,6069.0,6069.0,6069.0,6069.0,6069.0,6069.0,6069.0,6069.0,6069.0,6069.0,6069.0,6069.0,6069.0,6069.0,6069.0,6069.0,6069.0,6069.0,6069.0,6069.0,6069.0,6069.0,6081.0,6142.0,6243.0,6294.0,6294.0,6294.0,6309.0,6383.0,6383.0,6452.0,6534.0,6583.0,6583.0,6583.0,6583.0,6583.0,6583.0,6583.0,6583.0,6583.0,6583.0,6583.0,6583.0,6583.0,6583.0,6583.0,6583.0,6583.0,6583.0,6583.0,6583.0,6583.0,6583.0,6583.0,6583.0,6583.0,6583.0,6583.0,6583.0,6583.0,6583.0,6583.0,6583.0,6583.0,6583.0,6583.0,6583.0,6618.0,6671.0,6761.0,6769.0,6769.0,6769.0,6769.0,6769.0,6769.0,6769.0,6769.0,6769.0,6769.0,6769.0,6769.0,6769.0,6769.0,6769.0,6769.0,6769.0,6769.0,6769.0,6769.0,6769.0,6769.0,6769.0,6769.0,6769.0,6769.0,6769.0,6769.0,6769.0,6769.0,6769.0,6769.0,6769.0,6769.0,6769.0,6769.0,6769.0,6769.0,6769.0,6769.0,6769.0,6769.0,6769.0,6769.0,6769.0,6769.0,6769.0,6769.0,6769.0,6769.0,6769.0,6812.0,6851.0,6934.0,7013.0,7026.0,7026.0,7026.0,7026.0,7026.0,7026.0,7026.0,7026.0,7026.0,7026.0,7026.0,7026.0,7036.0,7036.0,7036.0,7036.0,7048.0,7064.0,7078.0,7079.0,7079.0,7079.0,,,,,,,,,,,,,,,,,,,,,,,,,,,,,,,,,,,,,,,,,,,,,,,,,,,,,,,,,,,,
2018-04-17,ios,,,,,,,,,,,,,,,,,,,,,,,,,,,,,,,,,,,,,,,,,,,,,,,,,,,,,,,,,,,,,,,,,,,,,,,,,,,,,,,,,,,,,,,,,,,,,,,,,,,,,,,,,,,,,,,,,,,,,,,,,,,,,,,,,,,,,,,,,,,,,,,,,,,,,,,,,,,,,,,,,,,,,,,,,,,,,,,,,,,,,,,,,,,,,,,,,,,,,,,,,,,,,,,,,,,,,,,,,,,,,,,,,,,,,,,,,,,,,,,,,,,,,,,,,,,,,,,,,,,,,,,,,,,,,,,,,,,,,,,,,,,,,,,,,,,,,,,,,,,,,,,,,,,,,,,,,,,,,,,,,,,,,,,,,,,,,,,,,,,,,,,,,,,,,,,,,,,,,,,,,,,,,,,,,,,,,,,,,,,,,7.0,7.0,7.0,7.0,7.0,7.0,7.0,7.0,7.0,7.0,7.0,7.0,7.0,7.0,7.0,7.0,7.0,7.0,7.0,7.0,7.0,7.0,7.0,7.0,7.0,7.0,7.0,7.0,7.0,7.0,7.0,7.0,7.0,7.0,7.0,7.0,7.0,7.0,7.0,7.0,7.0,7.0,7.0,7.0,7.0,7.0,7.0,7.0,7.0,7.0,7.0,7.0,7.0,7.0,7.0,7.0,7.0,7.0,7.0,15.0,15.0,15.0,15.0,37.0,37.0,37.0,37.0,37.0,69.0,130.0,243.0,355.0,462.0,584.0,707.0,807.0,931.0,1054.0,1177.0,1302.0,1426.0,1552.0,1669.0,1795.0,1920.0,2045.0,2167.0,2281.0,2406.0,2530.0,2655.0,2707.0,2707.0,2707.0,2707.0,2707.0,2707.0,2707.0,2769.0,2777.0,2790.0,2790.0,2790.0,2790.0,2790.0,2790.0,2790.0,2813.0,2813.0,2813.0,2813.0,2813.0,2856.0,2864.0,2894.0,2894.0,2894.0,2894.0,2894.0,2894.0,2894.0,2894.0,2894.0,2894.0,2894.0,2894.0,2894.0,2894.0,2894.0,2894.0,2894.0,2894.0,2894.0,2894.0,2894.0,2894.0,2894.0,2894.0,2894.0,2894.0,2894.0,2894.0,2894.0,2894.0,2894.0,2894.0,2894.0,2894.0,2894.0,2894.0,2894.0,2894.0,2894.0,2894.0,2902.0,2902.0,2902.0,2902.0,2902.0,2902.0,2902.0,2902.0,2902.0,2902.0,2902.0,2902.0,2902.0,2913.0,2913.0,2913.0,2939.0,2970.0,2970.0,2970.0,2970.0,2970.0,2970.0,2970.0,2970.0,2970.0,2970.0,2970.0,2970.0,3007.0,3009.0,3009.0,3009.0,3009.0,3009.0,3009.0,3021.0,3071.0,3071.0,3071.0,3071.0,3071.0,3071.0,3071.0,3071.0,3071.0,3071.0,3071.0,3071.0,3071.0,3071.0,3071.0,3071.0,3071.0,3071.0,3071.0,3071.0,3071.0,3071.0,3071.0,3071.0,3071.0,3071.0,3071.0,3071.0,3071.0,3071.0,3071.0,3071.0,3071.0,3071.0,3071.0,3071.0,3078.0,3138.0,3149.0,3162.0,3162.0,3266.0,3364.0,3449.0,3524.0,3536.0,3631.0,3697.0,3786.0,3803.0,3815.0,3903.0,3997.0,4007.0,4043.0,4085.0,4176.0,4247.0,4304.0,4348.0,4407.0,4443.0,4443.0,4490.0,4490.0,4490.0,4490.0,4548.0,4563.0,4633.0,4682.0,4730.0,4738.0,4738.0,4793.0,4873.0,4985.0,5093.0,5107.0,5152.0,5224.0,5255.0,5260.0,5275.0,5284.0,5322.0,5385.0,5488.0,5590.0,5693.0,5797.0,5899.0,5933.0,5943.0,5963.0,5963.0,5983.0,5983.0,5983.0,6030.0,6063.0,6097.0,6149.0,6172.0,6225.0,6225.0,6234.0,6234.0,6234.0,6269.0,6269.0,6305.0,6406.0,6456.0,6463.0,6463.0,6463.0,6463.0,6463.0,6463.0,6463.0,6463.0,6463.0,6463.0,6463.0,6463.0,6463.0,6463.0,6463.0,6463.0,6463.0,6463.0,6463.0,6463.0,6463.0,6463.0,6463.0,6463.0,6463.0,6463.0,6463.0,6463.0,6463.0,6463.0,6463.0,6463.0,6463.0,6463.0,6570.0,6636.0,6649.0,6662.0,6662.0,6697.0,6697.0,6724.0,6750.0,6825.0,6847.0,6914.0,6914.0,6914.0,6929.0,6972.0,7004.0,7078.0,7107.0,7138.0,7152.0,7152.0,7152.0,7152.0,7152.0,7152.0,7152.0,7152.0,7152.0,7152.0,7152.0,7152.0,7152.0,7152.0,7152.0,7152.0,7152.0,7152.0,7167.0,7167.0,7167.0,7177.0,7178.0,7178.0,7238.0,7272.0,7312.0,7312.0,7312.0,7312.0,7312.0,7312.0,7312.0,7312.0,7312.0,7312.0,7312.0,7312.0,7312.0,7312.0,7312.0,7312.0,7312.0,7312.0,7312.0,7312.0,7312.0,7312.0,7312.0,7312.0,7312.0,7312.0,7312.0,7312.0,7312.0,7312.0,7312.0,7312.0,7312.0,7312.0,7312.0,7312.0,7312.0,7312.0,7312.0,7312.0,7312.0,7312.0,7312.0,7312.0,7312.0,7312.0,7312.0,7312.0,7312.0,7312.0,7312.0,7312.0,7312.0,7312.0,7312.0,7312.0,7312.0,7312.0,7312.0,7312.0,7312.0,7312.0,7312.0,7312.0,7312.0,7312.0,7312.0,7312.0,7312.0,7312.0,7312.0,7312.0,7312.0,7312.0,7312.0,7312.0,7312.0,7312.0,7312.0,7312.0,7312.0,7312.0,7312.0,7312.0,7312.0,7312.0,7312.0,7312.0,7312.0,7312.0,7312.0,7322.0,7322.0,7322.0,7322.0,7322.0,7322.0,7322.0,7322.0,7322.0,7322.0,7322.0,7322.0,7322.0,7358.0,7358.0,7371.0,7379.0,7379.0,7414.0,7414.0,7414.0,7414.0,7414.0,7414.0,7414.0,7414.0,7414.0,7414.0,7414.0,7414.0,7414.0,7414.0,7414.0,7414.0,7414.0,7414.0,7414.0,7414.0,7414.0,7414.0,7414.0,7414.0,7414.0,7414.0,7414.0,7414.0,7414.0,7414.0,7414.0,7414.0,7414.0,7414.0,7414.0,7414.0,7414.0,7414.0,7414.0,7414.0,7414.0,7414.0,7414.0,7414.0,7414.0,7414.0,7414.0,7414.0,7414.0,7414.0,7414.0,7414.0,7414.0,7414.0,7414.0,7414.0,7414.0,7414.0,7414.0,7414.0,7414.0,7414.0,7414.0,7414.0,7414.0,7414.0,7414.0,7414.0,7414.0,7414.0,7414.0,7414.0,7414.0,7414.0,7414.0,7414.0,7414.0,7414.0,7414.0,7414.0,7414.0,7414.0,7414.0,7414.0,7414.0,7414.0,7414.0,7414.0,7414.0,7414.0,7414.0,7414.0,7414.0,7414.0,7414.0,7414.0,7414.0,7414.0,7414.0,7414.0,7414.0,7414.0,7414.0,7414.0,7414.0,7414.0,7414.0,7414.0,7414.0,7414.0,7414.0,7414.0,7414.0,7414.0,7414.0,7414.0,7414.0,7414.0,7414.0,7414.0,7414.0,7414.0,7414.0,7414.0,7414.0,7414.0,7414.0,7414.0,7414.0,7414.0,7414.0,7414.0,7414.0,7414.0,7414.0,7414.0,7414.0,7414.0,7414.0,7414.0,7414.0,7414.0,7414.0,7414.0,7414.0,7414.0,7422.0,7422.0,7422.0,7422.0,7422.0,7422.0,7422.0,7422.0,7422.0,7422.0,7422.0,7422.0,7422.0,7422.0,7422.0,7422.0,7422.0,7422.0,7422.0,7422.0,7422.0,7422.0,7465.0,7502.0,7601.0,7719.0,7836.0,7953.0,8070.0,8188.0,8307.0,8424.0,8539.0,8652.0,8766.0,8881.0,8992.0,9045.0,9051.0,9051.0,9120.0,9235.0,9349.0,9462.0,9574.0,9671.0,9771.0,9852.0,9852.0,9964.0,10080.0,10195.0,10308.0,10400.0,10402.0,10515.0,10604.0,10645.0,10645.0,10645.0,10645.0,10645.0,10645.0,10645.0,10645.0,10645.0,10645.0,10645.0,10645.0,10645.0,10645.0,10645.0,10645.0,10645.0,10645.0,10645.0,10645.0,10645.0,10645.0,10645.0,10645.0,10645.0,10645.0,10645.0,10645.0,10645.0,10645.0,10645.0,10645.0,10645.0,10645.0,10645.0,10645.0,10645.0,10645.0,10645.0,,,,,,,,,,,,,,,,,,,,,,,,,,,,,,,,,,,,,,,,,,,,,,,,,,,,,,,,,,,,,,,,,,,,,,,,,,,,,,,,,,,,,,,,,,,,,,,,,,,,,,,,,,,,,,,,,,,,,,,,,,,,,,,,,,,,,,,,,,,,,,,,,,,,,,,,,,,,,,,,,,,,,,,,,,,,,,,,,,,,,,,,,,,,,,,,,,,,,,,,,,,,,,,,,,,,,,,,,,,,,,,,,,,,,,,,,,,,,,,,,,,,,,,,,,,,,,,,,,,,,,,,,,,,,,,,,,,,,,,,,,,,,,,,,,,,,,,,,,,,,,,,,,,,,,,,,,,,,,,,,,,,
2018-04-18,ios,,,,,,,,,,,,,,,,,,,,,,,,,,,,,,,,,,,,,,,,,,,,,,,,,,,,,,,,,,,,,,,,,,,,,,,,,,,,,,,,,,,,,,,,,,,,,,,,,,,,,,,,,,,,,,,,,,,,,,,,,,,,,,,,,,,,,,,,,,,,,,,,,,,,,,,,,,,,,,,,,,,,,,,,,,,,,,,,,,,,,,,,,,,,,,,,,,,,,,,,,,,,,,,,,,,,,,,,,,,,,,,,,,,,,,,,,,,,,,,,,,,,,,,,,,,,,,,,,,,,,,,,,,,,,,,,,,,,,,,,,,,,,,,,,,,,,,,,,,,,,,,,,,,,,,,,,,,,,,,,,,,,,,,,,,,,,,,,,,,,,,,,,,,,,,,,,,,,,,,,,,,,,,,,,,,,,,,,,,,,,,,,,,,,,,,,,,,,,,,,,,,,,,,,,,,,,,,,,,,,,,,,,,,,,,,,,,,,,,,,,,,,,,,,,20.0,20.0,42.0,75.0,75.0,75.0,75.0,75.0,75.0,75.0,75.0,75.0,75.0,75.0,75.0,75.0,75.0,75.0,75.0,75.0,75.0,75.0,75.0,75.0,75.0,75.0,75.0,75.0,75.0,75.0,75.0,75.0,75.0,75.0,75.0,75.0,75.0,75.0,75.0,75.0,75.0,75.0,75.0,75.0,75.0,75.0,96.0,96.0,117.0,212.0,253.0,283.0,283.0,283.0,283.0,283.0,283.0,283.0,283.0,283.0,304.0,323.0,323.0,323.0,323.0,323.0,323.0,323.0,323.0,323.0,323.0,323.0,323.0,323.0,323.0,323.0,323.0,323.0,323.0,323.0,323.0,323.0,323.0,323.0,323.0,323.0,323.0,323.0,323.0,323.0,323.0,323.0,323.0,323.0,323.0,323.0,323.0,323.0,323.0,323.0,323.0,323.0,323.0,323.0,323.0,323.0,323.0,323.0,323.0,323.0,323.0,323.0,323.0,323.0,323.0,323.0,323.0,323.0,323.0,323.0,323.0,323.0,323.0,323.0,323.0,323.0,323.0,323.0,323.0,323.0,323.0,323.0,323.0,323.0,323.0,323.0,323.0,323.0,323.0,323.0,323.0,323.0,323.0,323.0,323.0,323.0,323.0,323.0,323.0,323.0,323.0,323.0,323.0,323.0,323.0,323.0,323.0,323.0,323.0,323.0,323.0,323.0,323.0,323.0,323.0,323.0,323.0,323.0,323.0,323.0,323.0,323.0,323.0,323.0,323.0,323.0,323.0,323.0,323.0,323.0,323.0,323.0,323.0,323.0,323.0,360.0,360.0,360.0,360.0,360.0,360.0,372.0,397.0,397.0,397.0,432.0,432.0,432.0,432.0,432.0,432.0,432.0,432.0,432.0,432.0,432.0,432.0,432.0,432.0,432.0,432.0,432.0,432.0,432.0,432.0,432.0,432.0,432.0,432.0,432.0,432.0,432.0,432.0,432.0,432.0,432.0,432.0,432.0,432.0,432.0,432.0,432.0,432.0,432.0,432.0,432.0,432.0,432.0,432.0,432.0,432.0,432.0,432.0,452.0,542.0,660.0,784.0,905.0,1010.0,1134.0,1256.0,1375.0,1493.0,1613.0,1735.0,1854.0,1977.0,2104.0,2228.0,2356.0,2481.0,2596.0,2720.0,2844.0,2966.0,3049.0,3051.0,3051.0,3051.0,3051.0,3051.0,3051.0,3051.0,3051.0,3051.0,3079.0,3087.0,3087.0,3087.0,3087.0,3087.0,3087.0,3087.0,3087.0,3087.0,3087.0,3087.0,3087.0,3087.0,3087.0,3087.0,3087.0,3087.0,3087.0,3087.0,3087.0,3087.0,3087.0,3087.0,3087.0,3087.0,3087.0,3087.0,3087.0,3087.0,3087.0,3087.0,3087.0,3087.0,3087.0,3087.0,3087.0,3087.0,3087.0,3087.0,3087.0,3087.0,3087.0,3087.0,3087.0,3087.0,3087.0,3087.0,3087.0,3087.0,3087.0,3087.0,3087.0,3087.0,3087.0,3087.0,3087.0,3087.0,3087.0,3087.0,3087.0,3087.0,3087.0,3094.0,3117.0,3233.0,3353.0,3475.0,3595.0,3715.0,3829.0,3944.0,4065.0,4181.0,4304.0,4420.0,4540.0,4664.0,4789.0,4905.0,5024.0,5148.0,5267.0,5387.0,5503.0,5625.0,5746.0,5802.0,5868.0,5869.0,5869.0,5869.0,5869.0,5869.0,5869.0,5869.0,5869.0,5869.0,5869.0,5869.0,5869.0,5869.0,5869.0,5869.0,5869.0,5869.0,5869.0,5869.0,5869.0,5869.0,5869.0,5869.0,5869.0,5869.0,5869.0,5869.0,5869.0,5869.0,5869.0,5869.0,5869.0,5869.0,5869.0,5869.0,5869.0,5869.0,5869.0,5869.0,5869.0,5869.0,5869.0,5869.0,5869.0,5869.0,5869.0,5869.0,5869.0,5869.0,5869.0,5869.0,5869.0,5869.0,5869.0,5869.0,5869.0,5869.0,5869.0,5869.0,5869.0,5869.0,5869.0,5869.0,5869.0,5869.0,5869.0,5869.0,5869.0,5869.0,5869.0,5869.0,5869.0,5869.0,5869.0,5869.0,5869.0,5869.0,5869.0,5869.0,5869.0,5869.0,5869.0,5869.0,5869.0,5869.0,5869.0,5869.0,5869.0,5869.0,5869.0,5869.0,5869.0,5869.0,5869.0,5869.0,5869.0,5869.0,5869.0,5869.0,5869.0,5869.0,5869.0,5869.0,5869.0,5869.0,5869.0,5869.0,5869.0,5869.0,5869.0,5869.0,5869.0,5869.0,5869.0,5869.0,5869.0,5869.0,5869.0,5869.0,5869.0,5869.0,5869.0,5869.0,5869.0,5869.0,5869.0,5869.0,5869.0,5869.0,5869.0,5869.0,5869.0,5869.0,5869.0,5869.0,5869.0,5869.0,5869.0,5869.0,5869.0,5869.0,5869.0,5869.0,5869.0,5869.0,5869.0,5869.0,5869.0,5869.0,5869.0,5869.0,5869.0,5869.0,5869.0,5869.0,5869.0,5869.0,5869.0,5869.0,5869.0,5869.0,5869.0,5869.0,5869.0,5869.0,5869.0,5869.0,5869.0,5869.0,5869.0,5869.0,5869.0,5869.0,5869.0,5869.0,5869.0,5869.0,5869.0,5869.0,5869.0,5869.0,5869.0,5869.0,5869.0,5906.0,5937.0,5937.0,5978.0,5986.0,6068.0,6068.0,6068.0,6068.0,6068.0,6068.0,6068.0,6134.0,6134.0,6134.0,6142.0,6142.0,6142.0,6142.0,6142.0,6142.0,6142.0,6142.0,6142.0,6142.0,6142.0,6142.0,6142.0,6142.0,6142.0,6150.0,6150.0,6150.0,6150.0,6150.0,6150.0,6150.0,6150.0,6150.0,6150.0,6150.0,6150.0,6150.0,6150.0,6150.0,6150.0,6150.0,6150.0,6150.0,6150.0,6150.0,6150.0,6150.0,6150.0,6150.0,6150.0,6150.0,6150.0,6150.0,6150.0,6150.0,6150.0,6150.0,6150.0,6150.0,6150.0,6150.0,6150.0,6150.0,6202.0,6314.0,6427.0,6542.0,6664.0,6785.0,6903.0,7010.0,7128.0,7247.0,7365.0,7479.0,7572.0,7684.0,7793.0,7908.0,8023.0,8115.0,8164.0,8183.0,8250.0,8363.0,8468.0,8500.0,8523.0,8523.0,8523.0,8534.0,8534.0,8534.0,8534.0,8534.0,8534.0,8534.0,8534.0,8534.0,8534.0,8534.0,8534.0,8534.0,8534.0,8534.0,8534.0,8534.0,8534.0,8534.0,8534.0,8534.0,8534.0,8534.0,8534.0,8534.0,8534.0,8534.0,8534.0,8534.0,8607.0,8714.0,8810.0,8898.0,8898.0,8906.0,9007.0,9113.0,9226.0,9340.0,9403.0,9403.0,9403.0,9403.0,9403.0,9403.0,9403.0,9403.0,9403.0,9403.0,9403.0,9403.0,9403.0,9403.0,9403.0,9403.0,9403.0,9403.0,9403.0,9403.0,9403.0,9403.0,9403.0,9403.0,9403.0,9403.0,9403.0,9403.0,9403.0,9403.0,9403.0,9403.0,9403.0,9403.0,9403.0,9403.0,9403.0,9445.0,9558.0,9627.0,9701.0,9702.0,9702.0,9702.0,9702.0,9702.0,9702.0,9702.0,9702.0,9702.0,9702.0,9702.0,9702.0,9702.0,9702.0,9702.0,9702.0,9702.0,9702.0,9702.0,9702.0,9702.0,9702.0,9702.0,9702.0,9702.0,9702.0,9702.0,9702.0,9702.0,9702.0,9702.0,9702.0,9702.0,9702.0,9702.0,9702.0,9702.0,9702.0,9702.0,9702.0,9702.0,9702.0,9702.0,9702.0,9702.0,9713.0,9713.0,9713.0,9713.0,9713.0,9713.0,9713.0,9713.0,9713.0,9748.0,9855.0,9960.0,10035.0,10035.0,10035.0,10035.0,10035.0,10035.0,10035.0,10035.0,10035.0,10035.0,10035.0,10035.0,10035.0,10035.0,10035.0,10035.0,10035.0,10035.0,10035.0,10035.0,10035.0,10035.0,10035.0,10035.0,10035.0,10035.0,10035.0,10035.0,10035.0,10035.0,10035.0,10035.0,10035.0,10035.0,10035.0,10035.0,10035.0,10035.0,10035.0,10035.0,10035.0,10035.0,10035.0,10035.0,10035.0,10035.0,10124.0,10165.0,10165.0,10165.0,10165.0,10165.0,10165.0,10165.0,10165.0,10165.0,10165.0,10165.0,10165.0,10165.0,10165.0,10165.0,10165.0,10165.0,10165.0,10165.0,10165.0,10165.0,10165.0,10165.0,10165.0,10165.0,10224.0,10224.0,10224.0,10269.0,10278.0,10287.0,10287.0,10287.0,10287.0,10287.0,10287.0,10287.0,10287.0,10375.0,10427.0,10427.0,10427.0,10427.0,10427.0,10427.0,10427.0,10427.0,10427.0,10427.0,10427.0,10427.0,10427.0,10427.0,10427.0,10427.0,10427.0,10427.0,10427.0,10427.0,10427.0,10427.0,10442.0,10442.0,,,,,,,,,,,,,,,,,,,,,,,,,,,,,,,,,,,,,,,,,,,,,,,,,,,,,,,,,,,,,,,,,,,,,,,,,,,,,,,,,,,,,,,,,,,,,,,,,,,,,
2018-04-19,ios,,,,,,,,,,,,,,,,,,,,,,,,,,,,,,,,,,,,,,,,,,,,,,,,,,,,,,,,,,,,,,,,,,,,,,,,,,,,,,,,,,,,,,,,,,,,,,,,,,,,,,,,,,,,,,,,,,,,,,,,,,,,,,,,,,,,,,,,,,,,,,,,,,,,,,,,,,,,,,,,,,,,,,,,,,,,,,,,,,,,,,,,,,,,,,,,,,,,,,,,,,,,,,,,,,,,,,,,,,,,,,,,,,,,,,,,,,,,,,,,,,,,,,,,,,,,,,,,,,,,,,,,,,,,,,,,,,,,,,,,,,,,,,,,,,,,,,,,,,,,,,,,,,,,,,,,,,,,,,,,,,,,,,,,,,,,,,,,,,,,,,,,,,,,,,,,,,,,,,,,,,,,,,,,,,,,,,,,,,,,,,,,,,,,,,,,,,,,,,,,,,,,,,,,,,,,,,,,,,,,,,,,,,,,11.0,50.0,74.0,113.0,113.0,113.0,113.0,129.0,129.0,151.0,152.0,152.0,205.0,241.0,280.0,333.0,361.0,369.0,369.0,377.0,377.0,377.0,391.0,422.0,422.0,422.0,422.0,422.0,422.0,422.0,422.0,422.0,422.0,422.0,422.0,422.0,422.0,422.0,422.0,422.0,422.0,422.0,422.0,422.0,422.0,422.0,422.0,422.0,422.0,422.0,422.0,422.0,422.0,422.0,422.0,449.0,449.0,449.0,449.0,449.0,449.0,449.0,449.0,449.0,449.0,449.0,449.0,449.0,449.0,449.0,449.0,449.0,449.0,449.0,449.0,458.0,466.0,466.0,466.0,466.0,522.0,612.0,719.0,780.0,891.0,1014.0,1138.0,1263.0,1385.0,1507.0,1627.0,1749.0,1869.0,1929.0,2022.0,2143.0,2260.0,2379.0,2497.0,2617.0,2737.0,2851.0,2967.0,3090.0,3211.0,3332.0,3443.0,3505.0,3534.0,3556.0,3556.0,3556.0,3556.0,3556.0,3556.0,3556.0,3556.0,3556.0,3556.0,3556.0,3556.0,3556.0,3556.0,3556.0,3556.0,3556.0,3556.0,3556.0,3556.0,3556.0,3556.0,3556.0,3556.0,3556.0,3556.0,3556.0,3556.0,3556.0,3556.0,3556.0,3556.0,3556.0,3556.0,3556.0,3556.0,3556.0,3556.0,3556.0,3556.0,3556.0,3556.0,3556.0,3556.0,3556.0,3556.0,3556.0,3556.0,3556.0,3556.0,3556.0,3556.0,3556.0,3556.0,3556.0,3556.0,3556.0,3556.0,3556.0,3556.0,3556.0,3556.0,3556.0,3556.0,3556.0,3556.0,3556.0,3556.0,3556.0,3556.0,3556.0,3556.0,3556.0,3556.0,3556.0,3556.0,3556.0,3556.0,3556.0,3556.0,3556.0,3556.0,3556.0,3556.0,3556.0,3556.0,3556.0,3556.0,3556.0,3556.0,3556.0,3556.0,3556.0,3556.0,3556.0,3556.0,3556.0,3556.0,3556.0,3556.0,3556.0,3556.0,3556.0,3556.0,3556.0,3556.0,3556.0,3556.0,3556.0,3556.0,3556.0,3556.0,3556.0,3556.0,3556.0,3556.0,3556.0,3556.0,3556.0,3556.0,3556.0,3556.0,3556.0,3556.0,3556.0,3556.0,3556.0,3556.0,3556.0,3556.0,3556.0,3556.0,3556.0,3556.0,3556.0,3556.0,3556.0,3556.0,3556.0,3556.0,3556.0,3556.0,3556.0,3556.0,3556.0,3556.0,3556.0,3556.0,3556.0,3556.0,3556.0,3556.0,3556.0,3556.0,3556.0,3556.0,3556.0,3556.0,3556.0,3556.0,3556.0,3556.0,3556.0,3556.0,3556.0,3572.0,3677.0,3796.0,3915.0,3963.0,3979.0,3987.0,4113.0,4235.0,4347.0,4467.0,4587.0,4706.0,4815.0,4918.0,5034.0,5154.0,5275.0,5393.0,5511.0,5561.0,5583.0,5594.0,5594.0,5696.0,5811.0,5927.0,6030.0,6142.0,6259.0,6343.0,6343.0,6343.0,6343.0,6343.0,6343.0,6343.0,6343.0,6343.0,6343.0,6343.0,6343.0,6343.0,6363.0,6363.0,6363.0,6363.0,6363.0,6363.0,6363.0,6363.0,6363.0,6363.0,6363.0,6363.0,6363.0,6363.0,6363.0,6363.0,6363.0,6363.0,6363.0,6363.0,6363.0,6363.0,6363.0,6363.0,6363.0,6363.0,6363.0,6363.0,6363.0,6363.0,6363.0,6363.0,6363.0,6363.0,6363.0,6363.0,6363.0,6363.0,6374.0,6374.0,6374.0,6374.0,6374.0,6374.0,6374.0,6374.0,6374.0,6374.0,6374.0,6374.0,6374.0,6374.0,6374.0,6374.0,6374.0,6374.0,6374.0,6374.0,6374.0,6374.0,6374.0,6374.0,6374.0,6374.0,6374.0,6374.0,6374.0,6374.0,6374.0,6374.0,6397.0,6453.0,6475.0,6599.0,6727.0,6856.0,6985.0,7111.0,7236.0,7364.0,7490.0,7617.0,7746.0,7872.0,7988.0,8120.0,8249.0,8380.0,8507.0,8629.0,8756.0,8889.0,9018.0,9146.0,9204.0,9227.0,9243.0,9243.0,9243.0,9243.0,9243.0,9243.0,9243.0,9243.0,9243.0,9243.0,9243.0,9243.0,9243.0,9243.0,9243.0,9243.0,9243.0,9243.0,9243.0,9243.0,9243.0,9243.0,9243.0,9243.0,9243.0,9243.0,9243.0,9243.0,9243.0,9243.0,9243.0,9243.0,9243.0,9243.0,9243.0,9243.0,9243.0,9243.0,9243.0,9243.0,9243.0,9243.0,9243.0,9243.0,9243.0,9243.0,9243.0,9243.0,9243.0,9243.0,9243.0,9243.0,9243.0,9243.0,9243.0,9243.0,9243.0,9243.0,9243.0,9243.0,9243.0,9243.0,9243.0,9243.0,9243.0,9243.0,9243.0,9243.0,9243.0,9243.0,9243.0,9243.0,9243.0,9243.0,9243.0,9243.0,9243.0,9243.0,9243.0,9262.0,9302.0,9406.0,9508.0,9612.0,9697.0,9706.0,9706.0,9706.0,9706.0,9706.0,9706.0,9706.0,9706.0,9706.0,9706.0,9744.0,9744.0,9744.0,9744.0,9744.0,9744.0,9744.0,9744.0,9744.0,9744.0,9744.0,9744.0,9744.0,9744.0,9744.0,9744.0,9744.0,9744.0,9744.0,9744.0,9744.0,9744.0,9744.0,9744.0,9752.0,9752.0,9752.0,9752.0,9752.0,9754.0,9832.0,9857.0,9968.0,10076.0,10184.0,10270.0,10324.0,10371.0,10371.0,10371.0,10371.0,10371.0,10371.0,10371.0,10371.0,10371.0,10371.0,10371.0,10371.0,10371.0,10371.0,10371.0,10371.0,10371.0,10371.0,10371.0,10371.0,10371.0,10371.0,10371.0,10371.0,10371.0,10371.0,10371.0,10371.0,10371.0,10371.0,10371.0,10371.0,10371.0,10371.0,10371.0,10371.0,10371.0,10371.0,10371.0,10371.0,10371.0,10443.0,10505.0,10560.0,10685.0,10808.0,10938.0,11066.0,11141.0,11141.0,11141.0,11141.0,11141.0,11141.0,11141.0,11141.0,11141.0,11141.0,11141.0,11141.0,11141.0,11198.0,11244.0,11250.0,11272.0,11290.0,11290.0,11290.0,11290.0,11290.0,11316.0,11352.0,11444.0,11529.0,11556.0,11556.0,11638.0,11745.0,11848.0,11900.0,11941.0,12052.0,12151.0,12223.0,12287.0,12327.0,12327.0,12327.0,12327.0,12327.0,12327.0,12327.0,12327.0,12327.0,12327.0,12327.0,12327.0,12327.0,12327.0,12327.0,12327.0,12327.0,12327.0,12327.0,12327.0,12327.0,12327.0,12327.0,12327.0,12327.0,12327.0,12327.0,12327.0,12327.0,12327.0,12327.0,12327.0,12327.0,12327.0,12327.0,12327.0,12327.0,12327.0,12327.0,12327.0,12327.0,12327.0,12327.0,12327.0,12327.0,12327.0,12327.0,12327.0,12327.0,12327.0,12327.0,12327.0,12327.0,12327.0,12327.0,12327.0,12327.0,12327.0,12327.0,12327.0,12327.0,12327.0,12327.0,12327.0,12327.0,12327.0,12327.0,12327.0,12327.0,12327.0,12327.0,12327.0,12327.0,12327.0,12327.0,12327.0,12327.0,12327.0,12327.0,12327.0,12327.0,12327.0,12327.0,12327.0,12327.0,12327.0,12327.0,12327.0,12327.0,12338.0,12367.0,12417.0,12439.0,12470.0,12478.0,12478.0,12478.0,12490.0,12490.0,12490.0,12504.0,12504.0,12504.0,12504.0,12504.0,12504.0,12504.0,12504.0,12504.0,12504.0,12504.0,12504.0,12504.0,12504.0,12504.0,12504.0,12504.0,12504.0,12504.0,12504.0,12504.0,12504.0,12504.0,12504.0,12504.0,12504.0,12504.0,12504.0,12504.0,12504.0,12504.0,12521.0,12521.0,12525.0,12563.0,12583.0,12620.0,12620.0,12642.0,12675.0,12712.0,12752.0,12770.0,12796.0,12822.0,12850.0,12885.0,12943.0,12991.0,12995.0,12995.0,12995.0,12995.0,12995.0,12995.0,12995.0,12995.0,12995.0,12995.0,12995.0,12995.0,12995.0,12995.0,12995.0,12995.0,12995.0,12995.0,12995.0,12995.0,12995.0,12995.0,12995.0,12995.0,12995.0,12995.0,12995.0,12995.0,12995.0,12995.0,12995.0,12995.0,12995.0,12995.0,12995.0,12995.0,12995.0,12995.0,12995.0,12995.0,12995.0,12995.0,12995.0,12995.0,12995.0,12995.0,12995.0,12995.0,12995.0,12995.0,12995.0,12995.0,12995.0,12995.0,12995.0,12995.0,12995.0,12995.0,12995.0,12995.0,12995.0,12995.0,12995.0,12995.0,12995.0,12995.0,12995.0,12995.0,12995.0,12995.0,13003.0,13047.0,13067.0,13067.0,13067.0,13077.0,13094.0,13153.0,13169.0,13169.0,13216.0,13227.0,13227.0,13227.0,13227.0,13227.0,13227.0,13227.0,13227.0,13227.0,13227.0,13227.0,13227.0,13227.0,13227.0,13227.0,13227.0,13227.0,13227.0,13227.0,13227.0,13227.0,13227.0,13227.0,13227.0,13227.0,13227.0,13227.0,13227.0,13227.0,13248.0,13313.0,13431.0,13552.0,13672.0,13793.0,13915.0,14032.0,14091.0,14136.0,14260.0,14386.0,14512.0,14639.0,14763.0,14888.0,15014.0,15141.0,15261.0,15383.0,15504.0,15625.0,15723.0,15853.0,15978.0,16096.0,16215.0,16337.0,16433.0,16469.0,16469.0,16469.0,16469.0,16469.0,16469.0,16469.0,16469.0,16469.0,16469.0,16469.0,16469.0,16469.0,16469.0,16469.0,16469.0,,,,,,,,,,,,,,,,,,,,,,,,,,,,,,,,,,,,,,,,,,,,,,,,,,,,,,,,,,,,,,,,,,,,,,,,,,,,,,,
2018-04-21,ios,,,,,,,,,,,,,,,,,,,,,,,,,,,,,,,,,,,,,,,,,,,,,,,,,,,,,,,,,,,,,,,,,,,,,,,,,,,,,,,,,,,,,,,,,,,,,,,,,,,,,,,,,,,,,,,,,,,,,,,,,,,,,,,,,,,,,,,,,,,,,,,,,,,,,,,,,,,,,,,,,,,,,,,,,,,,,,,,,,,,,,,,,,,,,,,,,,,,,,,,,,,,,,,,,,,,,,,,,,,,,,,,,,,,,,,,,,,,,,,,,,,,,,,,,,,,,,,,,,,,,,,,,,,,,,,,,,,,,,,,,,,,,,,,,,,,,,,,,,,,,,,,,,,,,,,,,,,,,,,,,,,,,,,,,,,,,,,,,,,,,,,,,,,,,,,,,,,,,,,,,,,,,,,,,,,,,,,,,,,,,,,,,,,,,,,,,,,,,,,,,,,,,,,,,,,,,,,,,,,,,,,,,,,,,,,,,,,,,,,,,,,,,,,,65.0,192.0,320.0,450.0,533.0,533.0,533.0,644.0,747.0,873.0,997.0,1121.0,1243.0,1364.0,1482.0,1603.0,1727.0,1851.0,1976.0,2102.0,2228.0,2350.0,2469.0,2590.0,2713.0,2834.0,2920.0,2922.0,2983.0,3043.0,3086.0,3087.0,3087.0,3121.0,3126.0,3173.0,3173.0,3173.0,3173.0,3173.0,3173.0,3173.0,3181.0,3197.0,3197.0,3197.0,3211.0,3211.0,3211.0,3211.0,3220.0,3231.0,3264.0,3292.0,3320.0,3320.0,3320.0,3367.0,3407.0,3408.0,3408.0,3408.0,3408.0,3408.0,3408.0,3408.0,3408.0,3408.0,3408.0,3408.0,3408.0,3408.0,3408.0,3408.0,3408.0,3408.0,3408.0,3440.0,3469.0,3477.0,3477.0,3477.0,3477.0,3477.0,3477.0,3477.0,3477.0,3477.0,3477.0,3533.0,3614.0,3681.0,3708.0,3747.0,3774.0,3796.0,3796.0,3798.0,3828.0,3829.0,3853.0,3878.0,3958.0,3974.0,3974.0,3983.0,3983.0,3983.0,3983.0,3983.0,3983.0,3983.0,3983.0,3992.0,4007.0,4015.0,4015.0,4015.0,4015.0,4025.0,4043.0,4043.0,4043.0,4043.0,4077.0,4089.0,4089.0,4089.0,4089.0,4089.0,4089.0,4089.0,4089.0,4089.0,4089.0,4089.0,4089.0,4097.0,4106.0,4106.0,4114.0,4142.0,4175.0,4175.0,4175.0,4213.0,4213.0,4213.0,4213.0,4256.0,4340.0,4394.0,4394.0,4394.0,4394.0,4394.0,4394.0,4394.0,4394.0,4394.0,4402.0,4410.0,4457.0,4497.0,4497.0,4521.0,4529.0,4529.0,4529.0,4529.0,4529.0,4529.0,4529.0,4529.0,4529.0,4529.0,4529.0,4529.0,4529.0,4529.0,4529.0,4529.0,4529.0,4565.0,4600.0,4642.0,4650.0,4693.0,4718.0,4721.0,4721.0,4747.0,4758.0,4760.0,4760.0,4788.0,4802.0,4810.0,4810.0,4810.0,4810.0,4810.0,4810.0,4810.0,4810.0,4810.0,4810.0,4810.0,4810.0,4810.0,4810.0,4810.0,4810.0,4810.0,4810.0,4810.0,4810.0,4810.0,4810.0,4866.0,4925.0,4942.0,4970.0,4985.0,4985.0,4985.0,5012.0,5079.0,5132.0,5152.0,5268.0,5377.0,5483.0,5590.0,5697.0,5799.0,5890.0,5985.0,6072.0,6175.0,6280.0,6386.0,6493.0,6522.0,6522.0,6530.0,6542.0,6607.0,6664.0,6664.0,6664.0,6664.0,6664.0,6664.0,6664.0,6664.0,6664.0,6664.0,6664.0,6664.0,6664.0,6664.0,6664.0,6664.0,6664.0,6664.0,6664.0,6664.0,6664.0,6664.0,6664.0,6664.0,6664.0,6664.0,6664.0,6664.0,6664.0,6664.0,6664.0,6664.0,6664.0,6664.0,6664.0,6664.0,6664.0,6664.0,6664.0,6664.0,6664.0,6664.0,6664.0,6664.0,6664.0,6664.0,6664.0,6664.0,6723.0,6723.0,6761.0,6794.0,6796.0,6826.0,6890.0,6924.0,6983.0,7049.0,7132.0,7208.0,7295.0,7390.0,7471.0,7559.0,7622.0,7715.0,7801.0,7902.0,8006.0,8042.0,8042.0,8042.0,8042.0,8042.0,8042.0,8042.0,8042.0,8068.0,8157.0,8190.0,8272.0,8368.0,8438.0,8488.0,8488.0,8489.0,8551.0,8551.0,8589.0,8647.0,8647.0,8647.0,8647.0,8647.0,8647.0,8647.0,8647.0,8647.0,8647.0,8647.0,8647.0,8647.0,8647.0,8647.0,8647.0,8647.0,8647.0,8712.0,8795.0,8889.0,8987.0,9008.0,9008.0,9008.0,9008.0,9008.0,9008.0,9008.0,9008.0,9008.0,9008.0,9008.0,9008.0,9102.0,9122.0,9217.0,9258.0,9258.0,9260.0,9310.0,9310.0,9310.0,9310.0,9310.0,9310.0,9335.0,9392.0,9392.0,9392.0,9392.0,9392.0,9392.0,9392.0,9462.0,9478.0,9478.0,9486.0,9486.0,9486.0,9510.0,9531.0,9531.0,9531.0,9531.0,9531.0,9531.0,9564.0,9565.0,9578.0,9579.0,9579.0,9579.0,9579.0,9579.0,9579.0,9649.0,9653.0,9671.0,9691.0,9691.0,9691.0,9691.0,9691.0,9691.0,9691.0,9709.0,9709.0,9709.0,9709.0,9769.0,9775.0,9775.0,9775.0,9775.0,9775.0,9775.0,9775.0,9775.0,9775.0,9775.0,9775.0,9775.0,9775.0,9784.0,9819.0,9821.0,9821.0,9821.0,9821.0,9837.0,9837.0,9837.0,9837.0,9837.0,9873.0,9873.0,9875.0,9893.0,9893.0,9893.0,9918.0,9979.0,10002.0,10049.0,10064.0,10064.0,10064.0,10064.0,10064.0,10080.0,10085.0,10085.0,10085.0,10085.0,10085.0,10085.0,10142.0,10191.0,10268.0,10268.0,10276.0,10321.0,10352.0,10450.0,10545.0,10569.0,10589.0,10637.0,10652.0,10659.0,10660.0,10660.0,10660.0,10660.0,10660.0,10660.0,10673.0,10673.0,10683.0,10712.0,10718.0,10718.0,10718.0,10729.0,10799.0,10834.0,10903.0,10982.0,11050.0,11071.0,11071.0,11071.0,11130.0,11153.0,11226.0,11226.0,11241.0,11289.0,11296.0,11296.0,11296.0,11296.0,11296.0,11296.0,11313.0,11325.0,11348.0,11348.0,11348.0,11348.0,11348.0,11348.0,11348.0,11365.0,11385.0,11406.0,11406.0,11406.0,11406.0,11415.0,11415.0,11415.0,11415.0,11415.0,11444.0,11444.0,11444.0,11453.0,11454.0,11454.0,11454.0,11454.0,11454.0,11454.0,11454.0,11454.0,11465.0,11465.0,11465.0,11480.0,11488.0,11488.0,11488.0,11497.0,11505.0,11505.0,11516.0,11516.0,11516.0,11516.0,11516.0,11516.0,11516.0,11516.0,11516.0,11516.0,11516.0,11516.0,11551.0,11574.0,11574.0,11616.0,11671.0,11671.0,11671.0,11671.0,11671.0,11671.0,11671.0,11671.0,11671.0,11671.0,11671.0,11671.0,11671.0,11671.0,11671.0,11671.0,11671.0,11671.0,11671.0,11671.0,11671.0,11671.0,11671.0,11671.0,11671.0,11671.0,11671.0,11671.0,11671.0,11671.0,11671.0,11671.0,11671.0,11671.0,11671.0,11671.0,11671.0,11671.0,11671.0,11671.0,11671.0,11671.0,11671.0,11671.0,11671.0,11671.0,11671.0,11671.0,11671.0,11671.0,11671.0,11671.0,11671.0,11671.0,11671.0,11671.0,11671.0,11671.0,11671.0,11671.0,11671.0,11671.0,11671.0,11671.0,11671.0,11671.0,11671.0,11671.0,11671.0,11671.0,11671.0,11671.0,11671.0,11671.0,11671.0,11671.0,11671.0,11671.0,11671.0,11671.0,11671.0,11671.0,11702.0,11702.0,11702.0,11702.0,11702.0,11702.0,11702.0,11702.0,11702.0,11702.0,11702.0,11702.0,11702.0,11714.0,11741.0,11841.0,11915.0,11963.0,11981.0,11981.0,11981.0,11981.0,11981.0,11981.0,11981.0,11981.0,11981.0,11981.0,11981.0,11981.0,11981.0,11981.0,11981.0,11981.0,11981.0,12039.0,12067.0,12067.0,12067.0,12067.0,12131.0,12221.0,12223.0,12231.0,12321.0,12321.0,12321.0,12321.0,12321.0,12321.0,12321.0,12332.0,12341.0,12341.0,12341.0,12341.0,12384.0,12482.0,12567.0,12635.0,12723.0,12808.0,12862.0,12953.0,12956.0,12969.0,13074.0,13091.0,13091.0,13091.0,13113.0,13113.0,13113.0,13113.0,13113.0,13113.0,13113.0,13113.0,13113.0,13113.0,13113.0,13113.0,13113.0,13113.0,13113.0,13113.0,13113.0,13113.0,13113.0,13121.0,13211.0,13288.0,13361.0,13472.0,13584.0,13694.0,13766.0,13766.0,13774.0,13881.0,13966.0,14071.0,14167.0,14266.0,14336.0,14363.0,14363.0,14363.0,14363.0,14376.0,14388.0,14388.0,14388.0,14388.0,14388.0,14388.0,14388.0,14388.0,14388.0,14388.0,14388.0,14388.0,14388.0,14388.0,14388.0,14388.0,14388.0,14388.0,14388.0,14388.0,14388.0,14388.0,14388.0,14388.0,14388.0,14388.0,14388.0,14388.0,14388.0,14388.0,14388.0,14388.0,14388.0,14388.0,14388.0,14388.0,14388.0,14388.0,14388.0,14388.0,14388.0,14388.0,14388.0,14388.0,14388.0,14388.0,14388.0,14388.0,14388.0,14388.0,14388.0,14388.0,14388.0,14388.0,14388.0,14388.0,14388.0,14388.0,14388.0,14388.0,14388.0,14388.0,14388.0,14388.0,14388.0,14388.0,14388.0,14388.0,,,,,,,,,,,,,,,,,,,,,,,,,,,,,,,,,,,,,,,,,,,,,,,,,,,,,,,,,,,,,,,,,,,,,,,,,,,,,,,,,,,,,,,,,,,,,,,,,,,,,,,,,,,,,,,,,,,,,,,,,,,,,,,,,,,,,,,,,,,,,,,,,,,,,,,,,
2018-04-24,ios,,,,,,,,,,,,,,,,,,,,,,,,,,,,,,,,,,,,,,,,,,,,,,,,,,,,,,,,,,,,,,,,,,,,,,,,,,,,,,,,,,,,,,,,,,,,,,,,,,,,,,,,,,,,,,,,,,,,,,,,,,,,,,,,,,,,,,,,,,,,,,,,,,,,,,,,,,,,,,,,,,,,,,,,,,,,,,,,,,,,,,,,,,,,,,,,,,,,,,,,,,,,,,,,,,,,,,,,,,,,,,,,,,,,,,,,,,,,,,,,,,,,,,,,,,,,,,,,,,,,,,,,,,,,,,,,,,,,,,,,,,,,,,,,,,,,,,,,,,,,,,,,,,,,,,,,,,,,,,,,,,,,,,,,,,,,,,,,,,,,,,,,,,,,,,,,,,,,,,,,,,,,,,,,,,,,,,,,,,,,,,,,,,,,,,,,,,,,,,,,,,,,,,,,,,,,,,,,,,,,,,,,,,,,,,,,,,,,,,,28.0,28.0,28.0,28.0,28.0,31.0,38.0,50.0,50.0,50.0,50.0,50.0,50.0,50.0,50.0,50.0,50.0,50.0,50.0,50.0,50.0,50.0,50.0,50.0,50.0,50.0,50.0,50.0,50.0,50.0,50.0,50.0,50.0,50.0,50.0,50.0,50.0,50.0,50.0,50.0,50.0,50.0,50.0,50.0,50.0,50.0,50.0,50.0,50.0,50.0,50.0,58.0,95.0,194.0,228.0,228.0,228.0,228.0,228.0,228.0,228.0,228.0,228.0,242.0,332.0,332.0,332.0,332.0,374.0,374.0,374.0,374.0,374.0,374.0,374.0,374.0,374.0,374.0,374.0,374.0,374.0,374.0,374.0,374.0,374.0,374.0,374.0,374.0,374.0,374.0,374.0,374.0,374.0,374.0,374.0,374.0,374.0,374.0,374.0,374.0,374.0,374.0,374.0,374.0,374.0,374.0,374.0,374.0,374.0,374.0,374.0,374.0,374.0,374.0,374.0,374.0,374.0,374.0,374.0,374.0,374.0,374.0,374.0,374.0,374.0,374.0,374.0,374.0,374.0,374.0,374.0,374.0,374.0,374.0,374.0,374.0,374.0,374.0,374.0,374.0,374.0,374.0,374.0,374.0,374.0,374.0,374.0,374.0,374.0,374.0,374.0,374.0,374.0,374.0,374.0,374.0,374.0,374.0,374.0,374.0,374.0,374.0,374.0,374.0,374.0,374.0,374.0,374.0,374.0,374.0,374.0,374.0,374.0,374.0,374.0,374.0,374.0,374.0,374.0,374.0,374.0,374.0,374.0,374.0,374.0,374.0,374.0,374.0,374.0,374.0,374.0,374.0,374.0,374.0,374.0,374.0,374.0,374.0,374.0,374.0,374.0,374.0,374.0,374.0,374.0,374.0,374.0,374.0,374.0,374.0,374.0,374.0,374.0,374.0,374.0,374.0,374.0,374.0,374.0,374.0,374.0,374.0,374.0,374.0,374.0,374.0,374.0,374.0,374.0,374.0,374.0,374.0,374.0,374.0,374.0,374.0,374.0,374.0,374.0,374.0,374.0,374.0,374.0,374.0,374.0,374.0,374.0,374.0,374.0,374.0,374.0,374.0,374.0,374.0,374.0,406.0,495.0,603.0,713.0,822.0,883.0,940.0,955.0,964.0,964.0,964.0,964.0,964.0,964.0,964.0,964.0,964.0,964.0,964.0,964.0,964.0,964.0,964.0,964.0,964.0,964.0,964.0,964.0,964.0,964.0,964.0,964.0,964.0,964.0,964.0,964.0,964.0,964.0,964.0,964.0,964.0,964.0,964.0,964.0,964.0,964.0,964.0,964.0,964.0,964.0,964.0,964.0,964.0,964.0,964.0,964.0,964.0,964.0,964.0,964.0,964.0,964.0,1004.0,1124.0,1244.0,1364.0,1404.0,1440.0,1441.0,1441.0,1441.0,1441.0,1441.0,1441.0,1441.0,1441.0,1441.0,1441.0,1441.0,1441.0,1441.0,1441.0,1441.0,1441.0,1469.0,1512.0,1512.0,1512.0,1512.0,1512.0,1512.0,1512.0,1512.0,1512.0,1512.0,1512.0,1512.0,1512.0,1512.0,1512.0,1512.0,1512.0,1512.0,1512.0,1512.0,1512.0,1512.0,1512.0,1512.0,1512.0,1512.0,1512.0,1512.0,1512.0,1512.0,1512.0,1512.0,1512.0,1512.0,1512.0,1512.0,1512.0,1512.0,1512.0,1512.0,1512.0,1512.0,1512.0,1512.0,1512.0,1512.0,1546.0,1549.0,1549.0,1549.0,1549.0,1549.0,1549.0,1549.0,1549.0,1549.0,1549.0,1549.0,1549.0,1549.0,1549.0,1549.0,1549.0,1549.0,1549.0,1549.0,1549.0,1549.0,1549.0,1549.0,1549.0,1549.0,1549.0,1549.0,1549.0,1549.0,1549.0,1549.0,1549.0,1549.0,1549.0,1549.0,1549.0,1549.0,1549.0,1549.0,1549.0,1549.0,1549.0,1549.0,1549.0,1549.0,1549.0,1549.0,1549.0,1549.0,1549.0,1549.0,1549.0,1549.0,1549.0,1549.0,1549.0,1549.0,1549.0,1549.0,1549.0,1549.0,1549.0,1549.0,1549.0,1549.0,1549.0,1549.0,1549.0,1549.0,1549.0,1549.0,1549.0,1549.0,1549.0,1549.0,1549.0,1549.0,1549.0,1549.0,1549.0,1549.0,1549.0,1549.0,1549.0,1549.0,1549.0,1549.0,1549.0,1549.0,1549.0,1549.0,1549.0,1549.0,1549.0,1549.0,1549.0,1549.0,1549.0,1549.0,1549.0,1549.0,1549.0,1549.0,1549.0,1549.0,1549.0,1549.0,1549.0,1549.0,1549.0,1549.0,1549.0,1549.0,1549.0,1549.0,1549.0,1549.0,1549.0,1549.0,1549.0,1549.0,1549.0,1549.0,1549.0,1549.0,1549.0,1549.0,1549.0,1549.0,1549.0,1549.0,1549.0,1549.0,1549.0,1549.0,1549.0,1549.0,1549.0,1549.0,1549.0,1549.0,1549.0,1549.0,1549.0,1549.0,1549.0,1549.0,1549.0,1549.0,1549.0,1549.0,1549.0,1549.0,1549.0,1549.0,1549.0,1549.0,1549.0,1549.0,1549.0,1549.0,1549.0,1549.0,1549.0,1549.0,1549.0,1549.0,1549.0,1549.0,1549.0,1549.0,1549.0,1549.0,1549.0,1549.0,1549.0,1549.0,1549.0,1549.0,1549.0,1549.0,1549.0,1549.0,1549.0,1549.0,1549.0,1549.0,1549.0,1549.0,1549.0,1549.0,1549.0,1549.0,1549.0,1549.0,1549.0,1549.0,1549.0,1549.0,1549.0,1549.0,1549.0,1549.0,1549.0,1549.0,1549.0,1549.0,1549.0,1549.0,1549.0,1549.0,1549.0,1549.0,1549.0,1549.0,1549.0,1549.0,1549.0,1549.0,1549.0,1549.0,1549.0,1549.0,1549.0,1549.0,1549.0,1549.0,1549.0,1549.0,1549.0,1549.0,1549.0,1549.0,1549.0,1549.0,1549.0,1549.0,1549.0,1549.0,1549.0,1549.0,1549.0,1549.0,1549.0,1549.0,1549.0,1549.0,1549.0,1549.0,1549.0,1549.0,1549.0,1549.0,,,,,,,,,,,,,,,,,,,,,,,,,,,,,,,,,,,,,,,,,,,,,,,,,,,,,,,,,,,,,,,,,,,,,,,,,,,,,,,,,,,,,,,,,,,,,,,,,,,,,,,,,,,,,,,,,,,,,,,,,,,,,,,,,,,,,,,,,,,,,,,,,,,,,,,,,,,,,,,,,,,,,,,,,,,,,,,,,,,,,,,,,,,,,,,,,,,,,,,,,,,,,,,,,,,,,,,,,,,,,,,,,,,,,,,,,,,,,,,,,,,,,,,,,,,,,,,,,,,,,,,,,,,,,,,,,,,,,,,,,,,,,,,,,,,,,,,,,,,,,,,,,,,,,,,,,,,,,,,,,,,,,,,,,,,,,,,,,,,,,,,,,,,,,,,,,,,,,,,,,,
2018-05-01,ios,,,,,,,,,,,,,,,,,,,,,,,,,,,,,,,,,,,,,,,,,,,,,,,,,,,,,,,,,,,,,,,,,,,,,,,,,,,,,,,,,,,,,,,,,,,,,,,,,,,,,,,,,,,,,,,,,,,,,,,,,,,,,,,,,,,,,,,,,,,,,,,,,,,,,,,,,,,,,,,,,,,,,,,,,,,,,,,,,,,,,,,,,,,,,,,,,,,,,,,,,,,,,,,,,,,,,,,,,,,,,,,,,,,,,,,,,,,,,,,,,,,,,,,,,,,,,,,,,,,,,,,,,,,,,,,,,,,,,,,,,,,,,,,,,,,,,,,,,,,,,,,,,,,,,,,,,,,,,,,,,,,,,,,,,,,,,,,,,,,,,,,,,,,,,,,,,,,,,,,,,,,,,,,,,,,,,,,,,,,,,,,,,,,,,,,,,,,,,,,,,,,,,,,,,,,,,,,,,,,,,,,,,,,,,,,,,,,,,16.0,17.0,35.0,98.0,209.0,317.0,383.0,556.0,730.0,904.0,1075.0,1234.0,1405.0,1554.0,1733.0,1899.0,2076.0,2251.0,2426.0,2591.0,2741.0,2891.0,3036.0,3200.0,3364.0,3467.0,3623.0,3794.0,3966.0,4135.0,4302.0,4454.0,4610.0,4765.0,4930.0,5096.0,5272.0,5439.0,5598.0,5774.0,5938.0,6100.0,6226.0,6404.0,6519.0,6692.0,6797.0,6959.0,7111.0,7132.0,7159.0,7159.0,7159.0,7171.0,7171.0,7171.0,7171.0,7236.0,7395.0,7558.0,7709.0,7884.0,8062.0,8241.0,8410.0,8579.0,8757.0,8936.0,9105.0,9284.0,9454.0,9634.0,9781.0,9950.0,10118.0,10297.0,10474.0,10654.0,10834.0,11003.0,11175.0,11351.0,11528.0,11701.0,11871.0,12039.0,12202.0,12361.0,12474.0,12617.0,12795.0,12970.0,13135.0,13298.0,13476.0,13640.0,13818.0,13996.0,14159.0,14298.0,14451.0,14600.0,14761.0,14937.0,15115.0,15293.0,15458.0,15633.0,15809.0,15982.0,16162.0,16337.0,16487.0,16658.0,16819.0,16982.0,17103.0,17212.0,17319.0,17431.0,17482.0,17482.0,17482.0,17500.0,17570.0,17571.0,17571.0,17571.0,17571.0,17571.0,17593.0,17600.0,17600.0,17600.0,17600.0,17600.0,17600.0,17600.0,17600.0,17600.0,17600.0,17600.0,17600.0,17600.0,17600.0,17600.0,17600.0,17600.0,17600.0,17607.0,17630.0,17630.0,17630.0,17659.0,17766.0,17801.0,17801.0,17801.0,17801.0,17801.0,17801.0,17801.0,17801.0,17877.0,17994.0,18091.0,18110.0,18121.0,18159.0,18159.0,18159.0,18159.0,18159.0,18159.0,18159.0,18159.0,18159.0,18159.0,18201.0,18247.0,18249.0,18268.0,18279.0,18292.0,18292.0,18292.0,18292.0,18292.0,18292.0,18326.0,18363.0,18367.0,18367.0,18367.0,18367.0,18367.0,18367.0,18367.0,18367.0,18374.0,18400.0,18400.0,18400.0,18400.0,18419.0,18419.0,18419.0,18419.0,18419.0,18419.0,18419.0,18431.0,18431.0,18431.0,18431.0,18431.0,18431.0,18444.0,18444.0,18444.0,18444.0,18444.0,18444.0,18444.0,18487.0,18487.0,18487.0,18487.0,18487.0,18487.0,18487.0,18487.0,18487.0,18487.0,18532.0,18548.0,18548.0,18548.0,18548.0,18593.0,18593.0,18593.0,18593.0,18593.0,18593.0,18593.0,18593.0,18593.0,18593.0,18593.0,18619.0,18619.0,18619.0,18619.0,18619.0,18619.0,18619.0,18619.0,18619.0,18619.0,18619.0,18619.0,18646.0,18661.0,18719.0,18757.0,18866.0,18986.0,19010.0,19033.0,19133.0,19211.0,19211.0,19211.0,19211.0,19211.0,19211.0,19211.0,19211.0,19211.0,19211.0,19211.0,19211.0,19211.0,19211.0,19211.0,19211.0,19211.0,19211.0,19211.0,19211.0,19211.0,19211.0,19211.0,19211.0,19211.0,19211.0,19211.0,19211.0,19282.0,19391.0,19503.0,19579.0,19636.0,19636.0,19636.0,19636.0,19636.0,19636.0,19636.0,19636.0,19636.0,19636.0,19636.0,19636.0,19636.0,19636.0,19636.0,19636.0,19636.0,19636.0,19636.0,19636.0,19636.0,19636.0,19636.0,19636.0,19636.0,19636.0,19636.0,19636.0,19636.0,19636.0,19636.0,19636.0,19636.0,19636.0,19636.0,19636.0,19636.0,19636.0,19636.0,19636.0,19636.0,19636.0,19636.0,19636.0,19636.0,19636.0,19636.0,19636.0,19636.0,19636.0,19636.0,19636.0,19636.0,19636.0,19636.0,19636.0,19636.0,19636.0,19636.0,19636.0,19636.0,19636.0,19636.0,19636.0,19636.0,19636.0,19636.0,19636.0,19636.0,19636.0,19636.0,19636.0,19636.0,19636.0,19636.0,19636.0,19636.0,19636.0,19636.0,19636.0,19636.0,19636.0,19636.0,19636.0,19636.0,19636.0,19636.0,19636.0,19636.0,19636.0,19636.0,19636.0,19636.0,19636.0,19636.0,19636.0,19636.0,19636.0,19636.0,19636.0,19636.0,19636.0,19636.0,19636.0,19636.0,19653.0,19682.0,19686.0,19697.0,19697.0,19697.0,19768.0,19863.0,19896.0,19910.0,19910.0,19910.0,19910.0,19936.0,20038.0,20108.0,20108.0,20108.0,20108.0,20108.0,20108.0,20108.0,20108.0,20108.0,20108.0,20108.0,20108.0,20108.0,20108.0,20108.0,20108.0,20108.0,20108.0,20108.0,20108.0,20108.0,20108.0,20108.0,20168.0,20182.0,20201.0,20201.0,20201.0,20248.0,20359.0,20468.0,20577.0,20628.0,20642.0,20642.0,20710.0,20830.0,20950.0,20965.0,20971.0,21014.0,21064.0,21064.0,21064.0,21064.0,21064.0,21064.0,21064.0,21064.0,21064.0,21064.0,21064.0,21064.0,21064.0,21064.0,21064.0,21064.0,21064.0,21064.0,21064.0,21064.0,21064.0,,,,,,,,,,,,,,,,,,,,,,,,,,,,,,,,,,,,,,,,,,,,,,,,,,,,,,,,,,,,,,,,,,,,,,,,,,,,,,,,,,,,,,,,,,,,,,,,,,,,,,,,,,,,,,,,,,,,,,,,,,,,,,,,,,,,,,,,,,,,,,,,,,,,,,,,,,,,,,,,,,,,,,,,,,,,,,,,,,,,,,,,,,,,,,,,,,,,,,,,,,,,,,,,,,,,,,,,,,,,,,,,,,,,,,,,,,,,,,,,,,,,,,,,,,,,,,,,,,,,,,,,,,,,,,,,,,,,,,,,,,,,,,,,,,,,,,,,,,,,,,,,,,,,,,,,,,,,,,,,,,,,,,,,,,,,,,,,,,,,,,,,,,,,,,,,,,,,,,,,,,,,,,,,,,,,,,,,,,,,,,,,,,,,,,,,,,,,,,,,,,,,,,,,,,,,,,,,,,,,,,,,,,,,,,,,,,,,,,,,,,,,,,,,,,,,,,,,,,,,,,,,,,,,,,,,,,,,,,,,,,,,,,,,,,,,,,,,,,,,,,,,,,,,,,,,,,,,,,,
2018-05-03,ios,,,,,,,,,,,,,,,,,,,,,,,,,,,,,,,,,,,,,,,,,,,,,,,,,,,,,,,,,,,,,,,,,,,,,,,,,,,,,,,,,,,,,,,,,,,,,,,,,,,,,,,,,,,,,,,,,,,,,,,,,,,,,,,,,,,,,,,,,,,,,,,,,,,,,,,,,,,,,,,,,,,,,,,,,,,,,,,,,,,,,,,,,,,,,,,,,,,,,,,,,,,,,,,,,,,,,,,,,,,,,,,,,,,,,,,,,,,,,,,,,,,,,,,,,,,,,,,,,,,,,,,,,,,,,,,,,,,,,,,,,,,,,,,,,,,,,,,,,,,,,,,,,,,,,,,,,,,,,,,,,,,,,,,,,,,,,,,,,,,,,,,,,,,,,,,,,,,,,,,,,,,,,,,,,,,,,,,,,,,,,,,,,,,,,,,,,,,,,,,,,,,,,,,,,,,,,,,,,,,,,,,,,,,,,,,,,,,,,,,,,,,,,,,,,,,,,,,,,,,,,,,,,,,,,,,,,,,,,,,,,,,,,,,,,,,,,,,,,,,,,24.0,49.0,111.0,218.0,343.0,467.0,594.0,720.0,845.0,974.0,1101.0,1225.0,1353.0,1427.0,1491.0,1620.0,1749.0,1877.0,2005.0,2133.0,2260.0,2387.0,2513.0,2638.0,2760.0,2789.0,2816.0,2938.0,2978.0,2978.0,2978.0,2978.0,2978.0,2978.0,2978.0,2978.0,2978.0,2978.0,2978.0,2978.0,2978.0,2978.0,2978.0,2978.0,2978.0,2978.0,2978.0,2978.0,2978.0,2978.0,2978.0,2978.0,2978.0,2978.0,2978.0,2978.0,2978.0,2978.0,2978.0,2978.0,2978.0,2978.0,2978.0,2978.0,2978.0,2978.0,2978.0,2978.0,2978.0,2978.0,2978.0,2978.0,2978.0,2978.0,2978.0,2978.0,2978.0,2978.0,2978.0,2978.0,2978.0,2978.0,2978.0,2978.0,2978.0,2978.0,2978.0,2978.0,2978.0,2978.0,2978.0,2978.0,2978.0,2978.0,2978.0,2978.0,2978.0,2978.0,2978.0,2978.0,2978.0,2978.0,2978.0,2978.0,2978.0,2978.0,2978.0,2978.0,2978.0,2978.0,2978.0,2978.0,2978.0,2978.0,2978.0,2978.0,2978.0,2978.0,2978.0,2978.0,2978.0,2978.0,2978.0,2978.0,2978.0,2978.0,2978.0,2978.0,2978.0,2978.0,2978.0,2978.0,2978.0,2978.0,2978.0,2978.0,2978.0,2978.0,2978.0,2978.0,2978.0,2978.0,2978.0,2978.0,2978.0,2978.0,2978.0,2978.0,2978.0,2978.0,2978.0,2978.0,2978.0,2978.0,3046.0,3165.0,3283.0,3364.0,3418.0,3418.0,3418.0,3418.0,3418.0,3439.0,3439.0,3439.0,3439.0,3439.0,3439.0,3439.0,3483.0,3483.0,3483.0,3483.0,3586.0,3701.0,3818.0,3936.0,4055.0,4152.0,4269.0,4384.0,4431.0,4538.0,4655.0,4771.0,4888.0,5002.0,5121.0,5161.0,5278.0,5398.0,5433.0,5462.0,5462.0,5462.0,5481.0,5500.0,5612.0,5731.0,5848.0,5967.0,6082.0,6195.0,6270.0,6270.0,6270.0,6270.0,6270.0,6270.0,6270.0,6270.0,6270.0,6270.0,6270.0,6270.0,6270.0,6270.0,6293.0,6293.0,6293.0,6293.0,6293.0,6293.0,6293.0,6293.0,6293.0,6293.0,6293.0,6293.0,6293.0,6293.0,6293.0,6293.0,6293.0,6293.0,6293.0,6293.0,6293.0,6293.0,6293.0,6293.0,6293.0,6293.0,6293.0,6293.0,6293.0,6293.0,6293.0,6293.0,6293.0,6293.0,6293.0,6293.0,6293.0,6293.0,6293.0,6293.0,6293.0,6293.0,6293.0,6293.0,6293.0,6293.0,6293.0,6293.0,6293.0,6293.0,6293.0,6293.0,6293.0,6293.0,6293.0,6293.0,6293.0,6293.0,6293.0,6293.0,6293.0,6293.0,6293.0,6293.0,6293.0,6293.0,6293.0,6293.0,6293.0,6293.0,6293.0,6293.0,6293.0,6293.0,6293.0,6293.0,6293.0,6293.0,6293.0,6293.0,6293.0,6293.0,6293.0,6293.0,6293.0,6293.0,6293.0,6293.0,6293.0,6293.0,6293.0,6293.0,6293.0,6293.0,6293.0,6346.0,6438.0,6557.0,6667.0,6786.0,6903.0,7005.0,7126.0,7243.0,7356.0,7470.0,7589.0,7700.0,7821.0,7936.0,8050.0,8158.0,8268.0,8378.0,8495.0,8617.0,8739.0,8859.0,8978.0,9089.0,9119.0,9141.0,9141.0,9141.0,9141.0,9141.0,9141.0,9141.0,9141.0,9141.0,9141.0,9141.0,9141.0,9141.0,9141.0,9141.0,9141.0,9141.0,9141.0,9141.0,9141.0,9141.0,9141.0,9141.0,9141.0,9141.0,9141.0,9141.0,9141.0,9141.0,9141.0,9141.0,9141.0,9141.0,9141.0,9141.0,9141.0,9141.0,9141.0,9141.0,9141.0,9141.0,9141.0,9141.0,9141.0,9141.0,9141.0,9141.0,9141.0,9141.0,9141.0,9141.0,9141.0,9141.0,9141.0,9141.0,9141.0,9141.0,9141.0,9141.0,9141.0,9141.0,9141.0,9141.0,9141.0,9141.0,9141.0,9141.0,9141.0,9141.0,9141.0,9141.0,9141.0,9141.0,9141.0,9141.0,9141.0,9141.0,9141.0,9141.0,9141.0,9141.0,9141.0,9141.0,9141.0,9141.0,9141.0,9141.0,9141.0,9141.0,9141.0,9141.0,9141.0,9141.0,9141.0,9141.0,9141.0,9141.0,9141.0,9141.0,9141.0,9141.0,9141.0,9141.0,9141.0,9141.0,9141.0,9141.0,9141.0,9141.0,9141.0,9141.0,9141.0,9141.0,9141.0,9141.0,9141.0,9141.0,9141.0,9141.0,9141.0,9141.0,9141.0,9141.0,9141.0,9141.0,9141.0,9141.0,9141.0,9141.0,9141.0,9141.0,9141.0,9141.0,9141.0,9141.0,9141.0,9141.0,9141.0,9141.0,9141.0,9141.0,9141.0,9141.0,9141.0,9141.0,9141.0,9141.0,9141.0,9141.0,9141.0,9141.0,9141.0,9141.0,9141.0,9141.0,9141.0,9141.0,9141.0,9141.0,9141.0,9141.0,9141.0,9141.0,9141.0,9141.0,9141.0,9141.0,9141.0,9141.0,9141.0,9141.0,9141.0,9141.0,9141.0,9141.0,9141.0,9141.0,9141.0,9141.0,9141.0,9141.0,9141.0,9141.0,9141.0,9141.0,9141.0,9141.0,9141.0,9141.0,9141.0,9141.0,9141.0,9141.0,9141.0,9141.0,9141.0,9141.0,9141.0,9141.0,9141.0,9141.0,9141.0,9141.0,9141.0,9141.0,9141.0,9141.0,9141.0,9141.0,9141.0,9141.0,9141.0,9141.0,9141.0,9141.0,9141.0,9141.0,9141.0,9141.0,9141.0,9141.0,9141.0,9141.0,9141.0,9141.0,9141.0,9141.0,9141.0,9141.0,9141.0,9141.0,9141.0,9141.0,9141.0,9141.0,9141.0,9141.0,9141.0,9141.0,9141.0,9141.0,9141.0,9141.0,9141.0,9141.0,9141.0,9204.0,9330.0,9456.0,9581.0,9705.0,9829.0,9953.0,10077.0,10201.0,10325.0,10447.0,10564.0,10684.0,10806.0,10925.0,11045.0,11114.0,11224.0,11335.0,11413.0,11483.0,11483.0,11483.0,11579.0,11692.0,11787.0,11901.0,12016.0,12128.0,12199.0,12249.0,12249.0,12249.0,12249.0,12249.0,12249.0,12249.0,12262.0,12264.0,12264.0,12264.0,12264.0,12264.0,12264.0,12264.0,12264.0,12264.0,12264.0,12264.0,12264.0,12264.0,12264.0,12264.0,12264.0,12264.0,12264.0,12264.0,12264.0,12264.0,12264.0,12329.0,12401.0,12401.0,12401.0,12401.0,12401.0,12401.0,12401.0,12401.0,12401.0,12401.0,12470.0,12494.0,12581.0,12660.0,12661.0,12707.0,12778.0,12778.0,12778.0,12778.0,12778.0,12778.0,12778.0,12778.0,12778.0,12778.0,12778.0,12778.0,12778.0,12778.0,12778.0,12778.0,12778.0,12870.0,12948.0,13130.0,13309.0,13488.0,13668.0,13848.0,14019.0,14188.0,14370.0,14552.0,14732.0,14913.0,15093.0,15274.0,15454.0,15633.0,15815.0,16000.0,16181.0,16364.0,16546.0,16728.0,16909.0,17089.0,17265.0,17438.0,17616.0,17794.0,17971.0,18150.0,18313.0,18494.0,18669.0,18846.0,19026.0,19205.0,19384.0,19562.0,19741.0,19908.0,20034.0,20182.0,20369.0,20555.0,20732.0,20900.0,21086.0,21273.0,21450.0,21635.0,21807.0,21995.0,22179.0,22367.0,22555.0,22741.0,22928.0,23112.0,23299.0,23487.0,23675.0,23862.0,24052.0,24238.0,24428.0,24576.0,24764.0,24841.0,24950.0,25023.0,25023.0,25023.0,25023.0,25023.0,25023.0,25023.0,25023.0,25023.0,25023.0,25023.0,25023.0,25023.0,25023.0,25023.0,25023.0,25023.0,25023.0,25023.0,25023.0,25023.0,25023.0,25023.0,25052.0,25117.0,25162.0,25162.0,25162.0,25162.0,25162.0,25162.0,25162.0,25162.0,25162.0,25162.0,25162.0,25187.0,25305.0,25373.0,25396.0,25396.0,25396.0,25396.0,25415.0,25415.0,25415.0,25415.0,25415.0,25415.0,25415.0,25415.0,25415.0,25415.0,25415.0,25415.0,25415.0,25415.0,25415.0,25415.0,25415.0,25415.0,25415.0,25415.0,25415.0,25415.0,25415.0,25415.0,25415.0,25415.0,25415.0,25415.0,25415.0,25415.0,25415.0,25415.0,25415.0,25415.0,25415.0,25415.0,25415.0,25415.0,25415.0,25415.0,25415.0,25415.0,25415.0,25415.0,25415.0,25415.0,25415.0,25415.0,25415.0,,,,,,,,,,,,,,,,,,,,,,,,,,,,,,,,,,,,,,,,,,,,,,,,,,,,,,,,,,,,,,,,,,,,,,,,,,,,,,,,,,,,,,,,,,,,,,,,,,,
2018-05-05,ios,,,,,,,,,,,,,,,,,,,,,,,,,,,,,,,,,,,,,,,,,,,,,,,,,,,,,,,,,,,,,,,,,,,,,,,,,,,,,,,,,,,,,,,,,,,,,,,,,,,,,,,,,,,,,,,,,,,,,,,,,,,,,,,,,,,,,,,,,,,,,,,,,,,,,,,,,,,,,,,,,,,,,,,,,,,,,,,,,,,,,,,,,,,,,,,,,,,,,,,,,,,,,,,,,,,,,,,,,,,,,,,,,,,,,,,,,,,,,,,,,,,,,,,,,,,,,,,,,,,,,,,,,,,,,,,,,,,,,,,,,,,,,,,,,,,,,,,,,,,,,,,,,,,,,,,,,,,18.0,18.0,31.0,158.0,261.0,415.0,584.0,612.0,735.0,829.0,989.0,1152.0,1321.0,1498.0,1649.0,1657.0,1709.0,1717.0,1717.0,1717.0,1717.0,1717.0,1725.0,1725.0,1725.0,1725.0,1750.0,1750.0,1854.0,1962.0,2119.0,2282.0,2447.0,2623.0,2806.0,2989.0,3162.0,3340.0,3518.0,3700.0,3880.0,4062.0,4238.0,4379.0,4564.0,4738.0,4918.0,5102.0,5256.0,5427.0,5594.0,5749.0,5919.0,6089.0,6224.0,6313.0,6436.0,6592.0,6747.0,6920.0,7100.0,7252.0,7411.0,7529.0,7663.0,7790.0,7921.0,8083.0,8239.0,8416.0,8585.0,8767.0,8952.0,9115.0,9271.0,9427.0,9566.0,9704.0,9868.0,10022.0,10196.0,10368.0,10550.0,10717.0,10902.0,11063.0,11222.0,11402.0,11579.0,11739.0,11917.0,12093.0,12251.0,12383.0,12564.0,12681.0,12841.0,13003.0,13174.0,13304.0,13460.0,13643.0,13813.0,13984.0,14163.0,14342.0,14519.0,14696.0,14877.0,15056.0,15236.0,15415.0,15586.0,15750.0,15928.0,16105.0,16265.0,16265.0,16384.0,16561.0,16727.0,16902.0,17069.0,17253.0,17437.0,17619.0,17799.0,17985.0,18158.0,18331.0,18515.0,18695.0,18878.0,19060.0,19234.0,19408.0,19592.0,19771.0,19957.0,20137.0,20318.0,20501.0,20681.0,20862.0,21036.0,21217.0,21396.0,21571.0,21752.0,21917.0,22094.0,22267.0,22446.0,22622.0,22783.0,22947.0,23112.0,23275.0,23436.0,23477.0,23654.0,23832.0,23970.0,24086.0,24187.0,24239.0,24245.0,24252.0,24262.0,24262.0,24262.0,24262.0,24262.0,24262.0,24262.0,24262.0,24262.0,24262.0,24262.0,24262.0,24319.0,24371.0,24421.0,24494.0,24553.0,24563.0,24582.0,24605.0,24651.0,24651.0,24651.0,24651.0,24651.0,,,,,,,,,,,,,,,,,,,,,,,,,,,,,,,,,,,,,,,,,,,,,,,,,,,,,,,,,,,,,,,,,,,,,,,,,,,,,,,,,,,,,,,,,,,,,,,,,,,,,,,,,,,,,,,,,,,,,,,,,,,,,,,,,,,,,,,,,,,,,,,,,,,,,,,,,,,,,,,,,,,,,,,,,,,,,,,,,,,,,,,,,,,,,,,,,,,,,,,,,,,,,,,,,,,,,,,,,,,,,,,,,,,,,,,,,,,,,,,,,,,,,,,,,,,,,,,,,,,,,,,,,,,,,,,,,,,,,,,,,,,,,,,,,,,,,,,,,,,,,,,,,,,,,,,,,,,,,,,,,,,,,,,,,,,,,,,,,,,,,,,,,,,,,,,,,,,,,,,,,,,,,,,,,,,,,,,,,,,,,,,,,,,,,,,,,,,,,,,,,,,,,,,,,,,,,,,,,,,,,,,,,,,,,,,,,,,,,,,,,,,,,,,,,,,,,,,,,,,,,,,,,,,,,,,,,,,,,,,,,,,,,,,,,,,,,,,,,,,,,,,,,,,,,,,,,,,,,,,,,,,,,,,,,,,,,,,,,,,,,,,,,,,,,,,,,,,,,,,,,,,,,,,,,,,,,,,,,,,,,,,,,,,,,,,,,,,,,,,,,,,,,,,,,,,,,,,,,,,,,,,,,,,,,,,,,,,,,,,,,,,,,,,,,,,,,,,,,,,,,,,,,,,,,,,,,,,,,,,,,,,,,,,,,,,,,,,,,,,,,,,,,,,,,,,,,,,,,,,,,,,,,,,,,,,,,,,,,,,,,,,,,,,,,,,,,,,,,,,,,,,,,,,,,,,,,,,,,,,,,,,,,,,,,,,,,,,,,,,,,,,,,,,,,,,,,,,,,,,,,,,,,,,,,,,,,,,,,,,,,,,,,,,,,,,,,,,,,,,,,,,,,,,,,,,,,,,,,,,,,,,,,,,,,,,,,,,,,,,,,,,,,,,,,,,,,,,,,,,,,,,,,,,,,,,,,
2018-05-06,ios,,,,,,,,,,,,,,,,,,,,,,,,,,,,,,,,,,,,,,,,,,,,,,,,,,,,,,,,,,,,,,,,,,,,,,,,,,,,,,,,,,,,,,,,,,,,,,,,,,,,,,,,,,,,,,,,,,,,,,,,,,,,,,,,,,,,,,,,,,,,,,,,,,,,,,,,,,,,,,,,,,,,,,,,,,,,,,,,,,,,,,,,,,,,,,,,,,,,,,,,,,,,,,,,,,,,,,,,,,,,,,,,,,,,,,,,,,,,,,,,,,,,,,,,,,,,,,,,,,,,,,,,,,,,,,,,,,,,,,,,,,,,,,,,,,,,,,,,,,,,,,,,,,,,,,,,,,,,,,,,,,,,,,,,,,,,,,,,,,,,,,,,,,,,,,,,,,,,,,,,,,,,,,,,,,,,,,,,,,,,,,,,,,,,,,,,,,,,,,,,,,,,,,,,,,,,,,,,,,,,,,,,,,,,,,,,,,,,,,,,,,,,,,,,,,,,,,,,,,,,,,,,,,,,,,,,,,,,,,,,,,,,,,,,,,,,,,,,,,,,,,,,,,,,,,,,,,,,,,,,,,,,,,,,,,,,,,,,,,,,,,,,,,,,,,,,,,,,,,,9.0,9.0,37.0,78.0,139.0,179.0,266.0,329.0,346.0,346.0,346.0,367.0,367.0,367.0,367.0,367.0,367.0,367.0,367.0,448.0,494.0,494.0,494.0,494.0,494.0,494.0,494.0,494.0,494.0,494.0,494.0,494.0,494.0,494.0,494.0,494.0,494.0,494.0,494.0,494.0,494.0,494.0,494.0,506.0,614.0,629.0,629.0,629.0,629.0,629.0,629.0,629.0,629.0,629.0,682.0,689.0,689.0,701.0,701.0,768.0,779.0,779.0,779.0,779.0,792.0,840.0,925.0,935.0,935.0,935.0,935.0,935.0,935.0,935.0,935.0,935.0,935.0,935.0,935.0,935.0,935.0,935.0,935.0,935.0,935.0,935.0,935.0,935.0,935.0,935.0,935.0,935.0,935.0,935.0,935.0,935.0,935.0,935.0,935.0,935.0,935.0,935.0,935.0,935.0,935.0,935.0,935.0,935.0,935.0,935.0,935.0,935.0,935.0,935.0,935.0,935.0,935.0,935.0,935.0,935.0,935.0,935.0,935.0,935.0,935.0,935.0,935.0,935.0,935.0,935.0,935.0,935.0,935.0,935.0,935.0,935.0,935.0,935.0,935.0,935.0,935.0,935.0,935.0,935.0,935.0,935.0,935.0,935.0,935.0,935.0,935.0,935.0,935.0,935.0,935.0,935.0,935.0,935.0,935.0,935.0,935.0,935.0,935.0,935.0,935.0,935.0,935.0,935.0,935.0,935.0,935.0,935.0,935.0,935.0,935.0,935.0,935.0,935.0,935.0,935.0,935.0,935.0,935.0,935.0,935.0,935.0,935.0,935.0,935.0,935.0,935.0,935.0,935.0,935.0,935.0,935.0,935.0,935.0,935.0,935.0,935.0,935.0,935.0,935.0,935.0,935.0,935.0,935.0,935.0,935.0,935.0,935.0,935.0,935.0,935.0,935.0,935.0,935.0,935.0,935.0,935.0,935.0,935.0,935.0,935.0,935.0,935.0,935.0,935.0,935.0,935.0,935.0,935.0,935.0,935.0,935.0,935.0,935.0,935.0,935.0,935.0,935.0,935.0,935.0,935.0,935.0,935.0,935.0,935.0,935.0,935.0,935.0,959.0,959.0,959.0,959.0,959.0,959.0,959.0,959.0,959.0,959.0,959.0,959.0,959.0,959.0,959.0,959.0,959.0,959.0,959.0,959.0,959.0,959.0,959.0,959.0,959.0,959.0,959.0,959.0,959.0,959.0,959.0,959.0,959.0,959.0,959.0,959.0,959.0,959.0,959.0,959.0,959.0,959.0,959.0,959.0,959.0,959.0,959.0,959.0,959.0,959.0,959.0,959.0,959.0,959.0,959.0,959.0,959.0,959.0,959.0,959.0,959.0,959.0,959.0,959.0,959.0,959.0,959.0,959.0,959.0,959.0,959.0,959.0,959.0,959.0,959.0,959.0,959.0,959.0,959.0,959.0,959.0,959.0,959.0,959.0,976.0,992.0,992.0,992.0,1009.0,1076.0,1091.0,1091.0,1091.0,1162.0,1162.0,1162.0,1162.0,1162.0,1162.0,1162.0,1162.0,1162.0,1162.0,1162.0,1162.0,1162.0,1162.0,1162.0,1229.0,1229.0,1244.0,1254.0,1254.0,1254.0,1254.0,1254.0,1254.0,1266.0,1266.0,1266.0,1266.0,1266.0,1266.0,1266.0,1266.0,1266.0,1266.0,1266.0,1266.0,1266.0,1266.0,1266.0,1266.0,1266.0,1266.0,1266.0,1266.0,1266.0,1266.0,1266.0,1266.0,1266.0,1266.0,1266.0,1266.0,1266.0,1266.0,1266.0,1266.0,1266.0,1266.0,1266.0,1266.0,1266.0,1266.0,1266.0,1266.0,1266.0,1266.0,1266.0,1266.0,1266.0,1266.0,1266.0,1266.0,1266.0,1266.0,1266.0,1266.0,1266.0,1266.0,1266.0,1266.0,1266.0,1266.0,1266.0,1266.0,1266.0,1266.0,1266.0,1266.0,1266.0,1266.0,1280.0,1294.0,1294.0,1294.0,1294.0,1294.0,1294.0,1294.0,1294.0,1321.0,1321.0,1321.0,1321.0,1321.0,1341.0,1345.0,1345.0,1345.0,1345.0,1345.0,1345.0,1345.0,1345.0,1345.0,1345.0,1345.0,1345.0,1345.0,1345.0,1345.0,1345.0,1345.0,1345.0,1345.0,1345.0,1345.0,1345.0,1345.0,1345.0,1345.0,1345.0,1345.0,1345.0,1345.0,1345.0,1345.0,1345.0,1345.0,1345.0,1345.0,1345.0,1345.0,1345.0,1345.0,1345.0,1345.0,1345.0,1345.0,1345.0,1345.0,1345.0,1366.0,1366.0,1366.0,1366.0,1366.0,1366.0,1366.0,1366.0,1366.0,1366.0,1366.0,1366.0,1366.0,1415.0,1436.0,1436.0,1495.0,1496.0,1505.0,1505.0,1505.0,1505.0,1505.0,1505.0,1505.0,1505.0,1505.0,1505.0,1505.0,1505.0,1505.0,1522.0,1606.0,1624.0,1685.0,1726.0,1804.0,1878.0,1950.0,2011.0,2038.0,2038.0,2038.0,2038.0,2074.0,2147.0,2203.0,2203.0,2203.0,2203.0,2203.0,2203.0,2235.0,2315.0,2414.0,2521.0,2609.0,2716.0,2782.0,2828.0,2914.0,2915.0,2934.0,2945.0,2945.0,2945.0,2945.0,2945.0,2945.0,2945.0,2945.0,2945.0,2945.0,2945.0,2945.0,2945.0,2945.0,2945.0,2945.0,2945.0,2945.0,2945.0,2945.0,2945.0,2945.0,2945.0,2945.0,2945.0,2945.0,2945.0,2945.0,2945.0,2945.0,2945.0,2945.0,2945.0,2945.0,2945.0,2945.0,2945.0,2945.0,2945.0,2945.0,2945.0,2945.0,2945.0,2945.0,2945.0,2945.0,2945.0,2945.0,2945.0,2945.0,2945.0,2945.0,2945.0,2945.0,2945.0,2945.0,2945.0,2945.0,2945.0,2945.0,2945.0,2945.0,2945.0,2945.0,2945.0,2945.0,2945.0,2945.0,2945.0,2945.0,2945.0,2945.0,2945.0,2945.0,2945.0,2945.0,2945.0,2945.0,2945.0,2945.0,2945.0,2945.0,2945.0,2945.0,2945.0,2945.0,2945.0,2945.0,2945.0,2945.0,2945.0,2945.0,2945.0,2945.0,2945.0,2945.0,2945.0,2945.0,2945.0,2945.0,2945.0,2945.0,2945.0,2945.0,2945.0,2945.0,2945.0,2945.0,2945.0,2945.0,2945.0,2945.0,2945.0,2945.0,2945.0,2945.0,2945.0,2945.0,2945.0,2945.0,2945.0,2945.0,2945.0,2945.0,2945.0,2945.0,2945.0,2945.0,2945.0,2945.0,2945.0,2945.0,2945.0,2945.0,2945.0,2945.0,2945.0,2945.0,2945.0,2945.0,2945.0,2945.0,2945.0,2945.0,2945.0,2945.0,2945.0,2945.0,2945.0,2945.0,2945.0,2945.0,2945.0,2945.0,2945.0,2945.0,2945.0,2945.0,2945.0,2945.0,2945.0,2945.0,2945.0,2945.0,2945.0,2945.0,2945.0,2945.0,2945.0,2945.0,2945.0,2945.0,2945.0,2945.0,2945.0,2945.0,2945.0,2945.0,2945.0,2945.0,2945.0,2945.0,2945.0,2945.0,2945.0,2945.0,2945.0,2945.0,2945.0,2945.0,2945.0,2945.0,2945.0,2945.0,2945.0,2945.0,2945.0,2945.0,2945.0,2945.0,2945.0,2945.0,2945.0,2945.0,2945.0,2945.0,2945.0,2945.0,2945.0,2945.0,2945.0,2945.0,2945.0,2945.0,2945.0,2945.0,2945.0,2945.0,2945.0,2945.0,2945.0,2945.0,2945.0,2945.0,2945.0,,,,,,,,,,,,,,,,,,,,,,,,,,,,,,,,,,,,,,,,,,,,,,,,,,,,,,,,,,,,,,,,,,,,,,,,,,,,,,,,,,,,,,,,,,,,,,,,,,
2018-05-08,ios,,,,,,,,,,,,,,,,,,,,,,,,,,,,,,,,,,,,,,,,,,,,,,,,,,,,,,,,,,,,,,,,,,,,,,,,,,,,,,,,,,,,,,,,,,,,,,,,,,,,,,,,,,,,,,,,,,,,,,,,,,,,,,,,,,,,,,,,,,,,,,,,,,,,,,,,,,,,,,,,,,,,,,,,,,,,,,,,,,,,,,,,,,,,,,,,,,,,,,,,,,,,,,,,,,,,,,,,,,,,,,,,,,,,,,,,,,,,,,,,,,,,,,,,,,,,,,,,,,,,,,,,,,,,,,,,,,,,,,,,,,,,,,,,,,,,,,,,,,,,,,,,,,,,,,,,,,,,,,,,,,,,,,,,,,,,,,,,,,,,,,,,,,,,,,,,,,,,,,,,,,,,,,,,,,,,,,,,,,,,,,,,,,,,,,,,,,,,,,,,,,,,,,,,,,,,,,,,,,,,,,,,,8.0,8.0,8.0,8.0,8.0,8.0,8.0,8.0,8.0,8.0,8.0,8.0,8.0,8.0,8.0,8.0,8.0,8.0,8.0,8.0,8.0,8.0,8.0,8.0,8.0,8.0,8.0,10.0,25.0,25.0,25.0,25.0,25.0,25.0,25.0,25.0,25.0,25.0,25.0,25.0,25.0,25.0,25.0,25.0,25.0,25.0,25.0,25.0,25.0,25.0,25.0,25.0,25.0,25.0,25.0,46.0,46.0,46.0,46.0,46.0,46.0,78.0,78.0,78.0,78.0,78.0,78.0,78.0,78.0,78.0,78.0,78.0,78.0,78.0,78.0,78.0,78.0,96.0,96.0,96.0,105.0,105.0,147.0,264.0,381.0,503.0,628.0,757.0,885.0,1013.0,1139.0,1259.0,1376.0,1491.0,1621.0,1739.0,1863.0,1982.0,2100.0,2221.0,2345.0,2470.0,2596.0,2705.0,2740.0,2740.0,2740.0,2740.0,2740.0,2740.0,2740.0,2740.0,2740.0,2740.0,2740.0,2740.0,2740.0,2740.0,2740.0,2740.0,2740.0,2740.0,2740.0,2740.0,2740.0,2740.0,2740.0,2748.0,2748.0,2748.0,2748.0,2748.0,2748.0,2748.0,2748.0,2748.0,2748.0,2748.0,2748.0,2748.0,2748.0,2748.0,2748.0,2748.0,2748.0,2748.0,2748.0,2748.0,2748.0,2748.0,2748.0,2748.0,2748.0,2748.0,2748.0,2748.0,2748.0,2748.0,2748.0,2748.0,2748.0,2748.0,2748.0,2748.0,2748.0,2748.0,2748.0,2748.0,2748.0,2748.0,2748.0,2748.0,2748.0,2748.0,2748.0,2748.0,2748.0,2748.0,2748.0,2748.0,2748.0,2748.0,2748.0,2748.0,2748.0,2748.0,2748.0,2748.0,2748.0,2748.0,2748.0,2748.0,2748.0,2748.0,2748.0,2748.0,2748.0,2748.0,2748.0,2748.0,2748.0,2748.0,2748.0,2748.0,2748.0,2748.0,2748.0,2748.0,2748.0,2748.0,2748.0,2748.0,2748.0,2748.0,2748.0,2748.0,2748.0,2748.0,2748.0,2748.0,2748.0,2748.0,2748.0,2748.0,2748.0,2748.0,2748.0,2748.0,2748.0,2748.0,2748.0,2748.0,2748.0,2748.0,2748.0,2748.0,2748.0,2748.0,2748.0,2798.0,2800.0,2800.0,2900.0,2941.0,2970.0,2970.0,2970.0,2970.0,2970.0,2970.0,2970.0,2979.0,2979.0,2979.0,2979.0,2979.0,2979.0,2979.0,2979.0,2979.0,2979.0,2979.0,2979.0,2979.0,2979.0,2979.0,2979.0,2979.0,2979.0,2979.0,2979.0,2979.0,2979.0,2979.0,2979.0,3011.0,3110.0,3165.0,3165.0,3165.0,3165.0,3235.0,3339.0,3450.0,3556.0,3669.0,3783.0,3896.0,4008.0,4114.0,4227.0,4339.0,4443.0,4558.0,4674.0,4792.0,4907.0,5019.0,5123.0,5189.0,5281.0,5398.0,5521.0,5644.0,5765.0,5837.0,5886.0,5908.0,5908.0,5908.0,5908.0,5908.0,5908.0,5908.0,5908.0,5908.0,5908.0,5908.0,5908.0,5908.0,5908.0,5908.0,5908.0,5908.0,5908.0,5908.0,5908.0,5908.0,5908.0,5924.0,5924.0,5985.0,6107.0,6220.0,6260.0,6260.0,6270.0,6270.0,6270.0,6270.0,6270.0,6270.0,6270.0,6270.0,6270.0,6270.0,6313.0,6360.0,6360.0,6360.0,6360.0,6360.0,6360.0,6360.0,6360.0,6360.0,6360.0,6360.0,6360.0,6360.0,6360.0,6360.0,6360.0,6360.0,6360.0,6360.0,6360.0,6360.0,6360.0,6360.0,6360.0,6360.0,6360.0,6360.0,6360.0,6360.0,6360.0,6360.0,6360.0,6360.0,6360.0,6360.0,6360.0,6360.0,6360.0,6360.0,6360.0,6360.0,6360.0,6360.0,6360.0,6360.0,6360.0,6360.0,6360.0,6360.0,6360.0,6360.0,6360.0,6360.0,6360.0,6360.0,6360.0,6360.0,6360.0,6360.0,6360.0,6360.0,6360.0,6360.0,6360.0,6360.0,6360.0,6360.0,6360.0,6360.0,6360.0,6360.0,6360.0,6360.0,6360.0,6360.0,6360.0,6360.0,6360.0,6360.0,6360.0,6360.0,6360.0,6404.0,6514.0,6572.0,6658.0,6778.0,6812.0,6812.0,6812.0,6812.0,6812.0,6852.0,6928.0,7040.0,7141.0,7258.0,7365.0,7407.0,7407.0,7407.0,7407.0,7407.0,7407.0,7407.0,7407.0,7407.0,7407.0,7407.0,7407.0,7407.0,7452.0,7547.0,7632.0,7725.0,7822.0,7925.0,8024.0,8114.0,8204.0,8261.0,8261.0,8276.0,8276.0,8276.0,8284.0,8302.0,8302.0,8302.0,8302.0,8302.0,8302.0,8302.0,8302.0,8302.0,8302.0,8302.0,8302.0,8302.0,8302.0,8302.0,8302.0,8302.0,8302.0,8302.0,8302.0,8302.0,8311.0,8311.0,8311.0,8311.0,8319.0,8319.0,8319.0,8319.0,8319.0,8319.0,8319.0,8342.0,8395.0,8395.0,8395.0,8395.0,8395.0,8395.0,8395.0,8395.0,8395.0,8395.0,8395.0,8395.0,8395.0,8395.0,8395.0,8395.0,8395.0,8395.0,8395.0,8395.0,8395.0,8395.0,8395.0,8395.0,8395.0,8395.0,8395.0,8395.0,8395.0,8395.0,8395.0,8395.0,8395.0,8395.0,8395.0,8395.0,8395.0,8395.0,8395.0,8395.0,8395.0,8395.0,8395.0,8395.0,8395.0,8395.0,8395.0,8395.0,8395.0,8395.0,8395.0,8395.0,8395.0,8395.0,8395.0,8395.0,8395.0,8395.0,8395.0,8395.0,8395.0,8395.0,8395.0,8395.0,8395.0,8395.0,8395.0,8395.0,8395.0,8395.0,8395.0,8395.0,8395.0,8409.0,8429.0,8429.0,8468.0,8508.0,8535.0,8641.0,8646.0,8648.0,8660.0,8709.0,8709.0,8709.0,8709.0,8709.0,8709.0,8709.0,8709.0,8709.0,8723.0,8813.0,8926.0,8992.0,9087.0,9105.0,9105.0,9105.0,9105.0,9105.0,9105.0,9105.0,9105.0,9105.0,9105.0,9105.0,9105.0,9105.0,9105.0,9105.0,9105.0,9105.0,9105.0,9105.0,9105.0,9105.0,9105.0,9105.0,9105.0,9105.0,9105.0,9105.0,9105.0,9105.0,9105.0,9105.0,9105.0,9105.0,9105.0,9105.0,9105.0,9105.0,9105.0,9105.0,9105.0,9105.0,9105.0,9105.0,9105.0,9105.0,9105.0,9105.0,9105.0,9105.0,9105.0,9105.0,9105.0,9105.0,9105.0,9105.0,9105.0,9105.0,9105.0,9105.0,9105.0,9105.0,9105.0,9105.0,9105.0,9105.0,9168.0,9287.0,9405.0,9512.0,9547.0,9547.0,9547.0,9547.0,9547.0,9547.0,9547.0,9547.0,9547.0,9547.0,9547.0,9547.0,9547.0,9547.0,9547.0,9547.0,9556.0,9653.0,9765.0,9877.0,9990.0,10082.0,10101.0,10107.0,10107.0,10107.0,10107.0,10107.0,10107.0,10107.0,10107.0,10107.0,10107.0,10107.0,10107.0,10107.0,10107.0,10107.0,10107.0,10107.0,10107.0,10158.0,10271.0,10396.0,10512.0,10532.0,10574.0,10574.0,10574.0,10605.0,10609.0,10655.0,10655.0,10655.0,10655.0,10655.0,10655.0,10697.0,10757.0,10757.0,10757.0,10757.0,10757.0,10757.0,10757.0,10757.0,10757.0,10757.0,10757.0,10757.0,10757.0,10757.0,10757.0,10757.0,10757.0,10757.0,10757.0,10757.0,10757.0,10768.0,10780.0,10787.0,10787.0,10787.0,10787.0,10787.0,10812.0,10917.0,11090.0,11264.0,11420.0,11597.0,11774.0,11949.0,12126.0,12305.0,12482.0,12659.0,12828.0,12995.0,13161.0,13337.0,13493.0,13669.0,13846.0,14022.0,14200.0,14378.0,14554.0,14731.0,14901.0,15080.0,15258.0,15426.0,15601.0,15779.0,15952.0,16129.0,16278.0,16452.0,16627.0,16794.0,16955.0,17130.0,17304.0,17478.0,17649.0,17823.0,17981.0,18152.0,18330.0,18506.0,18672.0,18832.0,19001.0,19174.0,19352.0,19530.0,19707.0,19880.0,20056.0,20232.0,20407.0,20589.0,20773.0,20959.0,21143.0,21329.0,21514.0,21697.0,21880.0,22065.0,22249.0,22418.0,22602.0,22785.0,22968.0,23151.0,23296.0,23352.0,23352.0,23352.0,23364.0,23364.0,23382.0,23394.0,23394.0,23394.0,23394.0,23394.0,23394.0,23394.0,23394.0,23394.0,23394.0,23394.0,23394.0,23419.0,23419.0,23419.0,23419.0,23419.0,23419.0,23419.0,23419.0,23419.0,23419.0,23419.0,23419.0,23419.0,23419.0,23419.0,23419.0,23419.0,23470.0,,,,,,,,,,,,,,,,,,,,,,,,,,,,,,,,,,,,,,,,,,,,,,,,,,,,,,,,,,,,,,,,,,,,,,,,,,,,,,,,,,,,,,,,,,,,,,,,,,,,,,,,,,,,,,,,,,,,,,,,,,,,,,,,,,,,,,,,,,,,,,,,,,,,,
2018-05-09,ios,,,,,,,,,,,,,,,,,,,,,,,,,,,,,,,,,,,,,,,,,,,,,,,,,,,,,,,,,,,,,,,,,,,,,,,,,,,,,,,,,,,,,,,,,,,,,,,,,,,,,,,,,,,,,,,,,,,,,,,,,,,,,,,,,,,,,,,,,,,,,,,,,,,,,,,,,,,,,,,,,,,,,,,,,,,,,,,,,,,,,,,,,,,,,,,,,,,,,,,,,,,,,,,,,,,,,,,,,,,,,,,,,,,,,,,,,,,,,,,,,,,,,,,,,,,,,,,,,,,,,,,,,,,,,,,,,,,,,,,,,,,,,,,,,,,,,,,,,,,,,,,,,,,,,,,,,,,,,,,,,,,,,,,,,,,,,,,,,,,,,,,,,,,,,,,,,,,,,,,,,,,,,,,,,,,,,,,,,,,,,,,,,,,,,,,,,,,,,,,,,,,,,,,,,,,,,,,,,,,,,,,,,,91.0,194.0,292.0,414.0,535.0,665.0,795.0,895.0,934.0,943.0,943.0,967.0,973.0,973.0,973.0,1003.0,1004.0,1012.0,1035.0,1053.0,1053.0,1053.0,1053.0,1053.0,1053.0,1053.0,1053.0,1053.0,1053.0,1053.0,1053.0,1053.0,1053.0,1053.0,1053.0,1053.0,1053.0,1053.0,1053.0,1053.0,1053.0,1053.0,1053.0,1053.0,1053.0,1053.0,1053.0,1053.0,1053.0,1053.0,1053.0,1053.0,1053.0,1053.0,1053.0,1053.0,1053.0,1053.0,1053.0,1061.0,1061.0,1061.0,1061.0,1094.0,1215.0,1217.0,1229.0,1229.0,1229.0,1229.0,1332.0,1403.0,1529.0,1652.0,1775.0,1833.0,1937.0,2063.0,2187.0,2312.0,2435.0,2560.0,2684.0,2769.0,2829.0,2955.0,3065.0,3142.0,3268.0,3392.0,3505.0,3629.0,3735.0,3855.0,3977.0,4090.0,4148.0,4218.0,4345.0,4475.0,4602.0,4728.0,4806.0,4857.0,4874.0,4874.0,4874.0,4874.0,4874.0,4874.0,4874.0,4874.0,4874.0,4874.0,4874.0,4874.0,4874.0,4874.0,4874.0,4893.0,4999.0,5106.0,5161.0,5161.0,5161.0,5161.0,5161.0,5161.0,5161.0,5161.0,5161.0,5161.0,5213.0,5257.0,5325.0,5325.0,5325.0,5325.0,5325.0,5325.0,5325.0,5325.0,5325.0,5325.0,5325.0,5325.0,5325.0,5325.0,5325.0,5325.0,5349.0,5363.0,5363.0,5412.0,5412.0,5412.0,5412.0,5412.0,5441.0,5441.0,5558.0,5605.0,5629.0,5691.0,5702.0,5702.0,5719.0,5719.0,5765.0,5807.0,5885.0,5885.0,5885.0,5885.0,5885.0,5885.0,5885.0,5885.0,5885.0,5885.0,5885.0,5885.0,5885.0,5885.0,5885.0,5885.0,5885.0,5885.0,5885.0,5885.0,5885.0,5885.0,5885.0,5885.0,5885.0,5885.0,5885.0,5885.0,5885.0,5885.0,5885.0,5885.0,5885.0,5885.0,5885.0,5885.0,5885.0,5885.0,5885.0,5885.0,5885.0,5885.0,5885.0,5977.0,6076.0,6094.0,6159.0,6159.0,6159.0,6159.0,6159.0,6159.0,6159.0,6214.0,6228.0,6231.0,6313.0,6367.0,6421.0,6522.0,6572.0,6579.0,6579.0,6579.0,6605.0,6605.0,6626.0,6721.0,6820.0,6873.0,6971.0,6993.0,6993.0,6993.0,6993.0,6993.0,6993.0,7025.0,7025.0,7076.0,7136.0,7138.0,7138.0,7163.0,7176.0,7219.0,7308.0,7356.0,7383.0,7445.0,7528.0,7650.0,7771.0,7892.0,8011.0,8128.0,8246.0,8366.0,8453.0,8568.0,8687.0,8802.0,8918.0,9034.0,9141.0,9261.0,9373.0,9491.0,9611.0,9701.0,9736.0,9855.0,9961.0,10052.0,10141.0,10150.0,10150.0,10150.0,10150.0,10150.0,10150.0,10150.0,10150.0,10150.0,10150.0,10150.0,10150.0,10150.0,10150.0,10150.0,10150.0,10217.0,10325.0,10328.0,10340.0,10340.0,10340.0,10340.0,10340.0,10340.0,10340.0,10340.0,10340.0,10340.0,10340.0,10340.0,10340.0,10340.0,10340.0,10340.0,10340.0,10340.0,10353.0,10388.0,10506.0,10624.0,10728.0,10768.0,10775.0,10775.0,10775.0,10775.0,10775.0,10783.0,10783.0,10783.0,10783.0,10783.0,10783.0,10783.0,10783.0,10783.0,10783.0,10783.0,10783.0,10783.0,10783.0,10783.0,10783.0,10783.0,10783.0,10783.0,10783.0,10783.0,10783.0,10783.0,10783.0,10783.0,10783.0,10783.0,10783.0,10783.0,10783.0,10783.0,10783.0,10783.0,10783.0,10783.0,10783.0,10783.0,10783.0,10783.0,10783.0,10783.0,10783.0,10783.0,10783.0,10783.0,10783.0,10783.0,10783.0,10783.0,10783.0,10783.0,10783.0,10783.0,10783.0,10783.0,10783.0,10783.0,10783.0,10783.0,10783.0,10783.0,10783.0,10783.0,10783.0,10783.0,10783.0,10783.0,10783.0,10783.0,10810.0,10811.0,10811.0,10850.0,10851.0,10851.0,10851.0,10851.0,10851.0,10851.0,10851.0,10851.0,10851.0,10851.0,10851.0,10851.0,10927.0,10934.0,10934.0,10934.0,10934.0,10934.0,10934.0,10934.0,10934.0,10934.0,10934.0,10934.0,10934.0,10934.0,10934.0,10934.0,10934.0,10934.0,10934.0,10934.0,10934.0,10934.0,10934.0,10934.0,10934.0,10934.0,10934.0,10934.0,10934.0,10934.0,10934.0,10934.0,10934.0,10934.0,10934.0,10934.0,10934.0,10934.0,10934.0,10934.0,10934.0,10934.0,10934.0,10934.0,10934.0,10934.0,10934.0,10934.0,10934.0,10934.0,10934.0,10934.0,10934.0,10934.0,10934.0,10934.0,10934.0,10934.0,10934.0,10934.0,10934.0,10934.0,10934.0,10934.0,10934.0,10934.0,10934.0,10934.0,10934.0,10934.0,10934.0,10934.0,10934.0,10934.0,10934.0,10934.0,10934.0,10934.0,10934.0,10934.0,10934.0,10934.0,10934.0,10934.0,10934.0,10934.0,10934.0,10934.0,10934.0,10934.0,10934.0,10934.0,10934.0,10934.0,10934.0,10934.0,10934.0,10934.0,10934.0,10934.0,10934.0,10934.0,10934.0,10934.0,10934.0,10934.0,10934.0,10934.0,10934.0,10934.0,10934.0,10934.0,10934.0,10934.0,10934.0,10934.0,10934.0,10934.0,10934.0,10934.0,10934.0,10934.0,10934.0,10934.0,10934.0,10934.0,10934.0,10934.0,10934.0,10934.0,10934.0,10934.0,10934.0,10934.0,10934.0,10934.0,10934.0,10934.0,10934.0,10934.0,10934.0,10934.0,10934.0,10934.0,10934.0,10934.0,10934.0,10934.0,10934.0,10934.0,10934.0,10934.0,10934.0,10934.0,10934.0,10934.0,10934.0,10934.0,10934.0,10934.0,10934.0,10934.0,10934.0,10934.0,10934.0,10934.0,10934.0,10934.0,10934.0,10934.0,10934.0,10934.0,10934.0,10934.0,10934.0,10934.0,10934.0,10934.0,10934.0,10934.0,10934.0,10934.0,10934.0,10934.0,10934.0,10934.0,10934.0,10934.0,10934.0,10934.0,10934.0,10994.0,11084.0,11104.0,11214.0,11324.0,11438.0,11552.0,11669.0,11787.0,11901.0,11990.0,11990.0,11990.0,11990.0,11990.0,11990.0,12058.0,12160.0,12249.0,12353.0,12365.0,12365.0,12411.0,12514.0,12686.0,12828.0,12984.0,13161.0,13340.0,13519.0,13691.0,13870.0,14048.0,14225.0,14405.0,14570.0,14750.0,14895.0,15074.0,15260.0,15437.0,15619.0,15799.0,15980.0,16160.0,16337.0,16511.0,16691.0,16873.0,17049.0,17228.0,17408.0,17589.0,17770.0,17948.0,18128.0,18297.0,18468.0,18646.0,18826.0,19007.0,19188.0,19369.0,19550.0,19715.0,19897.0,20079.0,20260.0,20443.0,20621.0,20800.0,20982.0,21146.0,21326.0,21508.0,21668.0,21845.0,22003.0,22099.0,22132.0,22198.0,22243.0,22349.0,22469.0,22509.0,22509.0,22509.0,22540.0,22660.0,22780.0,22896.0,23009.0,23123.0,23237.0,23344.0,23450.0,23561.0,23654.0,23762.0,23872.0,23945.0,23999.0,24013.0,24013.0,24023.0,24023.0,24041.0,24048.0,24057.0,24071.0,24083.0,24106.0,24197.0,24275.0,24392.0,24478.0,24590.0,24705.0,24790.0,24864.0,24879.0,24879.0,24879.0,24879.0,24879.0,24879.0,24879.0,24879.0,24879.0,24879.0,24879.0,24879.0,24879.0,24879.0,24879.0,24879.0,24879.0,24879.0,24879.0,24879.0,24879.0,24879.0,24879.0,24879.0,24879.0,24879.0,24879.0,24879.0,24879.0,24879.0,24879.0,24879.0,24879.0,24879.0,24879.0,24879.0,24879.0,24879.0,24879.0,24879.0,24879.0,24879.0,24879.0,24879.0,24879.0,24879.0,24879.0,24879.0,24879.0,24879.0,24879.0,24879.0,24879.0,24879.0,24879.0,24879.0,24879.0,24879.0,24879.0,24879.0,24879.0,24879.0,24879.0,24879.0,24879.0,24879.0,24879.0,24879.0,24879.0,24879.0,24879.0,24879.0,24879.0,24879.0,24879.0,24879.0,24879.0,24879.0,24879.0,24879.0,24879.0,24879.0,24879.0,24879.0,24879.0,24879.0,24879.0,24879.0,24879.0,24879.0,24879.0,24879.0,24879.0,24879.0,24879.0,24879.0,24879.0,24879.0,24879.0,24879.0,24879.0,24879.0,24879.0,24879.0,24879.0,24879.0,24879.0,24879.0,24879.0,24879.0,24879.0,24879.0,24879.0,24879.0,24879.0,24879.0,24879.0,24879.0,24879.0,24879.0,24879.0,24879.0,24879.0,24879.0,24879.0,24879.0,24879.0,24879.0,24879.0,24879.0,24894.0,24894.0,24894.0,24894.0,24894.0,24894.0,24894.0,24894.0,24894.0,24894.0,24894.0,24894.0,24894.0,24894.0,24894.0,24894.0,24894.0,24894.0,24894.0,24894.0,24894.0,24894.0,24894.0,24894.0,24902.0,24920.0,24920.0,24920.0,24920.0,24920.0,24920.0,24920.0,24920.0,24920.0,24920.0,24920.0,24920.0,24920.0,24920.0,24920.0,24920.0,24920.0,24920.0,24920.0,24920.0,24920.0,24920.0,24920.0,,,,,,,,,,,,,,,,,,,,,,,,,,,,,,,,,,,,,,,,,,,,,,,,,,,,,,,,,,,,,,,,,,,,,,,,,,,,,,,,,,,,,,,,,,,,,,,,,,,,,,,,,,,,
2018-05-10,ios,,,,,,,,,,,,,,,,,,,,,,,,,,,,,,,,,,,,,,,,,,,,,,,,,,,,,,,,,,,,,,,,,,,,,,,,,,,,,,,,,,,,,,,,,,,,,,,,,,,,,,,,,,,,,,,,,,,,,,,,,,,,,,,,,,,,,,,,,,,,,,,,,,,,,,,,,,,,,,,,,,,,,,,,,,,,,,,,,,,,,,,,,,,,,,,,,,,,,,,,,,,,,,,,,,,,,,,,,,,,,,,,,,,,,,,,,,,,,,,,,,,,,,,,,,,,,,,,,,,,,,,,,,,,,,,,,,,,,,,,,,,,,,,,,,,,,,,,,,,,,,,,,,,,,,,,,,,,,,,,,,,,,,,,,,,,,,,,,,,,,,,,,,,,,,,,,,,,,,,,,,,,,,,,,,,,,,,,,,,,,,,,,,,,,,,,,,,,,,,,,,,,,,,,,,,,,,,,,,,,,,,,,,,,,,,,,,,,,,,,,,,,,,,,,,,,,,,,,,,,,,,,,,,,,,,,,,,,,,,,,,,,,,,,,,,,,,,,,,,,,,,,,,20.0,20.0,39.0,39.0,39.0,39.0,67.0,177.0,290.0,404.0,521.0,637.0,752.0,860.0,974.0,1089.0,1212.0,1334.0,1453.0,1569.0,1689.0,1808.0,1927.0,2045.0,2164.0,2284.0,2398.0,2517.0,2636.0,2756.0,2876.0,2979.0,3057.0,3057.0,3100.0,3100.0,3100.0,3100.0,3100.0,3100.0,3100.0,3100.0,3100.0,3100.0,3100.0,3100.0,3100.0,3100.0,3100.0,3100.0,3100.0,3100.0,3100.0,3100.0,3100.0,3100.0,3100.0,3100.0,3100.0,3100.0,3100.0,3100.0,3100.0,3100.0,3100.0,3100.0,3100.0,3100.0,3100.0,3100.0,3100.0,3100.0,3100.0,3100.0,3100.0,3100.0,3100.0,3100.0,3100.0,3100.0,3100.0,3100.0,3100.0,3100.0,3100.0,3100.0,3100.0,3100.0,3100.0,3100.0,3165.0,3165.0,3176.0,3231.0,3231.0,3231.0,3231.0,3231.0,3231.0,3231.0,3231.0,3231.0,3231.0,3231.0,3231.0,3231.0,3231.0,3231.0,3231.0,3231.0,3231.0,3231.0,3231.0,3231.0,3231.0,3231.0,3231.0,3231.0,3231.0,3231.0,3231.0,3231.0,3231.0,3231.0,3231.0,3231.0,3231.0,3231.0,3231.0,3231.0,3231.0,3231.0,3231.0,3231.0,3231.0,3231.0,3231.0,3231.0,3231.0,3231.0,3231.0,3231.0,3231.0,3231.0,3231.0,3231.0,3231.0,3231.0,3231.0,3231.0,3231.0,3231.0,3231.0,3231.0,3231.0,3231.0,3231.0,3231.0,3231.0,3231.0,3231.0,3231.0,3231.0,3231.0,3231.0,3231.0,3231.0,3231.0,3231.0,3231.0,3231.0,3231.0,3231.0,3231.0,3231.0,3231.0,3231.0,3231.0,3231.0,3231.0,3231.0,3231.0,3231.0,3231.0,3231.0,3231.0,3231.0,3231.0,3231.0,3231.0,3231.0,3231.0,3231.0,3231.0,3317.0,3432.0,3548.0,3666.0,3788.0,3910.0,4032.0,4145.0,4273.0,4337.0,4387.0,4402.0,4529.0,4652.0,4712.0,4712.0,4712.0,4712.0,4712.0,4712.0,4712.0,4712.0,4735.0,4843.0,4967.0,5089.0,5211.0,5332.0,5450.0,5528.0,5537.0,5537.0,5537.0,5537.0,5537.0,5537.0,5537.0,5537.0,5537.0,5537.0,5537.0,5559.0,5559.0,5559.0,5559.0,5559.0,5559.0,5559.0,5559.0,5559.0,5559.0,5559.0,5559.0,5559.0,5559.0,5559.0,5559.0,5559.0,5559.0,5559.0,5559.0,5559.0,5559.0,5559.0,5559.0,5559.0,5559.0,5559.0,5559.0,5559.0,5559.0,5559.0,5559.0,5559.0,5559.0,5559.0,5559.0,5559.0,5559.0,5559.0,5559.0,5559.0,5559.0,5559.0,5559.0,5559.0,5559.0,5559.0,5559.0,5559.0,5559.0,5559.0,5559.0,5559.0,5559.0,5559.0,5559.0,5559.0,5559.0,5559.0,5559.0,5559.0,5559.0,5559.0,5559.0,5559.0,5559.0,5559.0,5559.0,5559.0,5559.0,5559.0,5559.0,5559.0,5559.0,5559.0,5559.0,5559.0,5559.0,5559.0,5559.0,5559.0,5559.0,5559.0,5559.0,5559.0,5569.0,5577.0,5577.0,5640.0,5666.0,5666.0,5666.0,5666.0,5666.0,5666.0,5666.0,5688.0,5788.0,5829.0,5829.0,5829.0,5829.0,5829.0,5829.0,5829.0,5829.0,5829.0,5829.0,5829.0,5829.0,5829.0,5829.0,5829.0,5829.0,5829.0,5829.0,5829.0,5829.0,5829.0,5829.0,5829.0,5829.0,5829.0,5829.0,5829.0,5829.0,5829.0,5829.0,5829.0,5829.0,5829.0,5829.0,5829.0,5829.0,5829.0,5829.0,5829.0,5829.0,5829.0,5829.0,5829.0,5829.0,5829.0,5829.0,5829.0,5829.0,5829.0,5829.0,5829.0,5829.0,5829.0,5829.0,5829.0,5829.0,5829.0,5829.0,5829.0,5829.0,5829.0,5829.0,5829.0,5829.0,5829.0,5829.0,5829.0,5829.0,5829.0,5829.0,5829.0,5829.0,5829.0,5829.0,5829.0,5829.0,5829.0,5829.0,5829.0,5829.0,5829.0,5829.0,5829.0,5829.0,5829.0,5829.0,5829.0,5829.0,5829.0,5829.0,5829.0,5829.0,5829.0,5829.0,5829.0,5829.0,5829.0,5829.0,5829.0,5829.0,5829.0,5829.0,5829.0,5829.0,5829.0,5829.0,5829.0,5829.0,5829.0,5829.0,5829.0,5829.0,5829.0,5829.0,5829.0,5829.0,5829.0,5829.0,5829.0,5829.0,5829.0,5829.0,5829.0,5829.0,5829.0,5829.0,5829.0,5829.0,5829.0,5829.0,5829.0,5829.0,5829.0,5829.0,5829.0,5829.0,5829.0,5829.0,5829.0,5829.0,5829.0,5829.0,5829.0,5829.0,5829.0,5829.0,5829.0,5829.0,5829.0,5829.0,5829.0,5829.0,5829.0,5829.0,5829.0,5829.0,5829.0,5829.0,5829.0,5829.0,5829.0,5829.0,5829.0,5829.0,5829.0,5829.0,5829.0,5829.0,5829.0,5829.0,5829.0,5829.0,5829.0,5829.0,5829.0,5829.0,5829.0,5829.0,5829.0,5829.0,5829.0,5829.0,5829.0,5829.0,5829.0,5829.0,5829.0,5829.0,5829.0,5829.0,5829.0,5829.0,5829.0,5829.0,5829.0,5829.0,5829.0,5829.0,5829.0,5860.0,5974.0,6088.0,6209.0,6320.0,6320.0,6320.0,6320.0,6320.0,6320.0,6320.0,6320.0,6320.0,6320.0,6320.0,6320.0,6320.0,6320.0,6320.0,6320.0,6320.0,6320.0,6405.0,6510.0,6621.0,6724.0,6807.0,6831.0,6841.0,6905.0,6905.0,6905.0,6905.0,6905.0,6905.0,6905.0,6905.0,6905.0,6905.0,6905.0,6905.0,6905.0,6905.0,6905.0,6905.0,6905.0,6905.0,6905.0,6905.0,6905.0,6905.0,6905.0,6905.0,6905.0,6905.0,6905.0,6905.0,6905.0,6905.0,6905.0,6905.0,6905.0,6905.0,6905.0,6905.0,6905.0,6905.0,6905.0,6905.0,6905.0,6905.0,6905.0,6905.0,6905.0,6905.0,6905.0,6905.0,6905.0,6905.0,6905.0,6905.0,6905.0,6905.0,6905.0,6905.0,6905.0,6905.0,6905.0,6905.0,6905.0,6905.0,6905.0,6905.0,6905.0,6905.0,6905.0,6905.0,6905.0,6905.0,6905.0,6905.0,6905.0,6905.0,6905.0,6905.0,6905.0,6905.0,6905.0,6905.0,6905.0,6905.0,6905.0,6905.0,6905.0,6905.0,6905.0,6905.0,6905.0,6932.0,6989.0,6989.0,6989.0,6989.0,6989.0,6989.0,6989.0,6989.0,7015.0,7033.0,7033.0,7033.0,7033.0,7033.0,7107.0,7110.0,7198.0,7198.0,7198.0,7198.0,7198.0,7198.0,7198.0,7231.0,7399.0,7571.0,7728.0,7890.0,8058.0,8230.0,8399.0,8575.0,8745.0,8877.0,9058.0,9241.0,9419.0,9588.0,9730.0,9880.0,9934.0,10093.0,10167.0,10356.0,10544.0,10683.0,10852.0,11041.0,11223.0,11407.0,11588.0,11777.0,11954.0,12142.0,12329.0,12506.0,12691.0,12872.0,13048.0,13143.0,13167.0,13301.0,13323.0,13386.0,13386.0,13386.0,13386.0,13415.0,13471.0,13558.0,13674.0,13748.0,13750.0,13750.0,13750.0,13750.0,13750.0,13750.0,13750.0,13760.0,13760.0,13760.0,13760.0,13760.0,13760.0,13760.0,13760.0,13760.0,13760.0,13760.0,13760.0,13760.0,13760.0,13760.0,13760.0,13760.0,13760.0,13760.0,13760.0,13760.0,13760.0,13760.0,13760.0,13760.0,13760.0,13760.0,13760.0,13760.0,13760.0,13760.0,13760.0,13760.0,13760.0,13760.0,13760.0,13760.0,13760.0,13760.0,13760.0,13760.0,13760.0,13760.0,13760.0,13760.0,13760.0,13760.0,13760.0,13760.0,13760.0,13760.0,13760.0,13760.0,13760.0,13760.0,13760.0,13760.0,13760.0,13760.0,13760.0,13760.0,13760.0,13760.0,13760.0,13760.0,13760.0,13760.0,13760.0,13760.0,13760.0,13760.0,13760.0,13760.0,13760.0,13760.0,13760.0,13760.0,13760.0,13760.0,13760.0,13760.0,13760.0,13760.0,13760.0,13760.0,13760.0,13760.0,13760.0,13760.0,13760.0,13760.0,13760.0,13828.0,13890.0,13890.0,13948.0,14041.0,14111.0,14111.0,14111.0,14111.0,14111.0,14111.0,14111.0,14111.0,14111.0,14111.0,14111.0,14111.0,14111.0,14111.0,14111.0,14188.0,14205.0,14223.0,14223.0,14223.0,14223.0,14223.0,14223.0,14223.0,14223.0,14223.0,14223.0,14223.0,14223.0,14223.0,14223.0,14223.0,14223.0,14223.0,14223.0,14223.0,14223.0,14232.0,14232.0,14232.0,14232.0,14232.0,14240.0,14240.0,14283.0,14306.0,14306.0,14306.0,14344.0,14370.0,14424.0,14424.0,14424.0,14508.0,14587.0,14616.0,14616.0,14616.0,14616.0,14658.0,14755.0,14821.0,,,,,,,,,,,,,,,,,,,,,,,,,,,,,,,,,,,,,,,,,,,,,,
2018-05-12,ios,,,,,,,,,,,,,,,,,,,,,,,,,,,,,,,,,,,,,,,,,,,,,,,,,,,,,,,,,,,,,,,,,,,,,,,,,,,,,,,,,,,,,,,,,,,,,,,,,,,,,,,,,,,,,,,,,,,,,,,,,,,,,,,,,,,,,,,,,,,,,,,,,,,,,,,,,,,,,,,,,,,,,,,,,,,,,,,,,,,,,,,,,,,,,,,,,,,,,,,,,,,,,,,,,,,,,,,,,,,,,,,,,,,,,,,,,,,,,,,,,,,,,,,,,,,,,,,,,,,,,,,,,,,,,,,,,,,,,,,,,,,,,,,,,,,,,,,,,,,,,,,,,,,,,,,,,,,,,,,,,,,,,,,,,,,,,,,,,,,,,,,,,,,,,,,,,,,,,,,,,,,,,,,,,,,,,,,,,,,,,,,,,13.0,23.0,23.0,152.0,317.0,493.0,672.0,838.0,1008.0,1187.0,1365.0,1543.0,1720.0,1827.0,1938.0,2062.0,2097.0,2196.0,2374.0,2547.0,2716.0,2888.0,3059.0,3232.0,3402.0,3575.0,3751.0,3920.0,4088.0,4265.0,4441.0,4620.0,4797.0,4969.0,5144.0,5315.0,5490.0,5667.0,5840.0,6005.0,6177.0,6350.0,6526.0,6703.0,6881.0,7059.0,7232.0,7410.0,7589.0,7768.0,7946.0,8118.0,8276.0,8453.0,8632.0,8784.0,8958.0,9135.0,9272.0,9391.0,9501.0,9606.0,9718.0,9827.0,9915.0,10025.0,10105.0,10206.0,10310.0,10408.0,10475.0,10575.0,10614.0,10698.0,10789.0,10904.0,11016.0,11074.0,11186.0,11290.0,11394.0,11490.0,11597.0,11709.0,11811.0,11877.0,11894.0,11972.0,12066.0,12159.0,12246.0,12343.0,12448.0,12542.0,12627.0,12641.0,12641.0,12641.0,12653.0,12661.0,12710.0,12822.0,12934.0,13042.0,13152.0,13255.0,13360.0,13453.0,13546.0,13651.0,13760.0,13863.0,13967.0,14063.0,14159.0,14262.0,14367.0,14463.0,14556.0,14659.0,14664.0,14708.0,14726.0,14743.0,14743.0,14743.0,14743.0,14743.0,14743.0,14743.0,14743.0,14743.0,14743.0,14743.0,14743.0,14743.0,14743.0,14743.0,14743.0,14743.0,14743.0,14743.0,14743.0,14743.0,14743.0,14743.0,14743.0,14743.0,14743.0,14743.0,14743.0,14743.0,14743.0,14743.0,14743.0,14743.0,14743.0,14743.0,14743.0,14743.0,14743.0,14743.0,14743.0,14743.0,14743.0,14743.0,14743.0,14743.0,14743.0,14743.0,14743.0,14750.0,14828.0,14934.0,15024.0,15119.0,15210.0,15309.0,15404.0,15503.0,15601.0,15671.0,15772.0,15826.0,15826.0,15841.0,15841.0,15841.0,15857.0,15857.0,15857.0,15857.0,15857.0,15857.0,15857.0,15857.0,15857.0,15857.0,15857.0,15857.0,15857.0,15857.0,15857.0,15857.0,15857.0,15857.0,15903.0,15946.0,15946.0,15946.0,15975.0,15975.0,15975.0,15975.0,15975.0,15975.0,15975.0,15975.0,15975.0,15975.0,15975.0,15975.0,15975.0,15975.0,15975.0,15975.0,15975.0,15975.0,15975.0,15975.0,15975.0,15975.0,15990.0,16024.0,16057.0,16057.0,16057.0,16057.0,16057.0,16057.0,16057.0,16057.0,16057.0,16057.0,16057.0,16057.0,16057.0,16057.0,16057.0,16057.0,16057.0,16057.0,16057.0,16057.0,16057.0,16057.0,16057.0,16057.0,16057.0,16057.0,16057.0,16057.0,16057.0,16057.0,16057.0,16057.0,16057.0,16057.0,16057.0,16057.0,16057.0,16057.0,16057.0,16057.0,16057.0,16057.0,16057.0,16057.0,16057.0,16057.0,16057.0,16057.0,16057.0,16057.0,16057.0,16057.0,16057.0,16057.0,16057.0,16057.0,16057.0,16057.0,16057.0,16057.0,16057.0,16057.0,16057.0,16057.0,16057.0,16057.0,16057.0,16057.0,16057.0,16057.0,16057.0,16057.0,16057.0,16057.0,16057.0,16057.0,16057.0,16057.0,16057.0,16057.0,16057.0,16057.0,16057.0,16057.0,16057.0,16057.0,16057.0,16057.0,16068.0,16068.0,16068.0,16068.0,16068.0,16068.0,16068.0,16068.0,16068.0,16068.0,16068.0,16068.0,16068.0,16068.0,16068.0,16068.0,16068.0,16068.0,16068.0,16068.0,16068.0,16068.0,16068.0,16068.0,16068.0,16068.0,16068.0,16068.0,16068.0,16068.0,16068.0,16068.0,16068.0,16068.0,16068.0,16068.0,16068.0,16068.0,16068.0,16068.0,16068.0,16068.0,16068.0,16068.0,16068.0,16068.0,16068.0,16068.0,16068.0,16068.0,16068.0,16068.0,16068.0,16068.0,16068.0,16068.0,16068.0,16068.0,16068.0,16068.0,16068.0,16068.0,16068.0,16068.0,16068.0,16068.0,16068.0,16068.0,16068.0,16068.0,16068.0,16068.0,16068.0,16068.0,16068.0,16068.0,16068.0,16068.0,16068.0,16068.0,16068.0,16068.0,16068.0,16068.0,16068.0,16068.0,16068.0,16068.0,16068.0,16068.0,16068.0,16068.0,16068.0,16068.0,16068.0,16068.0,16068.0,16068.0,16068.0,16068.0,16068.0,16068.0,16068.0,16068.0,16068.0,16068.0,16068.0,16068.0,16068.0,16068.0,16068.0,16068.0,16068.0,16068.0,16068.0,16068.0,16068.0,16068.0,16068.0,16068.0,16068.0,16068.0,16068.0,16068.0,16068.0,16068.0,16068.0,16068.0,16068.0,16068.0,16068.0,16068.0,16068.0,16068.0,16068.0,16068.0,16068.0,16068.0,16068.0,16068.0,16068.0,16068.0,16068.0,16068.0,16068.0,16068.0,16068.0,16068.0,16068.0,16068.0,16068.0,16068.0,16068.0,16068.0,16068.0,16068.0,16068.0,16068.0,16068.0,16068.0,16068.0,16068.0,16068.0,16076.0,16076.0,16076.0,16076.0,16076.0,16076.0,16076.0,16076.0,16090.0,16090.0,16090.0,16090.0,16104.0,16149.0,16176.0,16176.0,16176.0,16176.0,16176.0,16176.0,16176.0,16176.0,16176.0,16176.0,16176.0,16176.0,16176.0,16176.0,16176.0,16176.0,16176.0,16176.0,16176.0,16176.0,16176.0,16176.0,16176.0,16176.0,16176.0,16176.0,16176.0,16176.0,16176.0,16176.0,16176.0,16176.0,16176.0,16176.0,16176.0,16176.0,16176.0,16176.0,16176.0,16176.0,16176.0,16176.0,16176.0,16176.0,16176.0,16176.0,16176.0,16176.0,16176.0,16176.0,16176.0,16176.0,16176.0,16176.0,16176.0,16176.0,16176.0,16176.0,16176.0,16176.0,16176.0,16176.0,16176.0,16218.0,16340.0,16439.0,16496.0,16496.0,16496.0,16496.0,16506.0,16506.0,16546.0,16586.0,16586.0,16586.0,16586.0,16586.0,16586.0,16586.0,16586.0,16586.0,16586.0,16586.0,16586.0,16586.0,16586.0,16586.0,16586.0,16586.0,16586.0,16586.0,16586.0,16586.0,16586.0,16586.0,16611.0,16674.0,16690.0,16690.0,16738.0,16817.0,16903.0,16981.0,17100.0,17214.0,17330.0,17444.0,17556.0,17664.0,17675.0,17675.0,17675.0,17675.0,17711.0,17752.0,17825.0,17922.0,17946.0,17946.0,17946.0,17946.0,17946.0,17965.0,18047.0,18047.0,18047.0,18047.0,18047.0,18047.0,18047.0,18047.0,18071.0,18097.0,18097.0,18097.0,18097.0,18097.0,18097.0,18097.0,18097.0,18097.0,18097.0,18097.0,18097.0,18097.0,18097.0,18097.0,18097.0,18097.0,18097.0,18097.0,18097.0,18097.0,18097.0,18097.0,18097.0,18097.0,18097.0,18097.0,18097.0,18097.0,18097.0,18097.0,18097.0,18097.0,18097.0,18097.0,18097.0,18097.0,18097.0,18097.0,18097.0,18097.0,18097.0,18097.0,18097.0,18097.0,18097.0,18097.0,18097.0,18097.0,18097.0,18097.0,18097.0,18097.0,18097.0,18097.0,18097.0,18097.0,18097.0,18097.0,18097.0,18097.0,18097.0,18097.0,18097.0,18097.0,18097.0,18097.0,18097.0,18097.0,18097.0,18097.0,18097.0,18097.0,18097.0,18097.0,18097.0,18097.0,18097.0,18097.0,18097.0,18097.0,18097.0,18097.0,18097.0,18097.0,18097.0,18097.0,18131.0,18153.0,18153.0,18153.0,18241.0,18346.0,18450.0,18523.0,18626.0,18723.0,18815.0,18909.0,19008.0,19108.0,19201.0,19285.0,19288.0,19380.0,19473.0,19580.0,19680.0,19780.0,19882.0,19947.0,19947.0,19947.0,19947.0,19947.0,19947.0,19947.0,19947.0,19947.0,19947.0,19947.0,19947.0,19947.0,19947.0,19947.0,19947.0,19947.0,19947.0,19947.0,19947.0,19947.0,19947.0,19947.0,19947.0,19947.0,19947.0,19947.0,19947.0,19947.0,19947.0,19947.0,19947.0,19947.0,19947.0,19947.0,19947.0,19947.0,19947.0,19947.0,19947.0,19947.0,19947.0,19947.0,19947.0,19947.0,19947.0,19947.0,19947.0,19947.0,19947.0,19947.0,19947.0,19947.0,19947.0,19947.0,19947.0,19947.0,19947.0,19947.0,19947.0,19947.0,19947.0,19947.0,19947.0,19947.0,19947.0,19947.0,19947.0,19947.0,19947.0,19947.0,19947.0,19947.0,19947.0,19947.0,19947.0,19963.0,19963.0,19963.0,19963.0,19963.0,19963.0,19963.0,19963.0,19963.0,19963.0,19963.0,19963.0,19963.0,19963.0,19963.0,19963.0,19963.0,19963.0,19963.0,19963.0,19963.0,19963.0,19963.0,19963.0,19963.0,19963.0,19963.0,19963.0,19963.0,19963.0,19963.0,19963.0,19963.0,19963.0,19963.0,19983.0,19983.0,19998.0,20037.0,20037.0,20037.0,20037.0,20037.0,20037.0,20037.0,20037.0,20037.0,20037.0,20037.0,20037.0,20037.0,20037.0,20037.0,20106.0,20106.0,20106.0,20106.0,20106.0,20106.0,20106.0,20106.0,20106.0,20106.0,20118.0,20146.0,20154.0,20203.0,20203.0,20203.0,20203.0,20203.0,20203.0,20203.0,20203.0,20203.0,20203.0,20203.0,20203.0,20203.0,20203.0,20237.0,20238.0,20238.0,20238.0,20238.0,20238.0,20238.0,20238.0,20292.0,20292.0,20292.0,20292.0,20292.0,20292.0,20292.0,20292.0,20292.0,20292.0,20292.0,20292.0,20292.0,20292.0,20292.0,20292.0,20292.0,20292.0,20292.0,20292.0,20292.0,20292.0,20292.0,20292.0,20292.0,20292.0,20292.0,20292.0,20292.0,20292.0,20292.0,20292.0,20292.0,20292.0,20292.0,20292.0,20292.0,20292.0,20292.0,20292.0,20292.0,20292.0,20292.0,20292.0,20292.0,,,,,,,,,,,,,,,,,,,,,,,,,,,,,,,,,,,,,,,,,,,,,,,,,,,,,,,,,,,,,,,,,,,,,,,,,,,,,,,,,,,,,,,,,,,,,,,,,,,,,,,,,
2018-05-15,ios,,,,,,,,,,,,,,,,,,,,,,,,,,,,,,,,,,,,,,,,,,,,,,,,,,,,,,,,,,,,,,,,,,,,,,,,,,,,,,,,,,,,,,,,,,,,,,,,,,,,,,,,,,,,,,,,,,,,,,,,,,,,,,,,,,,,,,,,,,,,,,,,,,,,,,,,,,,,,,,,,,,,,,,,,,,,,,,,,,,,,,,,,,,,,,,,,,,,,,,,,,,,,,,,,,,,,,,,,,,,,,,,,,,,,,,,,,,,,,,,,,,,,,,,,,,,,,,,,,,,,,,,,,,,,,,,,,,,,,,,,,,,,,,,,,,,,,,,,,,,,,,,,,,,,,,,,,,,,,,,,,,,,,,,,,,,,,,,,,,,,,,,,,,,,,,,,,,,,,,,,,,,,,,,,,,,,,,,,,,,,,,,,,26.0,26.0,26.0,26.0,26.0,26.0,26.0,26.0,26.0,26.0,26.0,26.0,26.0,26.0,26.0,26.0,26.0,26.0,26.0,26.0,26.0,26.0,26.0,26.0,26.0,26.0,26.0,26.0,26.0,26.0,26.0,26.0,26.0,26.0,26.0,26.0,26.0,26.0,26.0,26.0,26.0,26.0,26.0,26.0,26.0,26.0,26.0,26.0,26.0,26.0,26.0,26.0,26.0,26.0,26.0,26.0,26.0,26.0,26.0,26.0,49.0,49.0,49.0,73.0,73.0,130.0,218.0,218.0,218.0,218.0,218.0,218.0,218.0,218.0,218.0,218.0,218.0,218.0,218.0,218.0,218.0,218.0,218.0,218.0,218.0,218.0,218.0,218.0,218.0,218.0,218.0,218.0,218.0,218.0,228.0,333.0,369.0,442.0,446.0,446.0,474.0,474.0,474.0,474.0,474.0,474.0,474.0,474.0,474.0,474.0,474.0,474.0,474.0,474.0,474.0,474.0,474.0,474.0,474.0,474.0,474.0,474.0,474.0,474.0,474.0,474.0,474.0,474.0,474.0,474.0,474.0,474.0,474.0,474.0,474.0,474.0,474.0,474.0,474.0,474.0,474.0,474.0,474.0,474.0,474.0,474.0,474.0,474.0,474.0,474.0,474.0,474.0,474.0,530.0,644.0,762.0,883.0,1000.0,1106.0,1129.0,1133.0,1161.0,1196.0,1196.0,1196.0,1196.0,1284.0,1307.0,1307.0,1307.0,1307.0,1316.0,1365.0,1365.0,1382.0,1382.0,1382.0,1382.0,1382.0,1382.0,1382.0,1382.0,1382.0,1382.0,1382.0,1382.0,1382.0,1382.0,1382.0,1382.0,1382.0,1382.0,1382.0,1382.0,1382.0,1382.0,1382.0,1382.0,1382.0,1382.0,1382.0,1382.0,1382.0,1382.0,1382.0,1382.0,1382.0,1382.0,1382.0,1382.0,1382.0,1435.0,1476.0,1527.0,1582.0,1684.0,1796.0,1884.0,2002.0,2113.0,2232.0,2346.0,2406.0,2472.0,2570.0,2667.0,2727.0,2836.0,2951.0,3055.0,3168.0,3283.0,3388.0,3470.0,3539.0,3539.0,3539.0,3539.0,3539.0,3539.0,3539.0,3539.0,3539.0,3539.0,3539.0,3539.0,3539.0,3539.0,3539.0,3539.0,3539.0,3539.0,3539.0,3539.0,3539.0,3539.0,3539.0,3539.0,3539.0,3539.0,3539.0,3539.0,3539.0,3539.0,3539.0,3539.0,3539.0,3539.0,3539.0,3539.0,3539.0,3539.0,3539.0,3539.0,3539.0,3581.0,3634.0,3634.0,3634.0,3687.0,3716.0,3737.0,3737.0,3737.0,3737.0,3737.0,3737.0,3737.0,3737.0,3737.0,3779.0,3799.0,3888.0,3888.0,3888.0,3888.0,3888.0,3888.0,3888.0,3888.0,3888.0,3950.0,4006.0,4029.0,4029.0,4029.0,4029.0,4029.0,4029.0,4029.0,4029.0,4029.0,4029.0,4029.0,4029.0,4029.0,4029.0,4029.0,4029.0,4029.0,4029.0,4029.0,4029.0,4029.0,4029.0,4029.0,4029.0,4029.0,4029.0,4029.0,4029.0,4029.0,4029.0,4029.0,4029.0,4029.0,4029.0,4029.0,4029.0,4029.0,4029.0,4029.0,4029.0,4029.0,4029.0,4029.0,4029.0,4029.0,4029.0,4029.0,4029.0,4029.0,4029.0,4029.0,4029.0,4029.0,4029.0,4029.0,4029.0,4029.0,4029.0,4029.0,4029.0,4029.0,4029.0,4029.0,4029.0,4029.0,4029.0,4029.0,4029.0,4029.0,4029.0,4029.0,4029.0,4029.0,4104.0,4107.0,4107.0,4107.0,4107.0,4107.0,4107.0,4107.0,4107.0,4107.0,4107.0,4128.0,4163.0,4212.0,4218.0,4218.0,4248.0,4307.0,4307.0,4307.0,4307.0,4307.0,4307.0,4307.0,4307.0,4307.0,4307.0,4307.0,4307.0,4307.0,4307.0,4307.0,4307.0,4307.0,4307.0,4307.0,4307.0,4307.0,4307.0,4307.0,4307.0,4307.0,4307.0,4307.0,4307.0,4307.0,4307.0,4307.0,4307.0,4307.0,4307.0,4307.0,4307.0,4307.0,4307.0,4307.0,4307.0,4307.0,4307.0,4307.0,4307.0,4307.0,4307.0,4307.0,4307.0,4307.0,4307.0,4307.0,4307.0,4307.0,4307.0,4307.0,4307.0,4307.0,4307.0,4307.0,4307.0,4307.0,4307.0,4307.0,4307.0,4307.0,4307.0,4307.0,4307.0,4307.0,4307.0,4307.0,4307.0,4307.0,4307.0,4307.0,4307.0,4307.0,4307.0,4307.0,4307.0,4307.0,4307.0,4307.0,4307.0,4307.0,4307.0,4307.0,4307.0,4307.0,4307.0,4307.0,4307.0,4307.0,4307.0,4310.0,4334.0,4334.0,4334.0,4334.0,4334.0,4334.0,4352.0,4382.0,4469.0,4563.0,4693.0,4800.0,4914.0,4919.0,4919.0,4919.0,4919.0,4919.0,4939.0,4939.0,4939.0,4939.0,4939.0,4952.0,4952.0,4952.0,4952.0,4952.0,4952.0,4952.0,4952.0,4952.0,4952.0,4952.0,4952.0,4952.0,4952.0,4952.0,4952.0,4976.0,4988.0,4988.0,4988.0,4988.0,4988.0,4988.0,4988.0,4988.0,4988.0,4988.0,4988.0,4988.0,4988.0,4988.0,4988.0,4988.0,4988.0,4988.0,4988.0,4988.0,4988.0,4988.0,4988.0,4988.0,4988.0,4988.0,4988.0,4988.0,4988.0,4988.0,4988.0,4988.0,4988.0,4988.0,4988.0,4988.0,4988.0,4988.0,4988.0,4988.0,4988.0,4988.0,5038.0,5047.0,5047.0,5047.0,5047.0,5047.0,5047.0,5047.0,5047.0,5047.0,5047.0,5047.0,5047.0,5047.0,5047.0,5047.0,5047.0,5134.0,5235.0,5343.0,5454.0,5564.0,5580.0,5613.0,5613.0,5613.0,5613.0,5613.0,5613.0,5613.0,5613.0,5613.0,5613.0,5613.0,5613.0,5613.0,5613.0,5613.0,5613.0,5613.0,5613.0,5613.0,5613.0,5613.0,5613.0,5613.0,5613.0,5613.0,5613.0,5613.0,5613.0,5613.0,5613.0,5613.0,5613.0,5613.0,5613.0,5613.0,5613.0,5613.0,5613.0,5613.0,5613.0,5613.0,5613.0,5613.0,5613.0,5613.0,5613.0,5613.0,5613.0,5613.0,5613.0,5613.0,5613.0,5613.0,5613.0,5613.0,5613.0,5613.0,5613.0,5613.0,5613.0,5613.0,5613.0,5613.0,5613.0,5613.0,5613.0,5613.0,5613.0,5613.0,5613.0,5613.0,5613.0,5613.0,5613.0,5613.0,5613.0,5613.0,5613.0,5613.0,5613.0,5613.0,5613.0,5613.0,5613.0,5652.0,5750.0,5864.0,5970.0,6068.0,6104.0,6104.0,6104.0,6104.0,6104.0,6104.0,6144.0,6175.0,6175.0,6258.0,6299.0,6354.0,6354.0,6378.0,6422.0,6422.0,6435.0,6435.0,6435.0,6435.0,6435.0,6435.0,6435.0,6435.0,6513.0,6605.0,6705.0,6810.0,6818.0,6818.0,6818.0,6818.0,6818.0,6818.0,6818.0,6818.0,6818.0,6818.0,6818.0,6818.0,6818.0,6818.0,6818.0,6835.0,6865.0,6865.0,6865.0,6865.0,6865.0,6868.0,6873.0,6873.0,6873.0,6882.0,6918.0,6990.0,7047.0,7053.0,7053.0,7053.0,7053.0,7053.0,7053.0,7053.0,7053.0,7053.0,7053.0,7053.0,7053.0,7053.0,7053.0,7053.0,7053.0,7053.0,7053.0,7053.0,7053.0,7053.0,7053.0,7053.0,7053.0,7053.0,7053.0,7053.0,7053.0,7053.0,7053.0,7053.0,7053.0,7053.0,7053.0,7053.0,7061.0,7061.0,7134.0,7201.0,7308.0,7335.0,7335.0,7335.0,7335.0,7335.0,7335.0,7335.0,7335.0,7335.0,7365.0,7381.0,7381.0,7381.0,7381.0,7381.0,7422.0,7457.0,7457.0,7478.0,7478.0,7557.0,7707.0,7882.0,8059.0,8235.0,8418.0,8594.0,8747.0,8925.0,9042.0,9215.0,9397.0,9579.0,9764.0,9942.0,10096.0,10277.0,10458.0,10626.0,10805.0,10985.0,11164.0,11333.0,11513.0,11693.0,11857.0,12034.0,12204.0,12373.0,12549.0,12725.0,12892.0,13066.0,13245.0,13425.0,13605.0,13788.0,13959.0,14142.0,14325.0,14494.0,14674.0,14809.0,14991.0,15162.0,15345.0,15528.0,15700.0,15879.0,16062.0,16241.0,16414.0,16584.0,16761.0,16941.0,17119.0,17297.0,17449.0,17588.0,17709.0,17891.0,18069.0,18249.0,18426.0,18593.0,18772.0,18936.0,19090.0,19257.0,19432.0,19606.0,19784.0,19963.0,20123.0,20292.0,20470.0,20637.0,20805.0,20886.0,20929.0,20929.0,20929.0,20993.0,21071.0,21071.0,21071.0,21071.0,21071.0,21071.0,21071.0,21071.0,21071.0,21071.0,21071.0,21098.0,21189.0,21213.0,21213.0,21213.0,21213.0,21213.0,21213.0,21213.0,21213.0,21213.0,21213.0,21213.0,21213.0,21238.0,21238.0,21238.0,21238.0,,,,,,,,,,,,,,,,,,,,,,,,,,,,,,,,,,,,,,,,,,,,,,,,,,,,,,,,,,,,,,,,,,,,,,,,,,,,,,,,,,,,,,,,,,,,,,,,,,,,,,,,,,,,,,,,,,,,,,,,,,,,,,,,,,,,,,,,,,,,,,,,
2018-05-16,ios,,,,,,,,,,,,,,,,,,,,,,,,,,,,,,,,,,,,,,,,,,,,,,,,,,,,,,,,,,,,,,,,,,,,,,,,,,,,,,,,,,,,,,,,,,,,,,,,,,,,,,,,,,,,,,,,,,,,,,,,,,,,,,,,,,,,,,,,,,,,,,,,,,,,,,,,,,,,,,,,,,,,,,,,,,,,,,,,,,,,,,,,,,,,,,,,,,,,,,,,,,,,,,,,,,,,,,,,,,,,,,,,,,,,,,,,,,,,,,,,,,,,,,,,,,,,,,,,,,,,,,,,,,,,,,,,,,,,,,,,,,,,,,,,,,,,,,,,,,,,,,,,,,,,,,,,,,,,,,,,,,,,,,,,,,,,,,,,,,,,,,,,,,,,,,,,,,,,,,,,,,,,,,,,,,,,,,,,,,,,,,,,,,,,,,,,,,,,,,,,,,,,,,,,,,,,,,,,,,,,,,,,,,,,,,,,,,,,,,,,,,,,,,,,,,,,,,,,,,,,,,,,,,,,,,,,,,,,,,,,,,,,35.0,35.0,35.0,35.0,35.0,35.0,41.0,57.0,146.0,146.0,146.0,146.0,146.0,146.0,146.0,146.0,146.0,146.0,146.0,146.0,147.0,259.0,341.0,457.0,530.0,557.0,629.0,703.0,785.0,797.0,797.0,797.0,797.0,811.0,811.0,811.0,811.0,811.0,811.0,811.0,811.0,827.0,847.0,863.0,863.0,863.0,863.0,863.0,863.0,863.0,863.0,863.0,863.0,872.0,872.0,872.0,872.0,872.0,872.0,872.0,872.0,872.0,872.0,872.0,872.0,872.0,872.0,872.0,872.0,872.0,872.0,872.0,878.0,882.0,882.0,882.0,882.0,882.0,882.0,882.0,906.0,936.0,936.0,936.0,936.0,936.0,936.0,936.0,936.0,936.0,936.0,936.0,936.0,936.0,936.0,936.0,936.0,936.0,936.0,982.0,982.0,1058.0,1058.0,1058.0,1058.0,1176.0,1196.0,1240.0,1260.0,1313.0,1331.0,1331.0,1331.0,1331.0,1331.0,1331.0,1331.0,1331.0,1331.0,1331.0,1331.0,1331.0,1331.0,1331.0,1331.0,1331.0,1331.0,1331.0,1331.0,1331.0,1331.0,1331.0,1331.0,1331.0,1331.0,1331.0,1331.0,1331.0,1331.0,1331.0,1331.0,1331.0,1331.0,1331.0,1331.0,1331.0,1331.0,1331.0,1331.0,1331.0,1331.0,1331.0,1331.0,1331.0,1331.0,1331.0,1331.0,1331.0,1331.0,1331.0,1331.0,1331.0,1331.0,1331.0,1331.0,1331.0,1331.0,1331.0,1331.0,1331.0,1331.0,1331.0,1331.0,1331.0,1331.0,1331.0,1331.0,1331.0,1331.0,1331.0,1331.0,1331.0,1331.0,1331.0,1331.0,1331.0,1331.0,1331.0,1331.0,1331.0,1331.0,1331.0,1331.0,1331.0,1356.0,1356.0,1356.0,1356.0,1356.0,1356.0,1356.0,1356.0,1356.0,1356.0,1356.0,1356.0,1356.0,1356.0,1356.0,1374.0,1374.0,1396.0,1411.0,1411.0,1411.0,1411.0,1411.0,1417.0,1468.0,1501.0,1501.0,1544.0,1544.0,1584.0,1584.0,1584.0,1584.0,1584.0,1584.0,1584.0,1584.0,1584.0,1584.0,1584.0,1638.0,1711.0,1712.0,1712.0,1712.0,1712.0,1712.0,1712.0,1712.0,1712.0,1712.0,1712.0,1712.0,1712.0,1712.0,1712.0,1712.0,1712.0,1712.0,1712.0,1712.0,1712.0,1712.0,1712.0,1712.0,1712.0,1712.0,1712.0,1712.0,1712.0,1732.0,1760.0,1760.0,1760.0,1760.0,1760.0,1760.0,1799.0,1799.0,1844.0,1846.0,1880.0,1880.0,1923.0,1946.0,1977.0,1977.0,1977.0,1977.0,1977.0,1977.0,1977.0,2013.0,2013.0,2046.0,2062.0,2062.0,2062.0,2062.0,2062.0,2062.0,2062.0,2062.0,2062.0,2062.0,2062.0,2062.0,2062.0,2062.0,2062.0,2062.0,2062.0,2062.0,2062.0,2062.0,2062.0,2062.0,2062.0,2062.0,2062.0,2062.0,2062.0,2062.0,2062.0,2062.0,2062.0,2062.0,2062.0,2062.0,2062.0,2062.0,2062.0,2062.0,2062.0,2062.0,2062.0,2062.0,2062.0,2062.0,2062.0,2062.0,2062.0,2062.0,2062.0,2062.0,2062.0,2062.0,2062.0,2062.0,2062.0,2062.0,2062.0,2062.0,2062.0,2062.0,2062.0,2062.0,2062.0,2062.0,2062.0,2062.0,2062.0,2062.0,2062.0,2062.0,2062.0,2062.0,2062.0,2062.0,2062.0,2062.0,2062.0,2062.0,2062.0,2062.0,2062.0,2062.0,2062.0,2062.0,2062.0,2062.0,2062.0,2062.0,2062.0,2062.0,2062.0,2062.0,2062.0,2062.0,2062.0,2062.0,2062.0,2062.0,2062.0,2062.0,2062.0,2062.0,2062.0,2062.0,2062.0,2062.0,2062.0,2062.0,2062.0,2062.0,2062.0,2062.0,2062.0,2062.0,2062.0,2062.0,2062.0,2062.0,2062.0,2062.0,2062.0,2062.0,2062.0,2062.0,2062.0,2062.0,2062.0,2062.0,2076.0,2119.0,2119.0,2126.0,2184.0,2184.0,2184.0,2184.0,2184.0,2184.0,2184.0,2184.0,2184.0,2184.0,2184.0,2184.0,2184.0,2273.0,2273.0,2273.0,2273.0,2279.0,2282.0,2282.0,2282.0,2282.0,2282.0,2282.0,2282.0,2282.0,2282.0,2282.0,2316.0,2380.0,2380.0,2380.0,2380.0,2380.0,2380.0,2380.0,2417.0,2489.0,2505.0,2505.0,2505.0,2505.0,2505.0,2505.0,2505.0,2505.0,2505.0,2505.0,2505.0,2505.0,2505.0,2505.0,2505.0,2505.0,2505.0,2505.0,2561.0,2569.0,2639.0,2639.0,2639.0,2639.0,2731.0,2813.0,2813.0,2813.0,2813.0,2813.0,2813.0,2813.0,2813.0,2907.0,3027.0,3147.0,3259.0,3371.0,3492.0,3598.0,3713.0,3831.0,3894.0,3917.0,3917.0,3917.0,3917.0,3917.0,3917.0,3917.0,3917.0,3917.0,3917.0,3917.0,3917.0,3917.0,3917.0,3917.0,3917.0,3917.0,3917.0,3917.0,3917.0,3917.0,3917.0,3917.0,3917.0,3917.0,3917.0,3917.0,3917.0,3917.0,3917.0,3917.0,3917.0,3917.0,3917.0,3917.0,3917.0,3917.0,3917.0,3917.0,3917.0,3917.0,3917.0,3917.0,3917.0,3917.0,3917.0,3917.0,3917.0,3917.0,3917.0,3917.0,3917.0,3917.0,3917.0,3917.0,3917.0,3917.0,3917.0,3917.0,3917.0,3917.0,3917.0,3917.0,3917.0,3917.0,3917.0,3917.0,3917.0,3917.0,3917.0,3917.0,3917.0,3917.0,3917.0,3917.0,3917.0,3917.0,3917.0,3917.0,3917.0,3917.0,3917.0,3982.0,3982.0,4089.0,4203.0,4289.0,4462.0,4595.0,4771.0,4947.0,5116.0,5290.0,5389.0,5389.0,5389.0,5389.0,5397.0,5397.0,5471.0,5642.0,5810.0,5985.0,6164.0,6344.0,6525.0,6706.0,6887.0,7067.0,7243.0,7423.0,7602.0,7780.0,7958.0,8138.0,8318.0,8498.0,8674.0,8847.0,9025.0,9203.0,9380.0,9557.0,9735.0,9870.0,9959.0,10136.0,10313.0,10488.0,10659.0,10832.0,11008.0,11181.0,11356.0,11529.0,11694.0,11858.0,11992.0,12165.0,12248.0,12393.0,12522.0,12700.0,12872.0,13051.0,13231.0,13408.0,13586.0,13761.0,13921.0,14084.0,14256.0,14421.0,14597.0,14775.0,14952.0,15129.0,15292.0,15449.0,15543.0,15543.0,15543.0,15543.0,15543.0,15543.0,15565.0,15566.0,15573.0,15573.0,15573.0,15573.0,15573.0,15573.0,15573.0,15573.0,15573.0,15614.0,15627.0,15627.0,15627.0,15627.0,15627.0,15627.0,15627.0,15627.0,15627.0,15627.0,15627.0,15627.0,15627.0,15627.0,15627.0,15627.0,15647.0,15707.0,15779.0,15779.0,15779.0,15779.0,15779.0,15779.0,15779.0,15779.0,15779.0,15779.0,15779.0,15779.0,15810.0,15880.0,15912.0,15913.0,15913.0,15913.0,15913.0,15913.0,15913.0,15913.0,15913.0,15913.0,15913.0,15913.0,15913.0,15913.0,15913.0,15913.0,15913.0,15913.0,15913.0,15913.0,15913.0,15913.0,15913.0,15913.0,15913.0,15913.0,15929.0,15949.0,15949.0,15949.0,15949.0,15949.0,15949.0,15949.0,15949.0,15949.0,15949.0,15949.0,15949.0,15949.0,15949.0,15949.0,15949.0,15949.0,15949.0,15949.0,15949.0,15949.0,15949.0,15949.0,15949.0,15949.0,15949.0,15949.0,15949.0,15949.0,15949.0,15949.0,15949.0,15949.0,15949.0,15949.0,15949.0,15949.0,15949.0,15949.0,15949.0,15949.0,15949.0,15949.0,15949.0,15949.0,15949.0,15949.0,15949.0,15949.0,15949.0,15949.0,15949.0,15949.0,15949.0,15949.0,15949.0,15949.0,15949.0,15949.0,15949.0,15949.0,15949.0,15949.0,15949.0,15949.0,15949.0,15949.0,15949.0,15949.0,15949.0,15949.0,15949.0,15949.0,15949.0,,,,,,,,,,,,,,,,,,,,,,,,,,,,,,,,,,,,,,,,,,,,,,,,,,,,,,,,,,,,,,,,,,,,,,,,,,,,,,,,,,,,,,,,,,,,,,,,,,,,,,,,,,,,,,,,,,,,,,,,,,,,,,,,,,,,,,,,,,,,,,,,,
2018-05-17,ios,,,,,,,,,,,,,,,,,,,,,,,,,,,,,,,,,,,,,,,,,,,,,,,,,,,,,,,,,,,,,,,,,,,,,,,,,,,,,,,,,,,,,,,,,,,,,,,,,,,,,,,,,,,,,,,,,,,,,,,,,,,,,,,,,,,,,,,,,,,,,,,,,,,,,,,,,,,,,,,,,,,,,,,,,,,,,,,,,,,,,,,,,,,,,,,,,,,,,,,,,,,,,,,,,,,,,,,,,,,,,,,,,,,,,,,,,,,,,,,,,,,,,,,,,,,,,,,,,,,,,,,,,,,,,,,,,,,,,,,,,,,,,,,,,,,,,,,,,,,,,,,,,,,,,,,,,,,,,,,,,,,,,,,,,,,,,,,,,,,,,,,,,,,,,,,,,,,,,,,,,,,,,,,,,,,,,,,,,,,,,,,,,,,,,,,,,,,,,,,,,,,,,,,,,,,,,,,,,,,24.0,24.0,24.0,24.0,24.0,24.0,24.0,24.0,24.0,24.0,24.0,24.0,24.0,24.0,24.0,24.0,24.0,24.0,24.0,24.0,24.0,24.0,24.0,24.0,24.0,24.0,24.0,24.0,24.0,24.0,24.0,24.0,24.0,24.0,24.0,24.0,24.0,24.0,24.0,24.0,24.0,24.0,24.0,24.0,24.0,24.0,24.0,24.0,24.0,24.0,24.0,24.0,24.0,24.0,24.0,24.0,24.0,24.0,24.0,24.0,24.0,24.0,24.0,24.0,24.0,24.0,24.0,24.0,24.0,24.0,24.0,24.0,24.0,24.0,24.0,24.0,24.0,24.0,24.0,24.0,24.0,24.0,24.0,24.0,24.0,24.0,47.0,67.0,67.0,67.0,67.0,115.0,160.0,160.0,160.0,160.0,160.0,160.0,160.0,160.0,160.0,160.0,175.0,295.0,296.0,372.0,372.0,372.0,372.0,372.0,372.0,372.0,372.0,372.0,372.0,372.0,372.0,372.0,372.0,372.0,372.0,372.0,372.0,372.0,372.0,372.0,372.0,372.0,372.0,372.0,372.0,372.0,372.0,372.0,372.0,372.0,372.0,372.0,372.0,372.0,372.0,372.0,372.0,372.0,372.0,372.0,372.0,372.0,409.0,454.0,574.0,695.0,815.0,876.0,879.0,879.0,879.0,879.0,879.0,879.0,879.0,879.0,879.0,879.0,879.0,879.0,879.0,879.0,879.0,879.0,879.0,879.0,879.0,879.0,879.0,879.0,879.0,879.0,879.0,879.0,879.0,879.0,879.0,879.0,879.0,879.0,879.0,879.0,879.0,879.0,879.0,879.0,879.0,879.0,879.0,879.0,879.0,879.0,879.0,879.0,879.0,879.0,879.0,879.0,879.0,879.0,879.0,879.0,879.0,879.0,879.0,879.0,879.0,879.0,879.0,879.0,879.0,879.0,879.0,879.0,879.0,879.0,879.0,879.0,879.0,879.0,879.0,879.0,879.0,879.0,879.0,879.0,879.0,879.0,879.0,879.0,879.0,879.0,879.0,879.0,879.0,879.0,879.0,879.0,879.0,879.0,879.0,879.0,879.0,879.0,879.0,879.0,879.0,879.0,879.0,879.0,879.0,879.0,879.0,879.0,879.0,879.0,879.0,879.0,879.0,879.0,879.0,898.0,938.0,1005.0,1094.0,1211.0,1321.0,1401.0,1421.0,1439.0,1441.0,1441.0,1441.0,1441.0,1441.0,1441.0,1441.0,1441.0,1441.0,1441.0,1441.0,1467.0,1556.0,1662.0,1772.0,1891.0,1925.0,1925.0,1925.0,1925.0,1925.0,1925.0,1925.0,1925.0,1925.0,1925.0,1925.0,1925.0,1925.0,1925.0,1925.0,1925.0,1925.0,1925.0,1925.0,1925.0,1925.0,1925.0,1925.0,1925.0,1925.0,1925.0,1925.0,1925.0,1925.0,1925.0,1925.0,1925.0,1925.0,1925.0,1925.0,1925.0,1925.0,1925.0,1925.0,1925.0,1925.0,1925.0,1956.0,1969.0,2010.0,2010.0,2010.0,2010.0,2010.0,2010.0,2010.0,2010.0,2019.0,2019.0,2019.0,2019.0,2019.0,2019.0,2039.0,2039.0,2039.0,2039.0,2039.0,2039.0,2039.0,2039.0,2039.0,2039.0,2039.0,2039.0,2039.0,2039.0,2039.0,2039.0,2039.0,2039.0,2039.0,2039.0,2039.0,2039.0,2039.0,2039.0,2039.0,2039.0,2039.0,2039.0,2039.0,2039.0,2039.0,2039.0,2039.0,2039.0,2039.0,2039.0,2049.0,2049.0,2070.0,2074.0,2074.0,2090.0,2093.0,2093.0,2093.0,2093.0,2093.0,2093.0,2093.0,2093.0,2093.0,2093.0,2093.0,2093.0,2093.0,2093.0,2093.0,2093.0,2093.0,2093.0,2093.0,2093.0,2093.0,2093.0,2093.0,2093.0,2093.0,2093.0,2093.0,2093.0,2093.0,2093.0,2093.0,2093.0,2093.0,2093.0,2093.0,2093.0,2093.0,2093.0,2093.0,2093.0,2093.0,2093.0,2093.0,2093.0,2093.0,2093.0,2093.0,2093.0,2093.0,2093.0,2093.0,2093.0,2093.0,2093.0,2104.0,2150.0,2179.0,2181.0,2181.0,2181.0,2181.0,2181.0,2181.0,2181.0,2181.0,2181.0,2181.0,2181.0,2181.0,2181.0,2181.0,2181.0,2181.0,2192.0,2204.0,2229.0,2229.0,2229.0,2229.0,2229.0,2229.0,2229.0,2229.0,2229.0,2229.0,2229.0,2229.0,2229.0,2229.0,2229.0,2229.0,2229.0,2229.0,2229.0,2229.0,2229.0,2229.0,2229.0,2229.0,2229.0,2229.0,2229.0,2229.0,2229.0,2229.0,2229.0,2229.0,2229.0,2229.0,2229.0,2229.0,2229.0,2229.0,2229.0,2229.0,2229.0,2229.0,2229.0,2229.0,2229.0,2229.0,2283.0,2364.0,2364.0,2364.0,2364.0,2364.0,2364.0,2364.0,2364.0,2429.0,2516.0,2516.0,2516.0,2516.0,2516.0,2563.0,2587.0,2587.0,2587.0,2587.0,2587.0,2587.0,2587.0,2587.0,2587.0,2587.0,2587.0,2587.0,2587.0,2587.0,2587.0,2587.0,2587.0,2587.0,2587.0,2587.0,2587.0,2587.0,2587.0,2587.0,2587.0,2587.0,2587.0,2587.0,2587.0,2587.0,2587.0,2587.0,2587.0,2587.0,2587.0,2587.0,2587.0,2587.0,2587.0,2587.0,2587.0,2587.0,2587.0,2587.0,2587.0,2587.0,2587.0,2587.0,2587.0,2587.0,2587.0,2587.0,2587.0,2587.0,2587.0,2587.0,2587.0,2587.0,2587.0,2587.0,2587.0,2587.0,2587.0,2587.0,2587.0,2587.0,2587.0,2587.0,2587.0,2587.0,2587.0,2587.0,2587.0,2587.0,2587.0,2587.0,2587.0,2587.0,2587.0,2587.0,2587.0,2587.0,2587.0,2587.0,2587.0,2587.0,2605.0,2628.0,2719.0,2789.0,2789.0,2789.0,2789.0,2789.0,2789.0,2789.0,2843.0,2953.0,3062.0,3161.0,3167.0,3224.0,3314.0,3314.0,3411.0,3525.0,3626.0,3735.0,3846.0,3848.0,3848.0,3848.0,3848.0,3877.0,3887.0,3965.0,3965.0,3965.0,3965.0,3965.0,3965.0,3965.0,3965.0,3965.0,3965.0,3965.0,3965.0,3965.0,3965.0,3965.0,3965.0,3965.0,3965.0,3965.0,3965.0,3965.0,3965.0,3965.0,3965.0,3981.0,4015.0,4015.0,4015.0,4015.0,4015.0,4054.0,4135.0,4165.0,4165.0,4165.0,4165.0,4165.0,4165.0,4165.0,4165.0,4165.0,4165.0,4165.0,4165.0,4165.0,4165.0,4165.0,4165.0,4165.0,4165.0,4165.0,4165.0,4165.0,4165.0,4165.0,4204.0,4249.0,4249.0,4249.0,4249.0,4249.0,4249.0,4249.0,4249.0,4249.0,4249.0,4249.0,4286.0,4286.0,4286.0,4286.0,4286.0,4286.0,4307.0,4307.0,4307.0,4307.0,4307.0,4307.0,4307.0,4307.0,4307.0,4307.0,4307.0,4307.0,4307.0,4340.0,4425.0,4454.0,4456.0,4456.0,4472.0,4473.0,4473.0,4473.0,4473.0,4473.0,4473.0,4473.0,4473.0,4473.0,4473.0,4473.0,4473.0,4473.0,4473.0,4473.0,4473.0,4473.0,4473.0,4473.0,4473.0,4473.0,4473.0,4473.0,4473.0,4473.0,4473.0,4473.0,4473.0,4473.0,4473.0,4473.0,4473.0,4473.0,4473.0,4473.0,4473.0,4473.0,4473.0,4473.0,4473.0,4473.0,4473.0,4473.0,4473.0,4473.0,4473.0,4473.0,4473.0,4473.0,4473.0,4473.0,4473.0,4473.0,4473.0,4473.0,4473.0,4473.0,4473.0,4473.0,4473.0,4473.0,4473.0,4473.0,4473.0,4473.0,4473.0,4473.0,4473.0,4473.0,4473.0,4473.0,4473.0,4473.0,4473.0,4473.0,4473.0,4473.0,4473.0,4473.0,4473.0,4473.0,4473.0,4473.0,4473.0,4473.0,4473.0,4473.0,4473.0,4473.0,4473.0,4473.0,4473.0,4473.0,4473.0,4473.0,4473.0,4473.0,4473.0,4473.0,4473.0,4473.0,4473.0,4473.0,4473.0,4473.0,4473.0,4473.0,4473.0,4473.0,4473.0,4473.0,4473.0,4473.0,4473.0,4473.0,4473.0,4473.0,4473.0,4473.0,4473.0,4473.0,4473.0,4473.0,4473.0,4473.0,4473.0,4473.0,4473.0,4473.0,4473.0,4473.0,4473.0,4473.0,4473.0,4473.0,4473.0,4473.0,4473.0,4473.0,4473.0,4473.0,4473.0,4473.0,4473.0,4473.0,4473.0,4473.0,4473.0,4473.0,4473.0,4473.0,4473.0,4473.0,4473.0,4473.0,4473.0,4473.0,4473.0,4473.0,4473.0,4473.0,4473.0,4473.0,4473.0,4473.0,4473.0,4473.0,4473.0,4473.0,4473.0,4473.0,4473.0,4473.0,4473.0,4473.0,4473.0,4473.0,4473.0,4473.0,4473.0,4473.0,4473.0,4473.0,4473.0,4473.0,4473.0,4473.0,4473.0,4473.0,4473.0,4473.0,4473.0,4473.0,4473.0,4473.0,4473.0,4473.0,4473.0,4473.0,4473.0,4473.0,4473.0,4473.0,4473.0,4473.0,4473.0,4473.0,,,,,,,,,,,,,,,,,,,,,,,,,,,,,,,,,,,,,,,,,,,,,,,,,,,,,,,,,,,,,,,,,,,,,,,,,,,,,,,
2018-05-18,ios,,,,,,,,,,,,,,,,,,,,,,,,,,,,,,,,,,,,,,,,,,,,,,,,,,,,,,,,,,,,,,,,,,,,,,,,,,,,,,,,,,,,,,,,,,,,,,,,,,,,,,,,,,,,,,,,,,,,,,,,,,,,,,,,,,,,,,,,,,,,,,,,,,,,,,,,,,,,,,,,,,,,,,,,,,,,,,,,,,,,,,,,,,,,,,,,,,,,,,,,,,,,,,,,,,,,,,,,,,,,,,,,,,,,,,,,,,,,,,,,,,,,,,,,,,,,,,,,,,,,,,,,,,,,,,,,,,,,,,,,,,,,,,,,,,,,,,,,,,,,,,,,,,,,,,,,,,,,,,,,,,,,,,,,,,,,,,,,,,,,,,,,,,,,,,,,,,,,,,,,,,,,,,,,,,,,21.0,22.0,59.0,128.0,297.0,473.0,647.0,822.0,999.0,1169.0,1343.0,1520.0,1695.0,1870.0,2044.0,2220.0,2395.0,2569.0,2716.0,2739.0,2807.0,2977.0,3152.0,3328.0,3494.0,3669.0,3841.0,3959.0,4114.0,4271.0,4437.0,4497.0,4576.0,4719.0,4859.0,4940.0,5035.0,5087.0,5129.0,5304.0,5473.0,5647.0,5820.0,5996.0,6153.0,6320.0,6468.0,6622.0,6768.0,6936.0,7111.0,7218.0,7390.0,7435.0,7454.0,7508.0,7508.0,7508.0,7508.0,7508.0,7534.0,7534.0,7534.0,7534.0,7534.0,7534.0,7534.0,7534.0,7534.0,7534.0,7534.0,7534.0,7534.0,7534.0,7534.0,7534.0,7534.0,7534.0,7534.0,7534.0,7534.0,7534.0,7534.0,7534.0,7534.0,7534.0,7534.0,7534.0,7534.0,7534.0,7534.0,7534.0,7534.0,7534.0,7534.0,7534.0,7534.0,7534.0,7534.0,7534.0,7534.0,7534.0,7534.0,7534.0,7534.0,7534.0,7534.0,7534.0,7534.0,7534.0,7534.0,7534.0,7534.0,7534.0,7534.0,7534.0,7534.0,7534.0,7534.0,7534.0,7534.0,7534.0,7552.0,7668.0,7783.0,7787.0,7787.0,7787.0,7787.0,7787.0,7787.0,7787.0,7787.0,7787.0,7795.0,7795.0,7795.0,7795.0,7795.0,7795.0,7795.0,7795.0,7795.0,7795.0,7795.0,7795.0,7795.0,7795.0,7795.0,7795.0,7795.0,7795.0,7795.0,7795.0,7795.0,7795.0,7795.0,7795.0,7795.0,7795.0,7813.0,7866.0,7913.0,7961.0,7961.0,7961.0,8034.0,8091.0,8116.0,8116.0,8116.0,8116.0,8116.0,8116.0,8116.0,8116.0,8116.0,8116.0,8116.0,8116.0,8116.0,8116.0,8116.0,8116.0,8116.0,8116.0,8116.0,8116.0,8116.0,8116.0,8116.0,8116.0,8116.0,8116.0,8116.0,8116.0,8116.0,8116.0,8116.0,8116.0,8116.0,8116.0,8116.0,8153.0,8153.0,8153.0,8153.0,8153.0,8153.0,8183.0,8193.0,8193.0,8193.0,8193.0,8193.0,8193.0,8193.0,8193.0,8193.0,8193.0,8193.0,8193.0,8193.0,8193.0,8193.0,8193.0,8193.0,8193.0,8193.0,8193.0,8193.0,8193.0,8193.0,8193.0,8193.0,8193.0,8193.0,8193.0,8193.0,8193.0,8193.0,8193.0,8193.0,8193.0,8193.0,8193.0,8193.0,8193.0,8193.0,8193.0,8193.0,8193.0,8193.0,8193.0,8193.0,8193.0,8193.0,8193.0,8193.0,8193.0,8193.0,8193.0,8193.0,8193.0,8193.0,8193.0,8193.0,8193.0,8193.0,8193.0,8193.0,8193.0,8193.0,8193.0,8193.0,8193.0,8193.0,8193.0,8193.0,8193.0,8193.0,8193.0,8193.0,8193.0,8193.0,8193.0,8193.0,8193.0,8193.0,8193.0,8193.0,8193.0,8193.0,8193.0,8193.0,8193.0,8193.0,8193.0,8193.0,8193.0,8193.0,8193.0,8193.0,8193.0,8193.0,8193.0,8193.0,8193.0,8193.0,8193.0,8193.0,8193.0,8193.0,8193.0,8193.0,8193.0,8193.0,8193.0,8193.0,8193.0,8193.0,8193.0,8193.0,8193.0,8193.0,8193.0,8193.0,8193.0,8193.0,8193.0,8193.0,8193.0,8193.0,8193.0,8193.0,8193.0,8193.0,8193.0,8193.0,8193.0,8193.0,8193.0,8193.0,8193.0,8205.0,8305.0,8305.0,8305.0,8305.0,8305.0,8305.0,8305.0,8305.0,8305.0,8305.0,8305.0,8329.0,8419.0,8533.0,8653.0,8700.0,8715.0,8715.0,8715.0,8715.0,8715.0,8715.0,8715.0,8715.0,8715.0,8715.0,8715.0,8715.0,8715.0,8715.0,8715.0,8715.0,8715.0,8715.0,8736.0,8851.0,8972.0,9075.0,9184.0,9237.0,9237.0,9237.0,9237.0,9237.0,9237.0,9237.0,9237.0,9237.0,9237.0,9237.0,9237.0,9237.0,9237.0,9237.0,9237.0,9237.0,9237.0,9237.0,9237.0,9237.0,9237.0,9237.0,9237.0,9237.0,9237.0,9237.0,9237.0,9237.0,9237.0,9237.0,9237.0,9237.0,9237.0,9237.0,9237.0,9237.0,9237.0,9237.0,9237.0,9237.0,9237.0,9237.0,9237.0,9237.0,9237.0,9237.0,9237.0,9237.0,9237.0,9237.0,9237.0,9237.0,9237.0,9237.0,9237.0,9237.0,9237.0,9237.0,9237.0,9237.0,9237.0,9237.0,9237.0,9237.0,9237.0,9237.0,9237.0,9237.0,9237.0,9237.0,9237.0,9237.0,9237.0,9237.0,9237.0,9237.0,9237.0,9237.0,9237.0,9237.0,9237.0,9237.0,9237.0,9237.0,9237.0,9237.0,9237.0,9237.0,9237.0,9237.0,9237.0,9237.0,9237.0,9237.0,9237.0,9237.0,9237.0,9237.0,9237.0,9237.0,9237.0,9237.0,9237.0,9237.0,9237.0,9237.0,9237.0,9237.0,9237.0,9237.0,9237.0,9237.0,9237.0,9237.0,9237.0,9237.0,9237.0,9237.0,9237.0,9237.0,9237.0,9237.0,9237.0,9237.0,9237.0,9237.0,9237.0,9237.0,9237.0,9237.0,9237.0,9237.0,9237.0,9237.0,9237.0,9237.0,9237.0,9237.0,9237.0,9237.0,9237.0,9237.0,9237.0,9237.0,9237.0,9237.0,9237.0,9237.0,9237.0,9237.0,9237.0,9237.0,9237.0,9237.0,9237.0,9237.0,9237.0,9237.0,9237.0,9237.0,9237.0,9237.0,9237.0,9237.0,9237.0,9237.0,9237.0,9237.0,9237.0,9237.0,9237.0,9237.0,9237.0,9237.0,9237.0,9237.0,9237.0,9237.0,9237.0,9237.0,9237.0,9237.0,9237.0,9237.0,9237.0,9237.0,9237.0,9237.0,9237.0,9237.0,9237.0,9237.0,9237.0,9237.0,9237.0,9237.0,9237.0,9237.0,9237.0,9237.0,9237.0,9237.0,9237.0,9237.0,9237.0,9237.0,9237.0,9237.0,9237.0,9237.0,9237.0,9237.0,9237.0,9237.0,9237.0,9237.0,9237.0,9237.0,9237.0,9237.0,9237.0,9237.0,9237.0,9237.0,9237.0,9237.0,9237.0,9237.0,9237.0,9237.0,9237.0,9237.0,9237.0,9237.0,9237.0,9237.0,9237.0,9237.0,9237.0,9237.0,9237.0,9237.0,9237.0,9237.0,9237.0,9237.0,9237.0,9237.0,9237.0,9237.0,9237.0,9237.0,9237.0,9237.0,9237.0,9237.0,9237.0,9237.0,9237.0,9237.0,9237.0,9237.0,9237.0,9237.0,9237.0,9237.0,9237.0,9237.0,9237.0,9237.0,9237.0,9237.0,9237.0,9237.0,9237.0,9237.0,9237.0,9237.0,9237.0,9237.0,9237.0,9237.0,9237.0,9237.0,9237.0,9237.0,9237.0,9237.0,9237.0,9237.0,9237.0,9237.0,9237.0,9237.0,9237.0,9237.0,9237.0,9237.0,9237.0,9237.0,9237.0,9237.0,9237.0,9237.0,9237.0,9237.0,9237.0,9237.0,9237.0,9237.0,9237.0,9237.0,9237.0,9237.0,9237.0,9237.0,9237.0,9237.0,9237.0,9237.0,9237.0,9237.0,9237.0,9237.0,9237.0,9237.0,9237.0,9237.0,9237.0,9237.0,9237.0,9237.0,9237.0,9237.0,9255.0,9329.0,9329.0,9329.0,9329.0,9329.0,9347.0,9363.0,9435.0,9482.0,9487.0,9487.0,9518.0,9596.0,9599.0,9599.0,9599.0,9599.0,9599.0,9599.0,9599.0,9599.0,9599.0,9599.0,9599.0,9599.0,9599.0,9599.0,9599.0,9599.0,9599.0,9599.0,9599.0,9599.0,9599.0,9599.0,9599.0,9599.0,9599.0,9599.0,9599.0,9599.0,9599.0,9599.0,9599.0,9599.0,9599.0,9599.0,9599.0,9599.0,9599.0,9599.0,9599.0,9599.0,9599.0,9599.0,9599.0,9599.0,9599.0,9599.0,9599.0,9599.0,9599.0,9599.0,9599.0,9599.0,9599.0,9599.0,9599.0,9599.0,9599.0,9599.0,9599.0,9599.0,9599.0,9599.0,9599.0,9599.0,9599.0,9599.0,9599.0,9599.0,9599.0,9599.0,9599.0,9599.0,9599.0,9599.0,9599.0,9599.0,9599.0,9599.0,9599.0,9599.0,9599.0,9599.0,9599.0,9599.0,9599.0,9621.0,9621.0,9634.0,9660.0,9711.0,9788.0,9788.0,9788.0,9788.0,9788.0,9788.0,9788.0,9788.0,9788.0,9788.0,9788.0,9788.0,9788.0,9788.0,9869.0,9922.0,9951.0,9951.0,9951.0,9951.0,9951.0,9951.0,9951.0,9951.0,9951.0,9951.0,9951.0,9951.0,9951.0,9951.0,9951.0,9951.0,9951.0,9951.0,9951.0,9951.0,9951.0,9951.0,9951.0,9951.0,9951.0,9951.0,9951.0,9951.0,9951.0,9951.0,9951.0,9951.0,9951.0,9951.0,9951.0,9951.0,9951.0,9951.0,9951.0,9951.0,9951.0,9951.0,9951.0,9951.0,9951.0,9951.0,9951.0,9951.0,9951.0,9951.0,9951.0,9951.0,9951.0,9951.0,9951.0,9951.0,9951.0,9951.0,9951.0,9951.0,9951.0,9951.0,9951.0,9951.0,9951.0,9951.0,9951.0,9951.0,9951.0,9951.0,9951.0,9951.0,9951.0,9951.0,9951.0,9951.0,,,,,,,,,,,,,,,,,,,,,,,,,,,,,,,,,,,,,,,,,,,,,,,,,,,,,,,,,,,,,,,,,,,,,,,,,,,,,,,,,,,,,,,,,,,,,,,,,,,,,,,,,,,,,,,,,,,,,,,,,,,,,,,,,,,,,,,,,,,,,,,,,,,,,,,,,,
2018-05-19,ios,,,,,,,,,,,,,,,,,,,,,,,,,,,,,,,,,,,,,,,,,,,,,,,,,,,,,,,,,,,,,,,,,,,,,,,,,,,,,,,,,,,,,,,,,,,,,,,,,,,,,,,,,,,,,,,,,,,,,,,,,,,,,,,,,,,,,,,,,,,,,,,,,,,,,,,,,,,,,,,,,,,,,,,,,,,,,,,,,,,,,,,,,,,,,,,,,,,,,,,,,,,,,,,,,,,,,,,,,,,,,,,,,,,,,,,,,,,,,,,,,,,,,,,,,,,,,,,,,,,,,,,,,,,,,,,,,,,,,,,,,,,,,,,,,,,,,,,,,,,,,,,,,,,,,,,,,,,,,,,,,,8.0,38.0,72.0,114.0,143.0,143.0,143.0,232.0,356.0,482.0,596.0,720.0,730.0,740.0,740.0,740.0,740.0,740.0,740.0,740.0,740.0,740.0,740.0,740.0,740.0,740.0,740.0,740.0,740.0,740.0,740.0,740.0,740.0,740.0,740.0,740.0,740.0,740.0,740.0,740.0,740.0,740.0,740.0,740.0,740.0,740.0,740.0,740.0,740.0,740.0,740.0,765.0,854.0,936.0,1020.0,1052.0,1052.0,1054.0,1205.0,1388.0,1574.0,1754.0,1938.0,2100.0,2287.0,2474.0,2660.0,2846.0,2990.0,3125.0,3276.0,3294.0,3367.0,3478.0,3663.0,3846.0,4031.0,4218.0,4407.0,4588.0,4772.0,4958.0,5145.0,5329.0,5507.0,5696.0,5878.0,6059.0,6239.0,6403.0,6555.0,6726.0,6847.0,7000.0,7186.0,7315.0,7500.0,7688.0,7878.0,8067.0,8251.0,8439.0,8628.0,8813.0,9000.0,9185.0,9374.0,9558.0,9736.0,9923.0,10109.0,10282.0,10474.0,10659.0,10830.0,11019.0,11198.0,11381.0,11565.0,11745.0,11928.0,12113.0,12284.0,12462.0,12643.0,12820.0,12966.0,13088.0,13147.0,13248.0,13253.0,13309.0,13387.0,13417.0,13428.0,13428.0,13428.0,13455.0,13455.0,13455.0,13455.0,13455.0,13455.0,13455.0,13455.0,13455.0,13455.0,13455.0,13455.0,13455.0,13455.0,13455.0,13455.0,13455.0,13455.0,13455.0,13455.0,13455.0,13455.0,13455.0,13455.0,13455.0,13455.0,13455.0,13455.0,13455.0,13455.0,13455.0,13455.0,13455.0,13474.0,13474.0,13474.0,13474.0,13504.0,13511.0,13519.0,13519.0,13519.0,13519.0,13519.0,13519.0,13519.0,13519.0,13519.0,13519.0,13519.0,13519.0,13519.0,13519.0,13519.0,13519.0,13519.0,13519.0,13519.0,13519.0,13519.0,13519.0,13519.0,13519.0,13519.0,13519.0,13519.0,13519.0,13519.0,13519.0,13519.0,13519.0,13519.0,13519.0,13519.0,13519.0,13519.0,13519.0,13519.0,13519.0,13519.0,13519.0,13519.0,13519.0,13519.0,13519.0,13519.0,13519.0,13519.0,13519.0,13519.0,13519.0,13519.0,13519.0,13519.0,13519.0,13519.0,13519.0,13519.0,13519.0,13519.0,13519.0,13519.0,13519.0,13519.0,13519.0,13519.0,13519.0,13519.0,13519.0,13519.0,13519.0,13519.0,13519.0,13519.0,13519.0,13519.0,13519.0,13519.0,13519.0,13519.0,13519.0,13519.0,13519.0,13519.0,13519.0,13519.0,13519.0,13519.0,13519.0,13519.0,13519.0,13519.0,13519.0,13519.0,13519.0,13519.0,13519.0,13519.0,13519.0,13519.0,13519.0,13519.0,13519.0,13519.0,13519.0,13519.0,13519.0,13519.0,13519.0,13519.0,13519.0,13519.0,13519.0,13519.0,13519.0,13519.0,13519.0,13519.0,13519.0,13519.0,13519.0,13519.0,13519.0,13519.0,13519.0,13519.0,13519.0,13519.0,13519.0,13519.0,13519.0,13519.0,13519.0,13519.0,13519.0,13519.0,13519.0,13519.0,13519.0,13519.0,13519.0,13519.0,13519.0,13519.0,13519.0,13519.0,13519.0,13519.0,13519.0,13519.0,13519.0,13519.0,13519.0,13519.0,13519.0,13519.0,13519.0,13519.0,13519.0,13519.0,13519.0,13519.0,13519.0,13560.0,13563.0,13563.0,13563.0,13563.0,13563.0,13563.0,13563.0,13563.0,13575.0,13575.0,13575.0,13575.0,13575.0,13575.0,13576.0,13583.0,13583.0,13583.0,13583.0,13583.0,13583.0,13583.0,13583.0,13583.0,13583.0,13583.0,13583.0,13583.0,13583.0,13583.0,13583.0,13604.0,13604.0,13604.0,13604.0,13604.0,13604.0,13604.0,13604.0,13604.0,13604.0,13604.0,13604.0,13604.0,13604.0,13604.0,13604.0,13604.0,13604.0,13604.0,13604.0,13604.0,13604.0,13604.0,13604.0,13604.0,13604.0,13604.0,13604.0,13604.0,13604.0,13604.0,13604.0,13604.0,13604.0,13604.0,13604.0,13604.0,13604.0,13604.0,13604.0,13614.0,13653.0,13653.0,13653.0,13653.0,13653.0,13653.0,13661.0,13661.0,13661.0,13661.0,13661.0,13661.0,13667.0,13685.0,13685.0,13694.0,13703.0,13703.0,13703.0,13703.0,13703.0,13703.0,13703.0,13703.0,13703.0,13703.0,13703.0,13703.0,13703.0,13703.0,13703.0,13703.0,13703.0,13703.0,13703.0,13703.0,13703.0,13703.0,13703.0,13703.0,13703.0,13703.0,13703.0,13703.0,13733.0,13807.0,13830.0,13830.0,13830.0,13830.0,13830.0,13830.0,13830.0,13830.0,13830.0,13830.0,13830.0,13830.0,13830.0,13830.0,13830.0,13830.0,13830.0,13830.0,13830.0,13830.0,13830.0,13830.0,13830.0,13830.0,13830.0,13830.0,13830.0,13830.0,13830.0,13830.0,13830.0,13830.0,13830.0,13830.0,13830.0,13830.0,13830.0,13830.0,13830.0,13830.0,13830.0,13830.0,13830.0,13830.0,13830.0,13830.0,13830.0,13830.0,13830.0,13830.0,13830.0,13830.0,13830.0,13830.0,13830.0,13830.0,13830.0,13830.0,13830.0,13830.0,13830.0,13830.0,13830.0,13830.0,13830.0,13830.0,13830.0,13830.0,13830.0,13830.0,13830.0,13830.0,13830.0,13830.0,13830.0,13830.0,13830.0,13830.0,13830.0,13830.0,13830.0,13830.0,13830.0,13830.0,13830.0,13830.0,13830.0,13830.0,13830.0,13830.0,13830.0,13830.0,13830.0,13830.0,13830.0,13830.0,13830.0,13855.0,13855.0,13924.0,13968.0,13997.0,13997.0,13997.0,13997.0,13997.0,13997.0,13997.0,13997.0,13997.0,13997.0,13997.0,13997.0,13997.0,13997.0,13997.0,13997.0,13997.0,13997.0,13997.0,13997.0,13997.0,13997.0,13997.0,13997.0,13997.0,13997.0,13997.0,13997.0,13997.0,13997.0,13997.0,13997.0,13997.0,13997.0,13997.0,13997.0,13997.0,13997.0,13997.0,13997.0,13997.0,13997.0,13997.0,13997.0,13997.0,13997.0,13997.0,13997.0,13997.0,13997.0,13997.0,13997.0,13997.0,13997.0,13997.0,13997.0,13997.0,13997.0,13997.0,13997.0,13997.0,13997.0,13997.0,13997.0,13997.0,13997.0,13997.0,14058.0,14127.0,14144.0,14144.0,14144.0,14144.0,14144.0,14144.0,14144.0,14144.0,14144.0,14144.0,14144.0,14144.0,14144.0,14144.0,14144.0,14144.0,14144.0,14144.0,14144.0,14144.0,14144.0,14144.0,14144.0,14144.0,14144.0,14144.0,14144.0,14144.0,14144.0,14144.0,14144.0,14144.0,14144.0,14144.0,14144.0,14144.0,14144.0,14144.0,14144.0,14144.0,14144.0,14144.0,14144.0,14144.0,14144.0,14144.0,14144.0,14144.0,14144.0,14144.0,14144.0,14144.0,14144.0,14144.0,14144.0,14144.0,14144.0,14144.0,14144.0,14144.0,14144.0,14144.0,14144.0,14144.0,14144.0,14144.0,14144.0,14144.0,14144.0,14144.0,14144.0,14144.0,14144.0,14144.0,14144.0,14144.0,14144.0,14144.0,14144.0,14144.0,14144.0,14144.0,14144.0,14144.0,14144.0,14144.0,14144.0,14144.0,14144.0,14144.0,14144.0,14144.0,14144.0,14144.0,14144.0,14144.0,14144.0,14144.0,14144.0,14144.0,14144.0,14144.0,14144.0,14144.0,14144.0,14144.0,14144.0,14144.0,14144.0,14144.0,14144.0,14144.0,14144.0,14144.0,14144.0,14144.0,14144.0,14144.0,14144.0,14144.0,14144.0,14144.0,14144.0,14144.0,14144.0,14144.0,14144.0,14144.0,14144.0,14144.0,14144.0,14144.0,14144.0,14144.0,14144.0,14144.0,14144.0,14144.0,14144.0,14144.0,14144.0,14144.0,14144.0,14144.0,14144.0,14144.0,14144.0,14144.0,14144.0,14144.0,14144.0,14144.0,14144.0,14144.0,14144.0,14144.0,14144.0,14144.0,14144.0,14144.0,14144.0,14144.0,14144.0,14144.0,14144.0,14144.0,14144.0,14144.0,14144.0,14144.0,14144.0,14144.0,14144.0,14144.0,14144.0,14144.0,14144.0,14144.0,14144.0,14144.0,14144.0,14144.0,14144.0,14144.0,14144.0,14144.0,14144.0,14144.0,14144.0,14144.0,14144.0,14144.0,14144.0,14144.0,14144.0,14144.0,14144.0,14144.0,14144.0,14144.0,14144.0,14144.0,14144.0,14144.0,14144.0,14144.0,14144.0,14144.0,14144.0,14144.0,14144.0,14165.0,14165.0,14165.0,14165.0,14165.0,14165.0,14165.0,14165.0,14165.0,14165.0,14165.0,14165.0,14165.0,14165.0,14165.0,14165.0,14165.0,14165.0,14165.0,14165.0,14165.0,14165.0,14165.0,14165.0,14165.0,14165.0,14165.0,14165.0,14165.0,14165.0,14165.0,14165.0,14165.0,14165.0,14165.0,14165.0,14165.0,14165.0,14165.0,14165.0,14165.0,14165.0,14165.0,14165.0,14165.0,14165.0,14165.0,14165.0,14165.0,14165.0,14165.0,14165.0,14165.0,14165.0,14165.0,14165.0,14165.0,14165.0,14165.0,14165.0,14165.0,14165.0,14165.0,14165.0,14165.0,14165.0,14165.0,14165.0,14165.0,14165.0,14165.0,14165.0,14165.0,14165.0,14165.0,14165.0,14165.0,14165.0,14165.0,14165.0,14165.0,14165.0,14165.0,14165.0,14165.0,14165.0,14165.0,14165.0,14165.0,14165.0,14165.0,14165.0,14165.0,14165.0,,,,,,,,,,,,,,,,,,,,,,,,,,,,,,,,,,,,,,,,,,,,,,,,,,,,,,,,,,,,,,,,,,,,,,,,,,,,,,,,,,,,,,,,,,,,,,,,,,,,,,,,,,,,,,,,,,,,,,,,,,,,,,,,,,,,,,,,,,,,,,,,,,,,,,,,,,,,,,,,,,,,,,,,,,,,,,,,,,,,,,,,,
2018-05-20,ios,,,,,,,,,,,,,,,,,,,,,,,,,,,,,,,,,,,,,,,,,,,,,,,,,,,,,,,,,,,,,,,,,,,,,,,,,,,,,,,,,,,,,,,,,,,,,,,,,,,,,,,,,,,,,,,,,,,,,,,,,,,,,,,,,,,,,,,,,,,,,,,,,,,,,,,,,,,,,,,,,,,,,,,,,,,,,,,,,,,,,,,,,,,,,,,,,,,,,,,,,,,,,,,,,,,,,,,,,,,,,,,,,,,,,,,,,,,,,,,,,,,,,,,,,,,,,,,,,,,,,,,,,,,,,,,,,,,,,,,,,,,,,,,,,,,,,,,,,,,,,,,,,,,,,,,,,,,,,,,,,,,,,,,,,,,,,,,,,,,,,,,,,,,,,,,,,,,,,,,,,,,,,,,,,,,,,,,,,,,,,,,,,,,,,,,,,,,,,,,,,,,,,,,,,,,,,,,,,,,,,,,,,,,,,,,,,,,,,,,,,,,,,,,,,,,,,,,,,,,,,,,,,,,,,,,,,,,,,,,,,,,,,,,,,,,,,,,,,,,,,,,,,,,,,,,,,,,16.0,22.0,22.0,22.0,22.0,22.0,22.0,22.0,22.0,22.0,22.0,22.0,22.0,22.0,22.0,22.0,22.0,22.0,22.0,22.0,22.0,22.0,22.0,22.0,32.0,32.0,32.0,32.0,32.0,32.0,43.0,44.0,65.0,65.0,80.0,104.0,145.0,231.0,300.0,301.0,301.0,301.0,301.0,301.0,301.0,301.0,301.0,301.0,301.0,301.0,301.0,301.0,301.0,301.0,301.0,301.0,301.0,301.0,301.0,301.0,301.0,301.0,301.0,301.0,301.0,301.0,301.0,301.0,301.0,301.0,301.0,301.0,301.0,301.0,301.0,301.0,301.0,301.0,301.0,301.0,301.0,301.0,301.0,301.0,301.0,301.0,301.0,301.0,301.0,301.0,301.0,301.0,301.0,301.0,301.0,301.0,301.0,301.0,301.0,301.0,301.0,301.0,301.0,301.0,301.0,301.0,301.0,301.0,301.0,301.0,301.0,301.0,301.0,301.0,301.0,301.0,301.0,301.0,301.0,301.0,301.0,301.0,301.0,301.0,301.0,316.0,360.0,360.0,360.0,360.0,360.0,360.0,360.0,360.0,360.0,360.0,360.0,360.0,360.0,360.0,360.0,360.0,360.0,360.0,360.0,360.0,360.0,360.0,360.0,360.0,360.0,360.0,360.0,360.0,360.0,360.0,360.0,360.0,370.0,370.0,370.0,370.0,370.0,370.0,370.0,370.0,370.0,370.0,370.0,370.0,370.0,370.0,370.0,370.0,370.0,370.0,370.0,370.0,370.0,370.0,370.0,370.0,370.0,370.0,370.0,370.0,370.0,370.0,378.0,435.0,537.0,625.0,625.0,643.0,643.0,643.0,643.0,643.0,643.0,643.0,643.0,643.0,643.0,643.0,643.0,643.0,643.0,643.0,643.0,643.0,643.0,643.0,643.0,643.0,643.0,643.0,643.0,643.0,643.0,643.0,643.0,643.0,643.0,643.0,643.0,643.0,643.0,643.0,643.0,643.0,643.0,643.0,643.0,643.0,643.0,643.0,643.0,643.0,643.0,643.0,643.0,643.0,643.0,643.0,643.0,643.0,643.0,643.0,643.0,643.0,643.0,643.0,643.0,643.0,643.0,643.0,643.0,643.0,643.0,643.0,643.0,643.0,643.0,643.0,643.0,643.0,643.0,643.0,643.0,643.0,643.0,643.0,643.0,643.0,643.0,643.0,643.0,643.0,643.0,643.0,643.0,643.0,643.0,643.0,643.0,643.0,643.0,643.0,643.0,643.0,643.0,643.0,643.0,643.0,643.0,643.0,643.0,643.0,643.0,643.0,643.0,643.0,643.0,643.0,643.0,643.0,643.0,643.0,643.0,643.0,643.0,643.0,643.0,643.0,643.0,643.0,643.0,643.0,643.0,643.0,643.0,643.0,643.0,643.0,643.0,643.0,643.0,643.0,643.0,643.0,643.0,643.0,643.0,643.0,643.0,643.0,643.0,643.0,643.0,643.0,698.0,698.0,698.0,698.0,731.0,842.0,904.0,954.0,994.0,994.0,994.0,994.0,994.0,994.0,994.0,994.0,994.0,994.0,994.0,994.0,994.0,994.0,994.0,994.0,994.0,994.0,994.0,994.0,994.0,994.0,994.0,994.0,994.0,994.0,994.0,994.0,994.0,994.0,994.0,994.0,994.0,994.0,994.0,994.0,994.0,994.0,994.0,994.0,994.0,994.0,994.0,994.0,994.0,994.0,994.0,994.0,994.0,994.0,994.0,994.0,994.0,994.0,994.0,994.0,1033.0,1099.0,1161.0,1178.0,1179.0,1179.0,1179.0,1179.0,1179.0,1179.0,1179.0,1179.0,1179.0,1179.0,1179.0,1179.0,1179.0,1179.0,1179.0,1179.0,1179.0,1179.0,1179.0,1179.0,1179.0,1179.0,1179.0,1200.0,1208.0,1222.0,1273.0,1362.0,1530.0,1602.0,1788.0,1898.0,2081.0,2275.0,2454.0,2655.0,2776.0,2972.0,3175.0,3374.0,3568.0,3746.0,3916.0,4063.0,4259.0,4441.0,4563.0,4758.0,4953.0,5147.0,5337.0,5531.0,5709.0,5759.0,5759.0,5759.0,5763.0,5787.0,5795.0,5795.0,5826.0,5826.0,5826.0,5826.0,5891.0,6068.0,6261.0,6413.0,6528.0,6697.0,6857.0,7031.0,7177.0,7289.0,7412.0,7501.0,7518.0,7674.0,7866.0,8058.0,8244.0,8435.0,8625.0,8806.0,8995.0,9182.0,9365.0,9541.0,9729.0,9853.0,9894.0,9947.0,10059.0,10133.0,10133.0,10133.0,10152.0,10223.0,10251.0,10254.0,10254.0,10254.0,10254.0,10254.0,10254.0,10254.0,10305.0,10305.0,10305.0,10333.0,10427.0,10534.0,10641.0,10738.0,10840.0,10945.0,11044.0,11151.0,11235.0,11336.0,11442.0,11556.0,11659.0,11765.0,11865.0,11972.0,12081.0,12174.0,12287.0,12388.0,12388.0,12437.0,12547.0,12640.0,12751.0,12863.0,12864.0,12864.0,12864.0,12864.0,12864.0,12864.0,12864.0,12864.0,12864.0,12864.0,12864.0,12864.0,12864.0,12864.0,12864.0,12864.0,12864.0,12864.0,12864.0,12864.0,12864.0,12864.0,12864.0,12864.0,12864.0,12864.0,12864.0,12864.0,12864.0,12864.0,12864.0,12864.0,12864.0,12864.0,12864.0,12864.0,12864.0,12864.0,12864.0,12864.0,12864.0,12864.0,12864.0,12864.0,12864.0,12864.0,12864.0,12864.0,12864.0,12864.0,12864.0,12864.0,12864.0,12864.0,12864.0,12864.0,12864.0,12864.0,12864.0,12864.0,12864.0,12864.0,12864.0,12864.0,12864.0,12864.0,12864.0,12864.0,12864.0,12864.0,12864.0,12864.0,12864.0,12864.0,12864.0,12864.0,12864.0,12864.0,12864.0,12864.0,12864.0,12864.0,12864.0,12864.0,12864.0,12864.0,12864.0,12864.0,12864.0,12864.0,12864.0,12864.0,12864.0,12864.0,12864.0,12864.0,12864.0,12864.0,12864.0,12864.0,12864.0,12864.0,12864.0,12864.0,12864.0,12864.0,12864.0,12864.0,12864.0,12864.0,12864.0,12864.0,12864.0,12864.0,12864.0,12864.0,12864.0,12864.0,12864.0,12864.0,12864.0,12864.0,12864.0,12864.0,12864.0,12864.0,12864.0,12874.0,12957.0,13054.0,13154.0,13250.0,13356.0,13461.0,13485.0,13485.0,13485.0,13485.0,13514.0,13524.0,13572.0,13599.0,13599.0,13599.0,13599.0,13599.0,13599.0,13599.0,13599.0,13636.0,13658.0,13744.0,13842.0,13942.0,14041.0,14142.0,14238.0,14335.0,14435.0,14533.0,14631.0,14720.0,14819.0,14914.0,15009.0,15105.0,15203.0,15298.0,15350.0,15395.0,15395.0,15395.0,15395.0,15395.0,15395.0,15395.0,15395.0,15395.0,15408.0,15408.0,15408.0,15408.0,15408.0,15408.0,15408.0,15408.0,15408.0,15408.0,15408.0,15408.0,15408.0,15408.0,15408.0,15408.0,15408.0,15408.0,15408.0,15408.0,15408.0,15408.0,15408.0,15408.0,15408.0,15408.0,15408.0,15408.0,15408.0,15408.0,15408.0,15408.0,15408.0,15408.0,15408.0,15408.0,15408.0,15408.0,15408.0,15408.0,15408.0,15408.0,15408.0,15408.0,15408.0,15408.0,15408.0,15408.0,15408.0,15408.0,15408.0,15408.0,15408.0,15408.0,15408.0,15408.0,15408.0,15408.0,15416.0,15416.0,15416.0,15416.0,15416.0,15416.0,15416.0,15416.0,15416.0,,,,,,,,,,,,,,,,,,,,,,,,,,,,,,,,,,,,,,,,,,,,,,,,,,,,,,,,,,,,,,,,,,,,,,,,,,,,,,,,,,,,,,,,,,,,,,,,,,,,,,,,,,,,,,,,,,,,,,,,,,,,,,,,,,,,,,,,,
2018-05-22,ios,,,,,,,,,,,,,,,,,,,,,,,,,,,,,,,,,,,,,,,,,,,,,,,,,,,,,,,,,,,,,,,,,,,,,,,,,,,,,,,,,,,,,,,,,,,,,,,,,,,,,,,,,,,,,,,,,,,,,,,,,,,,,,,,,,,,,,,,,,,,,,,,,,,,,,,,,,,,,,,,,,,,,,,,,,,,,,,,,,,,,,,,,,,,,,,,,,,,,,,,,,,,,,,,,,,,,,,,,,,,,,,,,,,,,,,,,,,,,,,,,,,,,,,,,,,,,,,,,,,,,,,,,,,,,,,,,,,,,,,,,,,,,,,,,,,,,,,,,,,,,,,,,,,,,,,,,,,,,,,,,,,,,,,,,,,,,,,,,,,,,,,,,,,,,,,,,,,,,,,,,,,,,,,,,,,,,,,,,,,,,,,,,,,,,,,,,,,,,,,,,,,,,,,,,,,,,,,,,,,,,,,,,,,,,,,,,,,,,,,,,,,,,,,12.0,13.0,13.0,13.0,13.0,13.0,13.0,13.0,13.0,28.0,29.0,29.0,29.0,29.0,29.0,29.0,29.0,29.0,29.0,29.0,29.0,29.0,29.0,29.0,29.0,43.0,43.0,43.0,43.0,43.0,43.0,43.0,43.0,43.0,43.0,43.0,43.0,43.0,43.0,43.0,43.0,43.0,43.0,43.0,43.0,43.0,43.0,43.0,43.0,43.0,43.0,43.0,43.0,43.0,100.0,166.0,267.0,391.0,493.0,607.0,727.0,843.0,971.0,1099.0,1222.0,1350.0,1367.0,1437.0,1562.0,1689.0,1815.0,1938.0,2046.0,2172.0,2285.0,2408.0,2534.0,2654.0,2777.0,2857.0,2868.0,2868.0,2868.0,2868.0,2868.0,2868.0,2868.0,2868.0,2868.0,2868.0,2868.0,2868.0,2868.0,2868.0,2868.0,2868.0,2868.0,2868.0,2868.0,2868.0,2868.0,2868.0,2868.0,2868.0,2868.0,2868.0,2868.0,2868.0,2868.0,2868.0,2868.0,2868.0,2868.0,2868.0,2868.0,2868.0,2868.0,2868.0,2868.0,2868.0,2868.0,2868.0,2868.0,2868.0,2868.0,2868.0,2868.0,2868.0,2868.0,2868.0,2868.0,2868.0,2868.0,2868.0,2868.0,2868.0,2868.0,2868.0,2868.0,2868.0,2868.0,2868.0,2868.0,2868.0,2868.0,2868.0,2868.0,2868.0,2868.0,2868.0,2868.0,2868.0,2868.0,2868.0,2868.0,2868.0,2868.0,2868.0,2868.0,2868.0,2868.0,2868.0,2868.0,2868.0,2868.0,2868.0,2868.0,2868.0,2868.0,2868.0,2868.0,2868.0,2868.0,2868.0,2868.0,2868.0,2868.0,2868.0,2868.0,2868.0,2868.0,2868.0,2868.0,2868.0,2868.0,2868.0,2868.0,2868.0,2868.0,2868.0,2868.0,2868.0,2868.0,2868.0,2868.0,2868.0,2868.0,2868.0,2868.0,2868.0,2868.0,2868.0,2868.0,2868.0,2868.0,2868.0,2868.0,2868.0,2868.0,2868.0,2868.0,2868.0,2868.0,2868.0,2868.0,2868.0,2868.0,2868.0,2868.0,2868.0,2868.0,2868.0,2868.0,2868.0,2868.0,2868.0,2868.0,2868.0,2938.0,3070.0,3204.0,3249.0,3268.0,3368.0,3474.0,3603.0,3731.0,3857.0,3980.0,4109.0,4230.0,4358.0,4484.0,4608.0,4729.0,4853.0,4989.0,5114.0,5229.0,5239.0,5239.0,5239.0,5239.0,5239.0,5239.0,5239.0,5319.0,5452.0,5576.0,5697.0,5803.0,5894.0,5905.0,5905.0,5905.0,5905.0,5905.0,5905.0,5905.0,5905.0,5905.0,5923.0,5927.0,5927.0,5927.0,5927.0,5927.0,5927.0,5927.0,5927.0,5927.0,5927.0,5927.0,5927.0,5927.0,5927.0,5927.0,5927.0,5927.0,5927.0,5927.0,5927.0,5927.0,5927.0,5927.0,5927.0,5927.0,5927.0,5927.0,5927.0,5927.0,5927.0,5927.0,5927.0,5927.0,5927.0,5927.0,5927.0,5927.0,5927.0,5950.0,5973.0,5986.0,5986.0,5986.0,6010.0,6111.0,6236.0,6364.0,6500.0,6627.0,6763.0,6892.0,7020.0,7149.0,7278.0,7412.0,7539.0,7667.0,7795.0,7923.0,8041.0,8167.0,8256.0,8256.0,8256.0,8256.0,8256.0,8256.0,8256.0,8256.0,8256.0,8256.0,8256.0,8256.0,8256.0,8256.0,8256.0,8256.0,8256.0,8256.0,8256.0,8256.0,8256.0,8256.0,8256.0,8256.0,8256.0,8256.0,8256.0,8256.0,8256.0,8256.0,8256.0,8256.0,8256.0,8256.0,8256.0,8256.0,8256.0,8256.0,8256.0,8256.0,8256.0,8256.0,8256.0,8256.0,8256.0,8256.0,8256.0,8256.0,8256.0,8256.0,8256.0,8256.0,8256.0,8256.0,8256.0,8256.0,8256.0,8256.0,8256.0,8256.0,8256.0,8256.0,8256.0,8256.0,8256.0,8256.0,8256.0,8256.0,8256.0,8256.0,8256.0,8256.0,8256.0,8256.0,8256.0,8256.0,8256.0,8256.0,8256.0,8256.0,8256.0,8256.0,8256.0,8256.0,8256.0,8256.0,8256.0,8256.0,8256.0,8256.0,8256.0,8256.0,8256.0,8256.0,8256.0,8256.0,8256.0,8256.0,8256.0,8256.0,8256.0,8256.0,8256.0,8256.0,8256.0,8256.0,8256.0,8256.0,8256.0,8256.0,8256.0,8256.0,8256.0,8256.0,8256.0,8256.0,8256.0,8256.0,8256.0,8256.0,8256.0,8256.0,8256.0,8256.0,8256.0,8256.0,8256.0,8256.0,8256.0,8256.0,8256.0,8256.0,8256.0,8256.0,8256.0,8256.0,8256.0,8256.0,8256.0,8256.0,8256.0,8256.0,8256.0,8256.0,8256.0,8256.0,8256.0,8256.0,8256.0,8256.0,8256.0,8256.0,8256.0,8256.0,8256.0,8256.0,8256.0,8256.0,8256.0,8256.0,8256.0,8256.0,8256.0,8256.0,8256.0,8256.0,8256.0,8256.0,8256.0,8256.0,8256.0,8256.0,8256.0,8256.0,8256.0,8256.0,8256.0,8256.0,8256.0,8256.0,8256.0,8256.0,8256.0,8256.0,8256.0,8256.0,8256.0,8256.0,8256.0,8256.0,8256.0,8256.0,8256.0,8256.0,8256.0,8256.0,8256.0,8256.0,8256.0,8256.0,8256.0,8256.0,8256.0,8256.0,8256.0,8256.0,8256.0,8256.0,8256.0,8256.0,8256.0,8256.0,8256.0,8256.0,8256.0,8256.0,8256.0,8256.0,8256.0,8256.0,8256.0,8256.0,8256.0,8256.0,8256.0,8256.0,8256.0,8256.0,8256.0,8256.0,8256.0,8256.0,8256.0,8256.0,8256.0,8256.0,8256.0,8256.0,8256.0,8256.0,8256.0,8256.0,8256.0,8256.0,8256.0,8256.0,8256.0,8256.0,8256.0,8256.0,8256.0,8256.0,8256.0,8256.0,8256.0,8256.0,8256.0,8256.0,8256.0,8256.0,8256.0,8256.0,8256.0,8256.0,8256.0,8256.0,8256.0,8256.0,8256.0,8256.0,8256.0,8256.0,8256.0,8256.0,8256.0,8256.0,8256.0,8256.0,8256.0,8256.0,8256.0,8256.0,8256.0,8256.0,8297.0,8417.0,8532.0,8640.0,8713.0,8713.0,8713.0,8713.0,8713.0,8713.0,8713.0,8713.0,8713.0,8713.0,8713.0,8713.0,8713.0,8713.0,8713.0,8713.0,8760.0,8837.0,8936.0,9031.0,9133.0,9246.0,9331.0,9338.0,9338.0,9338.0,9338.0,9338.0,9338.0,9338.0,9338.0,9338.0,9338.0,9338.0,9338.0,9338.0,9338.0,9338.0,9338.0,9338.0,9338.0,9338.0,9338.0,9338.0,9338.0,9338.0,9338.0,9338.0,9338.0,9338.0,9338.0,9338.0,9338.0,9338.0,9338.0,9338.0,9338.0,9338.0,9338.0,9338.0,9338.0,9338.0,9338.0,9338.0,9338.0,9338.0,9338.0,9338.0,9338.0,9338.0,9338.0,9338.0,9338.0,9338.0,9338.0,9362.0,9474.0,9651.0,9828.0,10003.0,10183.0,10361.0,10528.0,10696.0,10872.0,11051.0,11227.0,11406.0,11575.0,11737.0,11905.0,12077.0,12241.0,12418.0,12593.0,12730.0,12900.0,13078.0,13256.0,13433.0,13552.0,13729.0,13906.0,14077.0,14255.0,14434.0,14567.0,14673.0,14843.0,15023.0,15201.0,15382.0,15561.0,15741.0,15856.0,15991.0,16173.0,16353.0,16528.0,16701.0,16884.0,17068.0,17249.0,17433.0,17615.0,17797.0,17976.0,18144.0,18321.0,18501.0,18683.0,18864.0,19031.0,19207.0,19383.0,19566.0,19748.0,19925.0,20106.0,20283.0,20450.0,20630.0,20807.0,20903.0,20977.0,20980.0,21000.0,21000.0,21000.0,21000.0,21000.0,21000.0,21000.0,21000.0,21000.0,21000.0,21000.0,21000.0,21000.0,,,,,,,,,,,,,,,,,,,,,,,,,,,,,,,,,,,,,,,,,,,,,,,,,,,,,,,,,,,,,,,,,,,,,,,,,,,,,,,,,,,,,,,,,,,,,,,,,,,,,,,,,,,,,,,,,,,,,,,,,,,,,,,,,,,,,,,,,,,,,,,,,,,,,,,,,,,,,,,,,,,,,,,,,,,,,,,,,,,,,,,,,,,,,,,,,,,,,,,,,,,,,,,,,,,,,,
2018-05-24,ios,,,,,,,,,,,,,,,,,,,,,,,,,,,,,,,,,,,,,,,,,,,,,,,,,,,,,,,,,,,,,,,,,,,,,,,,,,,,,,,,,,,,,,,,,,,,,,,,,,,,,,,,,,,,,,,,,,,,,,,,,,,,,,,,,,,,,,,,,,,,,,,,,,,,,,,,,,,,,,,,,,,,,,,,,,,,,,,,,,,,,,,,,,,,,,,,,,,,,,,,,,,,,,,,,,,,,,,,,,,,,,,,,,,,,,,,,,,,,,,,,,,,,,,,,,,,,,,,,,,,,,,,,,,,,,,,,,,,,,,,,,,,,,,,,,,,,,,,,,,,,,,,,,,,,,,,,,,,,,,,,,,,,,,,,,,,,,,,,,,,,,,,,,,,,,,,,,,,,,,,,,,,,,,,,,,,,,,,,,,,,,,,,,,,,,,,,,,,,,,,,,,,,,,,,,,,,,,,,,,,,,,,,,,,,,,,,,,,,,,,,,,,,,,,,,,,7.0,20.0,20.0,20.0,20.0,20.0,20.0,20.0,20.0,20.0,20.0,20.0,20.0,20.0,20.0,20.0,20.0,20.0,20.0,20.0,20.0,20.0,20.0,44.0,44.0,44.0,44.0,44.0,44.0,44.0,44.0,44.0,44.0,44.0,44.0,44.0,44.0,44.0,44.0,44.0,44.0,44.0,81.0,81.0,81.0,81.0,81.0,160.0,219.0,295.0,415.0,530.0,651.0,764.0,871.0,990.0,1110.0,1229.0,1350.0,1471.0,1526.0,1570.0,1691.0,1809.0,1923.0,2038.0,2148.0,2262.0,2377.0,2488.0,2591.0,2705.0,2816.0,2925.0,3033.0,3143.0,3245.0,3256.0,3256.0,3256.0,3256.0,3256.0,3256.0,3256.0,3256.0,3256.0,3256.0,3256.0,3256.0,3256.0,3256.0,3256.0,3256.0,3256.0,3256.0,3256.0,3256.0,3256.0,3256.0,3256.0,3256.0,3256.0,3256.0,3256.0,3256.0,3256.0,3256.0,3256.0,3256.0,3256.0,3256.0,3256.0,3256.0,3256.0,3256.0,3256.0,3256.0,3256.0,3256.0,3256.0,3256.0,3256.0,3256.0,3256.0,3256.0,3256.0,3256.0,3256.0,3256.0,3256.0,3256.0,3256.0,3256.0,3256.0,3256.0,3256.0,3256.0,3256.0,3256.0,3256.0,3256.0,3256.0,3256.0,3256.0,3256.0,3256.0,3256.0,3256.0,3256.0,3256.0,3256.0,3256.0,3256.0,3256.0,3256.0,3256.0,3256.0,3256.0,3256.0,3256.0,3256.0,3256.0,3256.0,3256.0,3256.0,3256.0,3256.0,3256.0,3256.0,3256.0,3256.0,3256.0,3256.0,3256.0,3256.0,3256.0,3256.0,3256.0,3256.0,3256.0,3256.0,3256.0,3256.0,3256.0,3256.0,3256.0,3256.0,3256.0,3256.0,3256.0,3256.0,3256.0,3256.0,3256.0,3256.0,3256.0,3256.0,3256.0,3256.0,3256.0,3256.0,3256.0,3256.0,3256.0,3256.0,3338.0,3467.0,3594.0,3720.0,3849.0,3973.0,4088.0,4216.0,4309.0,4405.0,4522.0,4646.0,4772.0,4895.0,5011.0,5133.0,5249.0,5367.0,5480.0,5600.0,5710.0,5764.0,5781.0,5781.0,5807.0,5924.0,6034.0,6089.0,6200.0,6289.0,6401.0,6466.0,6466.0,6466.0,6466.0,6466.0,6466.0,6466.0,6466.0,6466.0,6505.0,6549.0,6663.0,6780.0,6885.0,7005.0,7125.0,7231.0,7343.0,7449.0,7562.0,7634.0,7744.0,7857.0,7950.0,8069.0,8185.0,8284.0,8331.0,8437.0,8553.0,8668.0,8783.0,8899.0,9013.0,9131.0,9242.0,9309.0,9358.0,9463.0,9579.0,9690.0,9807.0,9832.0,9832.0,9840.0,9862.0,9968.0,10004.0,10041.0,10041.0,10041.0,10153.0,10261.0,10372.0,10476.0,10592.0,10707.0,10820.0,10897.0,10906.0,10906.0,10906.0,10906.0,10906.0,10906.0,10906.0,10906.0,10906.0,10906.0,10906.0,10906.0,10906.0,10906.0,10906.0,10906.0,10906.0,10906.0,10906.0,10906.0,10906.0,10906.0,10906.0,10906.0,10906.0,10906.0,10906.0,10906.0,10906.0,10906.0,10906.0,10906.0,10906.0,10906.0,10906.0,10906.0,10906.0,10906.0,10906.0,10906.0,10906.0,10906.0,10906.0,10906.0,10906.0,10906.0,10906.0,10906.0,10906.0,10906.0,10906.0,10906.0,10906.0,10906.0,10906.0,10906.0,10906.0,10906.0,10906.0,10906.0,10906.0,10906.0,10906.0,10906.0,10906.0,10906.0,10906.0,10906.0,10906.0,10906.0,10906.0,10906.0,10906.0,10906.0,10906.0,10906.0,10906.0,10906.0,10906.0,10906.0,10906.0,10906.0,10906.0,10906.0,10906.0,10906.0,10906.0,10906.0,10927.0,10934.0,10934.0,11005.0,11123.0,11238.0,11357.0,11473.0,11594.0,11712.0,11831.0,11947.0,12064.0,12178.0,12292.0,12404.0,12498.0,12593.0,12670.0,12684.0,12684.0,12684.0,12684.0,12684.0,12684.0,12684.0,12699.0,12699.0,12699.0,12699.0,12699.0,12699.0,12699.0,12699.0,12699.0,12699.0,12699.0,12699.0,12699.0,12699.0,12699.0,12699.0,12699.0,12699.0,12699.0,12699.0,12699.0,12699.0,12699.0,12699.0,12699.0,12778.0,12873.0,12958.0,13063.0,13175.0,13285.0,13395.0,13509.0,13625.0,13734.0,13829.0,13859.0,13867.0,13889.0,13905.0,13936.0,13936.0,13936.0,13937.0,14006.0,14117.0,14201.0,14201.0,14201.0,14201.0,14201.0,14201.0,14201.0,14201.0,14201.0,14201.0,14201.0,14201.0,14201.0,14201.0,14201.0,14201.0,14201.0,14201.0,14201.0,14201.0,14201.0,14201.0,14201.0,14201.0,14201.0,14201.0,14201.0,14201.0,14201.0,14201.0,14201.0,14201.0,14201.0,14201.0,14201.0,14201.0,14201.0,14201.0,14201.0,14201.0,14201.0,14201.0,14201.0,14201.0,14201.0,14201.0,14201.0,14201.0,14201.0,14201.0,14201.0,14201.0,14201.0,14201.0,14201.0,14201.0,14201.0,14201.0,14201.0,14201.0,14201.0,14201.0,14201.0,14201.0,14201.0,14201.0,14201.0,14201.0,14201.0,14201.0,14201.0,14201.0,14201.0,14201.0,14201.0,14201.0,14201.0,14201.0,14201.0,14201.0,14201.0,14201.0,14201.0,14201.0,14201.0,14201.0,14201.0,14201.0,14201.0,14201.0,14201.0,14201.0,14201.0,14201.0,14201.0,14201.0,14201.0,14201.0,14201.0,14201.0,14201.0,14201.0,14201.0,14201.0,14201.0,14201.0,14201.0,14201.0,14201.0,14201.0,14201.0,14201.0,14201.0,14201.0,14201.0,14201.0,14201.0,14201.0,14201.0,14201.0,14201.0,14201.0,14201.0,14201.0,14201.0,14201.0,14201.0,14201.0,14201.0,14201.0,14201.0,14201.0,14201.0,14201.0,14201.0,14201.0,14201.0,14201.0,14201.0,14201.0,14201.0,14201.0,14201.0,14201.0,14201.0,14201.0,14201.0,14201.0,14201.0,14201.0,14201.0,14201.0,14201.0,14201.0,14201.0,14201.0,14201.0,14201.0,14201.0,14201.0,14201.0,14201.0,14201.0,14201.0,14201.0,14201.0,14201.0,14201.0,14201.0,14201.0,14201.0,14201.0,14201.0,14201.0,14201.0,14201.0,14201.0,14201.0,14201.0,14201.0,14201.0,14201.0,14201.0,14201.0,14201.0,14201.0,14201.0,14201.0,14201.0,14201.0,14201.0,14201.0,14201.0,14201.0,14201.0,14201.0,14201.0,14201.0,14201.0,14201.0,14201.0,14201.0,14275.0,14368.0,14447.0,14549.0,14657.0,14763.0,14867.0,14969.0,15080.0,15179.0,15191.0,15217.0,15217.0,15217.0,15217.0,15217.0,15217.0,15217.0,15217.0,15217.0,15217.0,15217.0,15217.0,15217.0,15217.0,15313.0,15430.0,15550.0,15588.0,15650.0,15661.0,15776.0,15891.0,16006.0,16122.0,16235.0,16348.0,16438.0,16522.0,16636.0,16737.0,16835.0,16949.0,17050.0,17156.0,17268.0,17364.0,17461.0,17573.0,17687.0,17799.0,17905.0,17991.0,18004.0,18004.0,18004.0,18004.0,18031.0,18032.0,18032.0,18032.0,18032.0,18032.0,18032.0,18032.0,18057.0,18143.0,18192.0,18192.0,18203.0,18213.0,18223.0,18223.0,18240.0,18240.0,18288.0,18408.0,18590.0,18768.0,18944.0,19120.0,19299.0,19484.0,19667.0,19847.0,20029.0,20211.0,20394.0,20576.0,20751.0,20926.0,21106.0,21286.0,21467.0,21647.0,21827.0,22004.0,22163.0,22335.0,22513.0,22694.0,22872.0,23053.0,23233.0,23408.0,23583.0,23760.0,23934.0,24112.0,24282.0,24453.0,24632.0,24810.0,24988.0,25165.0,25341.0,25518.0,25685.0,25825.0,26004.0,26183.0,26355.0,26527.0,26699.0,26814.0,26856.0,26890.0,26890.0,26890.0,26890.0,26890.0,26890.0,26890.0,26890.0,26890.0,26890.0,26890.0,26890.0,26890.0,26890.0,26890.0,26890.0,26890.0,26890.0,26890.0,26890.0,26890.0,26890.0,26890.0,26890.0,26890.0,26890.0,26906.0,27002.0,27041.0,27041.0,27041.0,27041.0,27041.0,27041.0,27041.0,27041.0,27041.0,27080.0,27176.0,27241.0,27253.0,27253.0,27253.0,27275.0,27335.0,27354.0,27354.0,27354.0,27354.0,27354.0,27385.0,27416.0,27476.0,27476.0,27476.0,27476.0,27476.0,27476.0,27476.0,27476.0,27476.0,27476.0,27476.0,27476.0,27476.0,27476.0,27476.0,27476.0,27476.0,27476.0,27488.0,27550.0,27654.0,27739.0,27746.0,27746.0,27746.0,27746.0,27746.0,27746.0,27746.0,27746.0,27746.0,27746.0,27746.0,27746.0,27746.0,27746.0,27746.0,27746.0,27746.0,27746.0,27746.0,27746.0,27746.0,27746.0,27746.0,27746.0,27746.0,27746.0,27746.0,27746.0,27746.0,27746.0,27746.0,27746.0,27746.0,27746.0,27746.0,27746.0,27746.0,27746.0,27746.0,27746.0,27746.0,27746.0,27746.0,27746.0,27746.0,27746.0,27746.0,27746.0,27746.0,27746.0,27746.0,27746.0,27746.0,27746.0,27746.0,27746.0,27746.0,27746.0,27746.0,27746.0,27746.0,27746.0,27746.0,27746.0,27746.0,27746.0,27746.0,27746.0,27746.0,27746.0,27746.0,27746.0,27746.0,27746.0,27746.0,27746.0,27746.0,27746.0,27746.0,27746.0,27782.0,27782.0,27782.0,27782.0,27782.0,27782.0,27782.0,27782.0,27782.0,27782.0,27782.0,27782.0,27782.0,27782.0,27782.0,27782.0,27782.0,27782.0,27782.0,27782.0,27782.0,27782.0,27782.0,27782.0,27782.0,27782.0,27782.0,,,,,,,,,,,,,,,,,,,,,,,,,
2018-05-26,ios,,,,,,,,,,,,,,,,,,,,,,,,,,,,,,,,,,,,,,,,,,,,,,,,,,,,,,,,,,,,,,,,,,,,,,,,,,,,,,,,,,,,,,,,,,,,,,,,,,,,,,,,,,,,,,,,,,,,,,,,,,,,,,,,,,,,,,,,,,,,,,,,,,,,,,,,,,,,,,,,,,,,,,,,,,,,,,,,,,,,,,,,,,,,,,,,,,,,,,,,,,,,,,,,,,,,,,,,,,,,,,,,,,,,,,,,,,,,,,,,,,,,,,,,,,,,,,,,,,,,,,,,,,,,,,,,,,,,,,,,,,,,,,,,,,,,,,,,,,,,,,,,,,,,,,,,,,,,,,,,,,,,,,,,,,,,,,,,,,,,,,,,,,,,,,,,,,,,,,,,,,,,,,,,,,,,,,,,,,,,,,,,,,,,,,,,,,,,,,,,,,,,,,,,,,,,,,,,,,,,,,,,,,,,,,,,,,,,,,,,,,,,,,,,,,,,,,,,,,,,,,,,,,,,,,,,,,,,,45.0,45.0,45.0,45.0,45.0,45.0,45.0,45.0,45.0,45.0,45.0,45.0,45.0,45.0,90.0,131.0,170.0,170.0,194.0,203.0,222.0,222.0,222.0,222.0,222.0,222.0,222.0,222.0,222.0,222.0,222.0,235.0,237.0,247.0,247.0,247.0,247.0,247.0,247.0,298.0,307.0,345.0,345.0,454.0,560.0,665.0,767.0,880.0,987.0,1116.0,1242.0,1367.0,1489.0,1606.0,1698.0,1772.0,1810.0,1854.0,1864.0,1864.0,1864.0,1864.0,1864.0,1864.0,1864.0,1864.0,1892.0,1944.0,1961.0,1961.0,1961.0,1961.0,1961.0,1961.0,1961.0,1961.0,1961.0,1961.0,1961.0,1961.0,1961.0,1981.0,2039.0,2086.0,2190.0,2271.0,2355.0,2455.0,2548.0,2587.0,2664.0,2780.0,2896.0,3013.0,3122.0,3128.0,3136.0,3235.0,3300.0,3348.0,3381.0,3397.0,3419.0,3511.0,3527.0,3530.0,3554.0,3629.0,3629.0,3680.0,3773.0,3820.0,3856.0,3930.0,3959.0,3995.0,4035.0,4105.0,4142.0,4160.0,4163.0,4187.0,4195.0,4208.0,4249.0,4290.0,4295.0,4302.0,4302.0,4302.0,4302.0,4307.0,4322.0,4322.0,4322.0,4322.0,4322.0,4322.0,4322.0,4322.0,4322.0,4322.0,4322.0,4335.0,4335.0,4335.0,4335.0,4335.0,4335.0,4335.0,4335.0,4335.0,4357.0,4357.0,4357.0,4357.0,4357.0,4357.0,4357.0,4357.0,4357.0,4410.0,4417.0,4421.0,4421.0,4421.0,4460.0,4511.0,4565.0,4565.0,4565.0,4576.0,4576.0,4600.0,4662.0,4743.0,4760.0,4769.0,4821.0,4829.0,4829.0,4829.0,4829.0,4829.0,4829.0,4829.0,4829.0,4836.0,4873.0,4873.0,4873.0,4873.0,4883.0,4899.0,4935.0,4935.0,4935.0,4935.0,4935.0,4935.0,4935.0,4977.0,5022.0,5039.0,5084.0,5097.0,5150.0,5194.0,5195.0,5195.0,5285.0,5334.0,5380.0,5380.0,5380.0,5380.0,5380.0,5380.0,5390.0,5395.0,5472.0,5562.0,5607.0,5625.0,5710.0,5824.0,5894.0,5987.0,6028.0,6088.0,6137.0,6215.0,6261.0,6323.0,6407.0,6519.0,6610.0,6612.0,6612.0,6643.0,6755.0,6822.0,6892.0,6940.0,7031.0,7102.0,7203.0,7287.0,7330.0,7358.0,7358.0,7471.0,7482.0,7515.0,7519.0,7529.0,7529.0,7529.0,7529.0,7529.0,7529.0,7529.0,7529.0,7529.0,7542.0,7542.0,7542.0,7542.0,7555.0,7583.0,7592.0,7654.0,7742.0,7838.0,7955.0,8070.0,8183.0,8276.0,8361.0,8447.0,8543.0,8543.0,8543.0,8562.0,8578.0,8630.0,8711.0,8793.0,8800.0,8800.0,8800.0,8800.0,8800.0,8800.0,8903.0,9023.0,9146.0,9269.0,9377.0,9403.0,9403.0,9403.0,9403.0,9403.0,9403.0,9403.0,9403.0,9403.0,9403.0,9403.0,9403.0,9403.0,9403.0,9403.0,9403.0,9403.0,9403.0,9403.0,9403.0,9403.0,9403.0,9448.0,9448.0,9448.0,9448.0,9448.0,9448.0,9471.0,9471.0,9471.0,9509.0,9509.0,9517.0,9517.0,9546.0,9546.0,9566.0,9566.0,9626.0,9704.0,9705.0,9792.0,9882.0,9971.0,10071.0,10137.0,10227.0,10342.0,10429.0,10508.0,10508.0,10508.0,10508.0,10508.0,10508.0,10508.0,10508.0,10508.0,10508.0,10508.0,10508.0,10508.0,10508.0,10508.0,10508.0,10508.0,10508.0,10508.0,10508.0,10508.0,10508.0,10508.0,10508.0,10508.0,10508.0,10508.0,10599.0,10716.0,10731.0,10813.0,10821.0,10821.0,10821.0,10829.0,10829.0,10848.0,10848.0,10848.0,10848.0,10874.0,10874.0,10874.0,10925.0,10925.0,10925.0,10925.0,10952.0,10991.0,10991.0,11005.0,11062.0,11084.0,11097.0,11108.0,11141.0,11203.0,11233.0,11244.0,11257.0,11257.0,11282.0,11290.0,11290.0,11290.0,11338.0,11366.0,11366.0,11373.0,11378.0,11378.0,11442.0,11519.0,11594.0,11613.0,11656.0,11738.0,11777.0,11871.0,11913.0,11977.0,12008.0,12091.0,12211.0,12328.0,12414.0,12545.0,12672.0,12710.0,12719.0,12776.0,12818.0,12887.0,13003.0,13115.0,13139.0,13139.0,13204.0,13287.0,13400.0,13487.0,13589.0,13597.0,13703.0,13805.0,13901.0,13978.0,14089.0,14206.0,14304.0,14341.0,14341.0,14341.0,14341.0,14341.0,14341.0,14341.0,14341.0,14341.0,14341.0,14341.0,14341.0,14341.0,14341.0,14341.0,14341.0,14341.0,14341.0,14350.0,14449.0,14553.0,14630.0,14630.0,14751.0,14776.0,14792.0,14792.0,14792.0,14792.0,14792.0,14792.0,14792.0,14792.0,14792.0,14792.0,14792.0,14792.0,14792.0,14792.0,14792.0,14792.0,14812.0,14891.0,14900.0,14976.0,15061.0,15174.0,15255.0,15379.0,15501.0,15621.0,15741.0,15854.0,15975.0,16096.0,16216.0,16333.0,16453.0,16571.0,16692.0,16812.0,16933.0,17032.0,17033.0,17074.0,17180.0,17300.0,17414.0,17476.0,17476.0,17476.0,17507.0,17588.0,17691.0,17791.0,17895.0,17987.0,18064.0,18097.0,18141.0,18141.0,18149.0,18149.0,18168.0,18168.0,18168.0,18193.0,18236.0,18255.0,18255.0,18255.0,18255.0,18255.0,18255.0,18255.0,18255.0,18255.0,18255.0,18255.0,18273.0,18296.0,18296.0,18309.0,18309.0,18309.0,18309.0,18309.0,18359.0,18411.0,18485.0,18504.0,18557.0,18599.0,18599.0,18604.0,18626.0,18643.0,18658.0,18728.0,18750.0,18830.0,18928.0,19034.0,19145.0,19257.0,19332.0,19408.0,19516.0,19591.0,19598.0,19619.0,19683.0,19778.0,19786.0,19904.0,20021.0,20141.0,20253.0,20349.0,20382.0,20467.0,20532.0,20532.0,20532.0,20621.0,20621.0,20671.0,20726.0,20753.0,20822.0,20918.0,20942.0,20942.0,20982.0,20994.0,21075.0,21075.0,21112.0,21183.0,21264.0,21333.0,21360.0,21360.0,21360.0,21360.0,21360.0,21367.0,21463.0,21564.0,21601.0,21683.0,21783.0,21866.0,21940.0,22032.0,22051.0,22051.0,22065.0,22190.0,22274.0,22311.0,22311.0,22311.0,22311.0,22311.0,22311.0,22311.0,22329.0,22403.0,22403.0,22403.0,22403.0,22403.0,22403.0,22403.0,22403.0,22403.0,22403.0,22403.0,22403.0,22403.0,22403.0,22403.0,22479.0,22576.0,22691.0,22728.0,22728.0,22728.0,22736.0,22804.0,22852.0,22867.0,22867.0,22945.0,22965.0,23010.0,23112.0,23187.0,23265.0,23273.0,23317.0,23356.0,23356.0,23389.0,23450.0,23474.0,23490.0,23536.0,23569.0,23569.0,23600.0,23702.0,23792.0,23846.0,23954.0,24056.0,24149.0,24203.0,24236.0,24246.0,24282.0,24319.0,24439.0,24548.0,24639.0,24727.0,24778.0,24878.0,24996.0,25078.0,25189.0,25305.0,25329.0,25346.0,25346.0,25356.0,25367.0,25367.0,25367.0,25367.0,25375.0,25393.0,25393.0,25393.0,25425.0,25433.0,25446.0,25465.0,25484.0,25508.0,25520.0,25520.0,25520.0,25520.0,25520.0,25520.0,25520.0,25520.0,25520.0,25520.0,25520.0,25520.0,25520.0,25520.0,25520.0,25520.0,25520.0,25520.0,25520.0,25520.0,25520.0,25520.0,25520.0,25520.0,25520.0,25520.0,25520.0,25520.0,25520.0,25520.0,25520.0,25520.0,25520.0,25520.0,25520.0,,,,,,,,,,,,,,,,,,,,,,,,,,,,,,,,,,,,,,,,,,,,,,,,,,,,,,,,,,,,,,,,,,,,,,,,,,,,,,,,,,,,,,,,,,,,,,,,,,,,,,,,,,,,,,,,,,,,,,,,,,,,,,,,,,,,,,,,,,,,,,,,,,,,,,,,,,,,,,,,,,,,,,,,,,,,,,,,,,,,,,,,,,,,,,,,,,,,,,,25520.0
2018-06-01,ios,,,,,,,,,,,,,,,,,,,,,,,,,,,,,,,,,,,,,,,,,,,,,,,,,,,,,,,,,,,,,,,,,,,,,,,,,,,,,,,,,,,,,,,,,,,,,,,,,,,,,,,,,,,,,,,,,,,,,,,,,,,,,,,,,,,,,,,,,,,,,,,,,,,,,,,,,,,,,,,,,,,,,,,,,,,,,,,,,,,,,,,,,,,,,,,,,,,,,,,,,,,,,,,,,,,,,,,,,,,,,,,,,,,,,,,,,,,,,,,,,,,,,,,,,,,,,,,,,,,,,,,,,,,,,,,,,,,,,,,,,,,,,,,,,,,,,,,,,,,,,,,,,,,,,,,,,,,,,,,,,,,,,,,,,,,,,,,,,,,,,,,,,,,,,,,,,,,,,,,,,,,,,,,,,,,,,,,,,,,,,,,,,,,,,,,,,,,,,,,,,,,,,,,,,,,,,,,,,,,,,,,,,,,,,,,,,,,,,,,,,,,,,,,,,,,,,,,,,,,,,,,,,,,,,,,,,,,,9.0,9.0,9.0,9.0,9.0,27.0,27.0,27.0,27.0,27.0,27.0,27.0,27.0,27.0,27.0,27.0,27.0,27.0,27.0,27.0,27.0,27.0,27.0,27.0,27.0,27.0,27.0,27.0,27.0,27.0,27.0,27.0,27.0,27.0,27.0,27.0,27.0,27.0,27.0,27.0,27.0,27.0,27.0,40.0,72.0,72.0,87.0,87.0,87.0,87.0,87.0,87.0,87.0,110.0,110.0,110.0,110.0,110.0,110.0,110.0,110.0,110.0,110.0,110.0,110.0,110.0,110.0,110.0,110.0,110.0,110.0,110.0,110.0,110.0,110.0,110.0,110.0,110.0,110.0,110.0,110.0,110.0,110.0,110.0,110.0,110.0,110.0,110.0,110.0,110.0,110.0,110.0,110.0,110.0,110.0,110.0,110.0,110.0,110.0,110.0,110.0,110.0,110.0,110.0,110.0,110.0,110.0,110.0,110.0,110.0,110.0,110.0,110.0,110.0,110.0,110.0,110.0,110.0,110.0,110.0,110.0,110.0,110.0,110.0,110.0,110.0,110.0,110.0,110.0,110.0,110.0,110.0,110.0,110.0,110.0,110.0,110.0,110.0,110.0,110.0,110.0,110.0,110.0,110.0,110.0,110.0,110.0,110.0,110.0,110.0,110.0,110.0,110.0,110.0,110.0,110.0,110.0,110.0,110.0,110.0,110.0,110.0,110.0,110.0,110.0,110.0,110.0,110.0,110.0,110.0,110.0,110.0,110.0,110.0,110.0,110.0,110.0,110.0,110.0,110.0,110.0,110.0,110.0,110.0,110.0,110.0,110.0,110.0,110.0,110.0,110.0,110.0,110.0,110.0,110.0,110.0,110.0,110.0,110.0,110.0,110.0,110.0,110.0,110.0,110.0,110.0,110.0,110.0,110.0,110.0,110.0,110.0,110.0,110.0,110.0,110.0,110.0,110.0,110.0,110.0,110.0,110.0,110.0,110.0,110.0,110.0,110.0,110.0,110.0,110.0,110.0,110.0,110.0,110.0,110.0,110.0,110.0,110.0,110.0,110.0,110.0,110.0,110.0,110.0,110.0,110.0,110.0,110.0,110.0,110.0,110.0,110.0,110.0,110.0,110.0,110.0,110.0,110.0,110.0,110.0,110.0,110.0,110.0,110.0,110.0,110.0,110.0,110.0,110.0,110.0,110.0,110.0,110.0,110.0,110.0,110.0,110.0,110.0,110.0,110.0,110.0,110.0,110.0,110.0,110.0,110.0,110.0,110.0,136.0,136.0,136.0,136.0,136.0,136.0,136.0,136.0,136.0,136.0,136.0,136.0,136.0,136.0,136.0,136.0,136.0,136.0,136.0,136.0,136.0,136.0,136.0,136.0,136.0,136.0,136.0,136.0,136.0,136.0,136.0,136.0,136.0,136.0,136.0,136.0,136.0,136.0,136.0,136.0,136.0,136.0,136.0,136.0,136.0,136.0,136.0,136.0,136.0,136.0,136.0,136.0,136.0,136.0,136.0,136.0,136.0,136.0,136.0,136.0,136.0,136.0,136.0,136.0,136.0,136.0,136.0,136.0,136.0,136.0,136.0,136.0,136.0,136.0,136.0,136.0,136.0,136.0,136.0,136.0,144.0,144.0,144.0,144.0,144.0,144.0,144.0,144.0,144.0,144.0,144.0,144.0,144.0,144.0,144.0,144.0,144.0,144.0,144.0,144.0,144.0,144.0,144.0,144.0,144.0,144.0,144.0,144.0,144.0,144.0,144.0,144.0,144.0,144.0,144.0,144.0,144.0,144.0,144.0,144.0,144.0,144.0,144.0,144.0,144.0,144.0,144.0,144.0,144.0,144.0,144.0,144.0,144.0,144.0,144.0,144.0,144.0,144.0,144.0,144.0,144.0,144.0,144.0,144.0,144.0,144.0,144.0,144.0,144.0,144.0,144.0,144.0,144.0,144.0,144.0,144.0,144.0,144.0,144.0,144.0,144.0,144.0,144.0,144.0,144.0,144.0,144.0,144.0,144.0,144.0,144.0,144.0,144.0,144.0,144.0,144.0,144.0,144.0,144.0,144.0,144.0,144.0,144.0,144.0,144.0,144.0,144.0,144.0,144.0,144.0,144.0,144.0,144.0,144.0,144.0,144.0,144.0,144.0,144.0,144.0,144.0,144.0,144.0,144.0,144.0,144.0,144.0,144.0,144.0,144.0,144.0,144.0,144.0,144.0,144.0,144.0,144.0,144.0,144.0,144.0,144.0,144.0,144.0,144.0,144.0,144.0,144.0,144.0,144.0,144.0,144.0,144.0,144.0,144.0,144.0,144.0,144.0,144.0,144.0,144.0,144.0,144.0,144.0,144.0,144.0,144.0,144.0,144.0,144.0,144.0,144.0,144.0,144.0,144.0,144.0,144.0,144.0,144.0,144.0,144.0,144.0,144.0,144.0,144.0,144.0,144.0,144.0,144.0,144.0,144.0,144.0,144.0,144.0,144.0,144.0,144.0,144.0,144.0,144.0,144.0,144.0,144.0,144.0,144.0,144.0,144.0,144.0,144.0,144.0,144.0,144.0,144.0,144.0,144.0,144.0,144.0,144.0,144.0,144.0,144.0,144.0,144.0,144.0,144.0,144.0,144.0,144.0,144.0,144.0,144.0,144.0,144.0,144.0,144.0,144.0,144.0,144.0,144.0,144.0,144.0,144.0,144.0,144.0,144.0,144.0,144.0,144.0,144.0,144.0,144.0,144.0,144.0,144.0,144.0,144.0,144.0,144.0,144.0,144.0,144.0,144.0,144.0,144.0,144.0,144.0,144.0,144.0,144.0,144.0,144.0,144.0,144.0,144.0,144.0,144.0,144.0,144.0,144.0,144.0,144.0,144.0,144.0,144.0,144.0,144.0,144.0,144.0,144.0,144.0,144.0,144.0,144.0,144.0,144.0,144.0,144.0,144.0,144.0,144.0,144.0,144.0,144.0,144.0,144.0,144.0,144.0,144.0,144.0,144.0,144.0,144.0,144.0,144.0,144.0,144.0,144.0,144.0,144.0,144.0,144.0,144.0,144.0,144.0,144.0,144.0,144.0,144.0,144.0,144.0,144.0,144.0,144.0,144.0,144.0,144.0,144.0,144.0,144.0,144.0,144.0,144.0,144.0,144.0,144.0,144.0,144.0,144.0,144.0,144.0,144.0,144.0,144.0,144.0,144.0,144.0,144.0,144.0,144.0,144.0,144.0,144.0,144.0,144.0,144.0,144.0,144.0,144.0,144.0,144.0,144.0,144.0,144.0,144.0,144.0,144.0,144.0,144.0,144.0,144.0,144.0,144.0,144.0,144.0,144.0,144.0,144.0,144.0,144.0,144.0,144.0,144.0,144.0,144.0,144.0,144.0,144.0,144.0,144.0,144.0,144.0,144.0,144.0,144.0,144.0,144.0,144.0,144.0,144.0,144.0,159.0,230.0,,,,,,,,,,,,,,,,,,,,,,,,,,,,,,,,,,,,,,,,,,,,,,,,,,,,,,,,,,,,,,,,,,,,,,,,,,,,,,,,,,,,,,,,,,,,,,,,,,,,,,,,,,,,,,,,,,,,,,,,,,,,,,,,,,,,,,,,,,,,,,,,,,,,,,,,,,,,,,,,,,,,,,,,,,,,,,,,,,,,,,,,,,
2018-06-02,ios,,,,,,,,,,,,,,,,,,,,,,,,,,,,,,,,,,,,,,,,,,,,,,,,,,,,,,,,,,,,,,,,,,,,,,,,,,,,,,,,,,,,,,,,,,,,,,,,,,,,,,,,,,,,,,,,,,,,,,,,,,,,,,,,,,,,,,,,,,,,,,,,,,,,,,,,,,,,,,,,,,,,,,,,,,,,,,,,,,,,,,,,,,,,,,,,,,,,,,,,,,,,,,,,,,,,,,,,,,,,,,,,,,,,,,,,,,,,,,,,,,,,,,,,,,,,,,,,,,,,,,,,,,,,,,,,,,,,,,,,,,,,,,,,,,,,,,,,,,,,,,,,,,,,,,,,,,,,,,,,,,,,,,,,,,,,,,,,,,,,,,,,,,,,,,,,,,,,,,,,,,,,,,,,,,,,,,,,,,,,,,,,,,,,,,,,,,,,,,15.0,15.0,15.0,15.0,15.0,15.0,15.0,15.0,15.0,15.0,15.0,15.0,15.0,15.0,15.0,15.0,15.0,15.0,15.0,15.0,15.0,15.0,15.0,15.0,15.0,15.0,15.0,15.0,15.0,15.0,15.0,15.0,15.0,15.0,15.0,15.0,15.0,15.0,15.0,15.0,15.0,15.0,15.0,15.0,15.0,15.0,15.0,15.0,15.0,15.0,15.0,15.0,15.0,15.0,15.0,15.0,15.0,15.0,15.0,15.0,15.0,15.0,15.0,15.0,15.0,15.0,15.0,15.0,15.0,15.0,15.0,15.0,15.0,15.0,15.0,15.0,15.0,15.0,15.0,15.0,15.0,15.0,15.0,15.0,15.0,28.0,28.0,61.0,69.0,170.0,220.0,220.0,220.0,220.0,220.0,220.0,220.0,220.0,220.0,220.0,220.0,220.0,220.0,237.0,328.0,328.0,328.0,328.0,328.0,328.0,328.0,328.0,328.0,366.0,452.0,532.0,605.0,607.0,627.0,627.0,627.0,627.0,698.0,733.0,733.0,733.0,733.0,733.0,733.0,733.0,733.0,762.0,840.0,904.0,904.0,904.0,904.0,904.0,904.0,904.0,986.0,1069.0,1112.0,1112.0,1112.0,1112.0,1112.0,1112.0,1112.0,1112.0,1112.0,1112.0,1124.0,1211.0,1325.0,1446.0,1530.0,1530.0,1530.0,1530.0,1530.0,1530.0,1530.0,1530.0,1530.0,1530.0,1530.0,1530.0,1530.0,1530.0,1530.0,1530.0,1530.0,1530.0,1530.0,1530.0,1530.0,1530.0,1530.0,1530.0,1530.0,1530.0,1530.0,1530.0,1530.0,1530.0,1530.0,1530.0,1530.0,1530.0,1530.0,1530.0,1530.0,1530.0,1530.0,1530.0,1530.0,1530.0,1530.0,1530.0,1530.0,1530.0,1530.0,1530.0,1542.0,1602.0,1653.0,1759.0,1849.0,1925.0,1925.0,1925.0,1925.0,1934.0,1934.0,1934.0,1934.0,1934.0,1934.0,1934.0,1934.0,1934.0,1934.0,1934.0,1934.0,1934.0,1934.0,1934.0,1951.0,1968.0,1969.0,1969.0,1969.0,2003.0,2003.0,2003.0,2003.0,2003.0,2003.0,2003.0,2003.0,2003.0,2003.0,2003.0,2003.0,2003.0,2003.0,2003.0,2003.0,2003.0,2003.0,2003.0,2003.0,2003.0,2003.0,2003.0,2003.0,2003.0,2003.0,2003.0,2003.0,2003.0,2003.0,2003.0,2003.0,2003.0,2003.0,2003.0,2003.0,2003.0,2003.0,2003.0,2003.0,2003.0,2003.0,2003.0,2003.0,2003.0,2003.0,2003.0,2003.0,2003.0,2003.0,2003.0,2003.0,2003.0,2003.0,2003.0,2003.0,2003.0,2003.0,2003.0,2003.0,2003.0,2003.0,2003.0,2003.0,2003.0,2003.0,2003.0,2003.0,2003.0,2003.0,2003.0,2003.0,2003.0,2003.0,2003.0,2003.0,2003.0,2003.0,2003.0,2003.0,2003.0,2003.0,2003.0,2003.0,2003.0,2003.0,2003.0,2003.0,2003.0,2003.0,2003.0,2003.0,2003.0,2003.0,2003.0,2003.0,2003.0,2003.0,2003.0,2003.0,2003.0,2003.0,2003.0,2003.0,2003.0,2003.0,2003.0,2003.0,2003.0,2003.0,2003.0,2003.0,2003.0,2003.0,2003.0,2003.0,2003.0,2003.0,2003.0,2003.0,2003.0,2003.0,2003.0,2003.0,2003.0,2003.0,2003.0,2003.0,2003.0,2003.0,2003.0,2003.0,2003.0,2003.0,2003.0,2003.0,2003.0,2003.0,2003.0,2003.0,2003.0,2003.0,2003.0,2003.0,2003.0,2003.0,2003.0,2003.0,2003.0,2003.0,2003.0,2003.0,2003.0,2003.0,2003.0,2003.0,2003.0,2003.0,2003.0,2003.0,2003.0,2003.0,2003.0,2003.0,2003.0,2003.0,2003.0,2003.0,2003.0,2003.0,2003.0,2003.0,2003.0,2003.0,2003.0,2003.0,2003.0,2003.0,2003.0,2003.0,2003.0,2003.0,2003.0,2003.0,2003.0,2003.0,2003.0,2003.0,2003.0,2003.0,2003.0,2003.0,2003.0,2003.0,2003.0,2003.0,2003.0,2003.0,2003.0,2003.0,2003.0,2003.0,2003.0,2003.0,2003.0,2003.0,2003.0,2003.0,2003.0,2003.0,2003.0,2003.0,2003.0,2003.0,2003.0,2003.0,2003.0,2003.0,2003.0,2003.0,2003.0,2003.0,2003.0,2003.0,2003.0,2003.0,2003.0,2003.0,2003.0,2003.0,2003.0,2003.0,2003.0,2003.0,2003.0,2003.0,2003.0,2003.0,2003.0,2003.0,2003.0,2003.0,2003.0,2003.0,2003.0,2003.0,2003.0,2003.0,2003.0,2003.0,2003.0,2003.0,2003.0,2003.0,2003.0,2003.0,2003.0,2003.0,2003.0,2003.0,2003.0,2003.0,2003.0,2003.0,2003.0,2003.0,2003.0,2003.0,2003.0,2003.0,2003.0,2003.0,2003.0,2003.0,2003.0,2003.0,2003.0,2003.0,2003.0,2003.0,2003.0,2003.0,2003.0,2003.0,2003.0,2003.0,2003.0,2003.0,2003.0,2003.0,2003.0,2003.0,2003.0,2003.0,2003.0,2003.0,2003.0,2003.0,2003.0,2003.0,2003.0,2003.0,2003.0,2003.0,2003.0,2003.0,2003.0,2003.0,2003.0,2003.0,2003.0,2003.0,2003.0,2003.0,2003.0,2003.0,2003.0,2003.0,2003.0,2003.0,2003.0,2003.0,2003.0,2003.0,2003.0,2003.0,2003.0,2003.0,2003.0,2003.0,2003.0,2003.0,2003.0,2003.0,2003.0,2003.0,2003.0,2003.0,2003.0,2003.0,2003.0,2003.0,2003.0,2003.0,2003.0,2003.0,2003.0,2003.0,2003.0,2003.0,2003.0,2003.0,2003.0,2003.0,2003.0,2003.0,2003.0,2003.0,2003.0,2003.0,2003.0,2003.0,2003.0,2005.0,2036.0,2036.0,2036.0,2036.0,2036.0,2036.0,2036.0,2036.0,2036.0,2036.0,2036.0,2036.0,2036.0,2036.0,2036.0,2036.0,2036.0,2036.0,2036.0,2036.0,2036.0,2036.0,2036.0,2036.0,2036.0,2036.0,2036.0,2036.0,2036.0,2036.0,2036.0,2036.0,2036.0,2036.0,2036.0,2036.0,2036.0,2036.0,2036.0,2036.0,2036.0,2036.0,2036.0,2036.0,2036.0,2036.0,2036.0,2036.0,2036.0,2036.0,2067.0,2067.0,2067.0,2067.0,2067.0,2067.0,2067.0,2067.0,2067.0,2067.0,2067.0,2067.0,2067.0,2067.0,2067.0,2067.0,2067.0,2067.0,2067.0,2067.0,2067.0,2067.0,2067.0,2067.0,2067.0,2067.0,2067.0,2067.0,2067.0,2067.0,2067.0,2067.0,2067.0,2067.0,2067.0,2067.0,2067.0,2067.0,2067.0,2067.0,2067.0,2067.0,2067.0,2067.0,2067.0,2067.0,2067.0,2067.0,2067.0,2067.0,2067.0,2067.0,2067.0,2067.0,2067.0,2067.0,2067.0,2067.0,2067.0,2067.0,2067.0,2067.0,2067.0,2067.0,2067.0,2067.0,2067.0,2067.0,2067.0,2067.0,2067.0,2067.0,2067.0,2067.0,2067.0,2067.0,2067.0,2067.0,2067.0,2067.0,2067.0,2067.0,2067.0,2067.0,2067.0,2067.0,2067.0,2067.0,2067.0,2067.0,2067.0,2067.0,2067.0,2067.0,2067.0,2067.0,2067.0,2067.0,2067.0,2067.0,2067.0,2067.0,2067.0,2067.0,2067.0,2067.0,2067.0,2067.0,2067.0,2067.0,2067.0,2067.0,2067.0,2067.0,2092.0,2092.0,2092.0,2092.0,2092.0,2092.0,2092.0,2092.0,2092.0,2092.0,2092.0,2092.0,2092.0,2092.0,2092.0,2092.0,2092.0,2092.0,2092.0,2092.0,2092.0,2092.0,2092.0,2092.0,2092.0,2092.0,2092.0,2092.0,2092.0,2092.0,2092.0,2092.0,2092.0,2092.0,2092.0,2092.0,2092.0,2092.0,2092.0,2092.0,2092.0,2092.0,2099.0,2112.0,2112.0,2112.0,2112.0,2112.0,2112.0,2112.0,2112.0,2112.0,2112.0,2112.0,2112.0,2112.0,2112.0,2112.0,2112.0,2112.0,2112.0,2112.0,2112.0,2112.0,2112.0,2112.0,2112.0,2112.0,2112.0,2112.0,2112.0,2112.0,2112.0,2112.0,2112.0,2112.0,2112.0,2112.0,2112.0,2112.0,2112.0,2112.0,2112.0,2112.0,2112.0,2112.0,2112.0,2112.0,2112.0,2112.0,2112.0,2112.0,2112.0,2112.0,2112.0,2112.0,2112.0,2112.0,2112.0,2112.0,2112.0,2112.0,2112.0,2112.0,2112.0,2112.0,2112.0,2112.0,2112.0,2112.0,2112.0,2112.0,2112.0,2112.0,2112.0,2112.0,2112.0,2112.0,2112.0,,,,,,,,,,,,,,,,,,,,,,,,,,,,,,,,,,,,,,,,,,,,,,,,,,,,,,,,,,,,,,,,,,,,,,,,,,,,,,,,,,,,,,,,,,,,,,,,,,,,,,,,,,,,,,,,,,,,,,,,,,,,,,,,,,,,,,,,,,,,,,,,,,,,,,,,,,,,,,,,,,,
2018-06-03,ios,,,,,,,,,,,,,,,,,,,,,,,,,,,,,,,,,,,,,,,,,,,,,,,,,,,,,,,,,,,,,,,,,,,,,,,,,,,,,,,,,,,,,,,,,,,,,,,,,,,,,,,,,,,,,,,,,,,,,,,,,,,,,,,,,,,,,,,,,,,,,,,,,,,,,,,,,,,,,,,,,,,,,,,,,,,,,,,,,,,,,,,,,,,,,,,,,,,,,,,,,,,,,,,,,,,,,,,,,,,,,,,,,,,,,,,,,,,,,,,,,,,,,,,,,,,,,,,,,,,,,,,,,,,,,,,,,,,,,,,,,,,,,,,,,,,,,,,,,,,,,,,,,,,,,,,,,,,,,,,,,,,,,,,,,,,,,,,,,,,,,,,,,,,,,,,,,,,,,,,,,,,,,,,,,10.0,12.0,12.0,12.0,12.0,12.0,12.0,12.0,12.0,12.0,12.0,12.0,12.0,12.0,12.0,12.0,12.0,12.0,12.0,12.0,12.0,12.0,12.0,12.0,12.0,12.0,12.0,12.0,12.0,12.0,12.0,12.0,12.0,12.0,12.0,12.0,12.0,12.0,12.0,12.0,12.0,12.0,12.0,12.0,12.0,12.0,12.0,12.0,12.0,12.0,12.0,12.0,12.0,12.0,12.0,12.0,12.0,12.0,12.0,12.0,12.0,12.0,12.0,12.0,12.0,12.0,12.0,12.0,12.0,12.0,12.0,12.0,12.0,12.0,12.0,12.0,12.0,12.0,12.0,12.0,12.0,12.0,12.0,12.0,12.0,12.0,12.0,12.0,12.0,12.0,12.0,12.0,12.0,12.0,12.0,12.0,12.0,12.0,12.0,12.0,12.0,12.0,12.0,12.0,12.0,12.0,23.0,23.0,23.0,23.0,23.0,23.0,23.0,23.0,23.0,23.0,23.0,23.0,23.0,23.0,23.0,23.0,23.0,23.0,23.0,23.0,23.0,23.0,23.0,23.0,23.0,23.0,23.0,23.0,23.0,23.0,23.0,23.0,23.0,23.0,23.0,23.0,23.0,23.0,23.0,23.0,23.0,23.0,23.0,23.0,23.0,23.0,23.0,23.0,23.0,23.0,23.0,23.0,23.0,23.0,23.0,23.0,23.0,23.0,23.0,59.0,59.0,59.0,59.0,59.0,59.0,59.0,59.0,59.0,59.0,59.0,59.0,59.0,59.0,59.0,59.0,59.0,59.0,59.0,59.0,59.0,59.0,59.0,59.0,59.0,59.0,59.0,59.0,59.0,59.0,59.0,59.0,59.0,59.0,59.0,59.0,59.0,59.0,59.0,59.0,59.0,59.0,59.0,59.0,59.0,59.0,59.0,59.0,59.0,59.0,59.0,59.0,59.0,59.0,59.0,59.0,59.0,59.0,59.0,59.0,59.0,59.0,59.0,59.0,59.0,59.0,59.0,59.0,59.0,59.0,59.0,59.0,59.0,59.0,59.0,59.0,59.0,59.0,59.0,59.0,59.0,59.0,59.0,59.0,59.0,59.0,59.0,59.0,59.0,59.0,59.0,59.0,59.0,59.0,59.0,59.0,59.0,59.0,59.0,59.0,59.0,59.0,59.0,59.0,59.0,59.0,59.0,59.0,59.0,59.0,59.0,59.0,59.0,59.0,59.0,59.0,59.0,59.0,59.0,59.0,59.0,59.0,59.0,59.0,59.0,59.0,59.0,59.0,59.0,59.0,59.0,59.0,59.0,59.0,59.0,59.0,59.0,59.0,59.0,59.0,59.0,59.0,59.0,59.0,59.0,59.0,59.0,59.0,59.0,59.0,59.0,59.0,59.0,59.0,59.0,59.0,59.0,59.0,59.0,59.0,59.0,59.0,59.0,59.0,59.0,59.0,59.0,59.0,59.0,59.0,59.0,59.0,59.0,59.0,59.0,59.0,59.0,59.0,59.0,59.0,59.0,59.0,59.0,59.0,59.0,59.0,59.0,59.0,59.0,59.0,59.0,59.0,59.0,59.0,59.0,59.0,59.0,59.0,87.0,87.0,87.0,87.0,87.0,87.0,87.0,87.0,87.0,87.0,87.0,87.0,87.0,87.0,87.0,87.0,87.0,87.0,87.0,87.0,87.0,87.0,87.0,87.0,87.0,87.0,87.0,87.0,87.0,87.0,111.0,111.0,111.0,111.0,111.0,111.0,111.0,111.0,111.0,111.0,111.0,111.0,111.0,111.0,111.0,111.0,111.0,111.0,111.0,111.0,111.0,111.0,111.0,111.0,111.0,111.0,111.0,111.0,111.0,118.0,118.0,118.0,118.0,118.0,118.0,118.0,118.0,118.0,118.0,118.0,118.0,118.0,118.0,118.0,118.0,118.0,118.0,118.0,118.0,118.0,118.0,118.0,118.0,118.0,118.0,118.0,118.0,118.0,118.0,118.0,118.0,118.0,118.0,118.0,118.0,118.0,118.0,118.0,118.0,118.0,118.0,118.0,118.0,118.0,118.0,118.0,118.0,118.0,118.0,118.0,118.0,118.0,118.0,118.0,118.0,118.0,118.0,118.0,118.0,118.0,118.0,118.0,118.0,118.0,118.0,118.0,118.0,118.0,118.0,118.0,144.0,144.0,144.0,144.0,144.0,144.0,144.0,144.0,144.0,144.0,144.0,144.0,144.0,144.0,144.0,144.0,144.0,144.0,144.0,144.0,144.0,144.0,144.0,144.0,144.0,144.0,144.0,144.0,144.0,144.0,144.0,144.0,144.0,144.0,144.0,144.0,144.0,144.0,144.0,144.0,144.0,144.0,144.0,144.0,144.0,144.0,144.0,144.0,144.0,144.0,144.0,144.0,144.0,144.0,144.0,144.0,144.0,144.0,144.0,144.0,144.0,144.0,144.0,144.0,144.0,144.0,144.0,144.0,144.0,144.0,144.0,144.0,144.0,144.0,144.0,144.0,144.0,144.0,144.0,144.0,144.0,144.0,144.0,144.0,144.0,144.0,144.0,144.0,144.0,144.0,144.0,144.0,144.0,144.0,144.0,144.0,144.0,144.0,144.0,144.0,144.0,144.0,144.0,144.0,144.0,144.0,144.0,144.0,144.0,144.0,144.0,144.0,144.0,144.0,154.0,169.0,169.0,169.0,169.0,169.0,169.0,169.0,169.0,169.0,169.0,169.0,169.0,169.0,169.0,169.0,169.0,169.0,169.0,169.0,169.0,169.0,169.0,169.0,169.0,169.0,169.0,169.0,169.0,169.0,169.0,169.0,169.0,169.0,169.0,169.0,169.0,169.0,169.0,169.0,169.0,169.0,169.0,169.0,169.0,169.0,169.0,169.0,169.0,169.0,169.0,169.0,169.0,169.0,169.0,169.0,169.0,169.0,169.0,169.0,169.0,169.0,169.0,169.0,169.0,169.0,169.0,169.0,169.0,169.0,169.0,169.0,169.0,169.0,169.0,169.0,169.0,169.0,169.0,169.0,169.0,169.0,169.0,169.0,169.0,169.0,169.0,169.0,169.0,169.0,169.0,169.0,169.0,169.0,169.0,169.0,169.0,169.0,169.0,169.0,169.0,169.0,169.0,169.0,169.0,169.0,169.0,169.0,169.0,169.0,169.0,169.0,169.0,169.0,169.0,169.0,169.0,203.0,203.0,203.0,203.0,203.0,203.0,203.0,203.0,203.0,203.0,203.0,203.0,203.0,203.0,203.0,203.0,203.0,203.0,203.0,203.0,203.0,203.0,203.0,203.0,203.0,203.0,203.0,203.0,203.0,203.0,203.0,203.0,203.0,203.0,203.0,203.0,203.0,203.0,203.0,203.0,214.0,214.0,214.0,214.0,214.0,214.0,214.0,214.0,214.0,214.0,214.0,214.0,214.0,214.0,214.0,214.0,214.0,214.0,214.0,214.0,214.0,214.0,214.0,214.0,214.0,214.0,214.0,214.0,214.0,214.0,214.0,214.0,214.0,214.0,214.0,214.0,214.0,214.0,214.0,214.0,214.0,214.0,214.0,214.0,214.0,214.0,214.0,214.0,214.0,214.0,214.0,214.0,214.0,214.0,214.0,214.0,214.0,214.0,214.0,214.0,214.0,214.0,214.0,214.0,214.0,214.0,214.0,214.0,214.0,214.0,214.0,214.0,214.0,214.0,214.0,214.0,214.0,214.0,214.0,214.0,214.0,214.0,214.0,214.0,214.0,214.0,214.0,214.0,214.0,214.0,214.0,214.0,214.0,238.0,238.0,238.0,238.0,238.0,238.0,238.0,238.0,238.0,,,,,,,,,,,,,,,,,,,,,,,,,,,,,,,,,,,,,,,,,,,,,,,,,,,,,,,,,,,,,,,,,,,,,,,,,,,,,,,,,,,,,,,,,,,,,,,,,,,,,,,,,,,,,,,,,,,,,,,,,,,,,,,,,,,,,,,,,,,,,,,,,,,,,,,,,,,,,,,,,,,,,,,,,,,,,,,,,,,,,,,,,,,,,,,,,,,,,,,,,,,,,,
2018-06-04,ios,,,,,,,,,,,,,,,,,,,,,,,,,,,,,,,,,,,,,,,,,,,,,,,,,,,,,,,,,,,,,,,,,,,,,,,,,,,,,,,,,,,,,,,,,,,,,,,,,,,,,,,,,,,,,,,,,,,,,,,,,,,,,,,,,,,,,,,,,,,,,,,,,,,,,,,,,,,,,,,,,,,,,,,,,,,,,,,,,,,,,,,,,,,,,,,,,,,,,,,,,,,,,,,,,,,,,,,,,,,,,,,,,,,,,,,,,,,,,,,,,,,,,,,,,,,,,,,,,,,,,,,,,,,,,,,,,,,,,,,,,,,,,,,,,,,,,,,,,,,,,,,,,,,,,,,,,,,,,,,,,,,,,,,,,,,,,,,,,,,,,,,,,,,,,,,,,,,,,,,,,,,,,,,,,,,,,,,,,,,,,,,,,,,,9.0,9.0,9.0,9.0,9.0,9.0,9.0,9.0,9.0,9.0,9.0,9.0,9.0,9.0,9.0,9.0,9.0,9.0,9.0,9.0,9.0,9.0,9.0,9.0,9.0,9.0,9.0,9.0,9.0,9.0,9.0,9.0,9.0,9.0,9.0,9.0,9.0,9.0,9.0,9.0,9.0,9.0,9.0,9.0,9.0,9.0,9.0,9.0,9.0,9.0,9.0,9.0,9.0,9.0,9.0,9.0,9.0,9.0,9.0,9.0,9.0,9.0,9.0,9.0,9.0,9.0,9.0,9.0,9.0,9.0,9.0,9.0,9.0,9.0,9.0,9.0,9.0,9.0,9.0,9.0,9.0,9.0,9.0,9.0,9.0,9.0,9.0,9.0,9.0,9.0,9.0,9.0,9.0,9.0,9.0,9.0,9.0,9.0,9.0,9.0,9.0,9.0,9.0,9.0,9.0,9.0,9.0,9.0,9.0,9.0,9.0,9.0,9.0,9.0,9.0,9.0,9.0,9.0,9.0,9.0,9.0,9.0,9.0,9.0,9.0,9.0,9.0,9.0,9.0,9.0,9.0,9.0,9.0,9.0,9.0,9.0,9.0,9.0,9.0,9.0,9.0,9.0,9.0,9.0,9.0,9.0,9.0,9.0,9.0,9.0,9.0,9.0,9.0,9.0,9.0,9.0,9.0,9.0,9.0,9.0,9.0,9.0,9.0,9.0,9.0,9.0,9.0,9.0,9.0,9.0,9.0,9.0,9.0,9.0,9.0,9.0,9.0,9.0,9.0,9.0,9.0,9.0,9.0,9.0,9.0,9.0,9.0,9.0,9.0,9.0,9.0,9.0,9.0,9.0,9.0,9.0,9.0,9.0,9.0,9.0,9.0,9.0,9.0,9.0,9.0,9.0,9.0,9.0,9.0,9.0,9.0,9.0,9.0,9.0,9.0,9.0,9.0,9.0,9.0,9.0,9.0,9.0,9.0,9.0,9.0,9.0,9.0,9.0,9.0,9.0,9.0,9.0,9.0,9.0,9.0,9.0,9.0,9.0,9.0,9.0,9.0,9.0,9.0,9.0,9.0,9.0,9.0,9.0,9.0,9.0,9.0,9.0,9.0,9.0,9.0,9.0,9.0,9.0,9.0,9.0,9.0,9.0,9.0,9.0,9.0,9.0,9.0,9.0,9.0,9.0,9.0,9.0,9.0,9.0,9.0,9.0,9.0,9.0,9.0,9.0,9.0,9.0,9.0,9.0,9.0,9.0,9.0,9.0,9.0,9.0,9.0,9.0,9.0,9.0,9.0,9.0,9.0,9.0,9.0,9.0,9.0,9.0,9.0,9.0,9.0,9.0,9.0,9.0,9.0,9.0,9.0,9.0,9.0,9.0,9.0,9.0,9.0,9.0,9.0,9.0,9.0,9.0,9.0,9.0,9.0,9.0,9.0,9.0,9.0,9.0,9.0,9.0,9.0,9.0,9.0,9.0,9.0,9.0,9.0,9.0,9.0,9.0,9.0,9.0,9.0,9.0,9.0,9.0,9.0,9.0,9.0,9.0,9.0,9.0,9.0,9.0,9.0,9.0,9.0,9.0,9.0,9.0,9.0,9.0,9.0,9.0,9.0,9.0,9.0,9.0,9.0,9.0,9.0,9.0,9.0,9.0,9.0,9.0,9.0,9.0,9.0,9.0,9.0,9.0,9.0,9.0,9.0,9.0,9.0,9.0,9.0,9.0,9.0,9.0,9.0,9.0,9.0,9.0,9.0,9.0,9.0,9.0,9.0,9.0,9.0,9.0,9.0,9.0,9.0,9.0,9.0,9.0,9.0,9.0,9.0,9.0,9.0,9.0,9.0,9.0,9.0,9.0,9.0,9.0,9.0,9.0,9.0,9.0,9.0,9.0,9.0,9.0,9.0,9.0,9.0,9.0,9.0,9.0,9.0,9.0,9.0,9.0,9.0,9.0,9.0,9.0,9.0,9.0,9.0,9.0,9.0,9.0,9.0,9.0,9.0,9.0,9.0,9.0,9.0,9.0,9.0,9.0,9.0,9.0,9.0,9.0,9.0,9.0,9.0,9.0,9.0,9.0,9.0,9.0,9.0,9.0,9.0,9.0,9.0,9.0,9.0,9.0,9.0,9.0,9.0,9.0,9.0,9.0,9.0,9.0,9.0,9.0,9.0,9.0,9.0,9.0,9.0,9.0,9.0,9.0,9.0,9.0,9.0,9.0,9.0,9.0,9.0,9.0,9.0,9.0,9.0,9.0,9.0,9.0,9.0,9.0,9.0,9.0,9.0,9.0,9.0,9.0,9.0,9.0,9.0,9.0,9.0,9.0,9.0,9.0,9.0,9.0,9.0,9.0,9.0,9.0,9.0,9.0,9.0,9.0,9.0,9.0,9.0,9.0,9.0,9.0,9.0,9.0,9.0,9.0,9.0,9.0,9.0,9.0,9.0,9.0,9.0,9.0,9.0,9.0,9.0,9.0,9.0,9.0,9.0,9.0,9.0,9.0,9.0,9.0,9.0,9.0,9.0,9.0,9.0,9.0,9.0,9.0,9.0,9.0,9.0,9.0,9.0,9.0,9.0,9.0,9.0,9.0,9.0,9.0,9.0,9.0,9.0,9.0,9.0,9.0,9.0,9.0,9.0,9.0,9.0,9.0,9.0,9.0,9.0,9.0,9.0,9.0,9.0,9.0,9.0,9.0,9.0,9.0,9.0,9.0,9.0,9.0,9.0,9.0,9.0,9.0,9.0,9.0,9.0,9.0,9.0,9.0,9.0,9.0,9.0,9.0,9.0,9.0,9.0,9.0,9.0,9.0,9.0,9.0,9.0,9.0,9.0,9.0,9.0,9.0,9.0,9.0,9.0,9.0,9.0,9.0,9.0,9.0,9.0,9.0,9.0,9.0,9.0,9.0,9.0,9.0,9.0,9.0,9.0,9.0,9.0,9.0,9.0,9.0,9.0,9.0,9.0,9.0,9.0,9.0,9.0,9.0,9.0,9.0,9.0,9.0,9.0,9.0,9.0,9.0,9.0,9.0,9.0,9.0,9.0,9.0,9.0,9.0,9.0,9.0,9.0,9.0,9.0,9.0,9.0,9.0,9.0,9.0,9.0,9.0,9.0,9.0,9.0,9.0,9.0,9.0,9.0,9.0,9.0,9.0,9.0,9.0,9.0,9.0,9.0,9.0,9.0,9.0,9.0,9.0,9.0,9.0,9.0,9.0,9.0,9.0,9.0,9.0,9.0,9.0,9.0,9.0,9.0,9.0,9.0,9.0,9.0,9.0,9.0,9.0,9.0,9.0,9.0,9.0,9.0,9.0,9.0,9.0,9.0,9.0,9.0,9.0,9.0,9.0,9.0,9.0,9.0,9.0,9.0,9.0,9.0,9.0,9.0,9.0,9.0,9.0,9.0,9.0,9.0,9.0,9.0,9.0,9.0,9.0,9.0,9.0,9.0,9.0,9.0,9.0,9.0,9.0,9.0,9.0,9.0,9.0,20.0,20.0,20.0,20.0,20.0,37.0,37.0,37.0,37.0,37.0,37.0,37.0,37.0,,,,,,,,,,,,,,,,,,,,,,,,,,,,,,,,,,,,,,,,,,,,,,,,,,,,,,,,,,,,,,,,,,,,,,,,,,,,,,,,,,,,,,,,,,,,,,,,,,,,,,,,,,,,,,,,,,,,,,,,,,,,,,,,,,,,,,,,,,,,,,,,,,,,,,,,,,,,,,,,,,,,,,,,,,,,,,,,,,,,,,,,,,,,,,,,,,,,,,,,,,,,,,,,,,,,,,,,,,,,,,,,,,,,,,,,,,,,,,,,,,,,,,,,
2018-06-05,ios,,,,,,,,,,,,,,,,,,,,,,,,,,,,,,,,,,,,,,,,,,,,,,,,,,,,,,,,,,,,,,,,,,,,,,,,,,,,,,,,,,,,,,,,,,,,,,,,,,,,,,,,,,,,,,,,,,,,,,,,,,,,,,,,,,,,,,,,,,,,,,,,,,,,,,,,,,,,,,,,,,,,,,,,,,,,,,,,,,,,,,,,,,,,,,,,,,,,,,,,,,,,,,,,,,,,,,,,,,,,,,,,,,,,,,,,,,,,,,,,,,,,,,,,,,,,,,,,,,,,,,,,,,,,,,,,,,,,,,,,,,,,,,,,,,,,,,,,,,,,,,,,,,,,,,,,,,,,,,,,,,,,,,,,,,,,,,,,,,,,,,,,,,,,,,,,,,,,,,,,,,,,,,,,,,,,,,,,,,,,,,,,,,,,,,,,,,,,,,,,,,,,,,,,,,,,,,,,,,,,,,,,,,,,,25.0,33.0,33.0,33.0,33.0,41.0,41.0,41.0,41.0,41.0,63.0,65.0,65.0,65.0,65.0,65.0,78.0,78.0,78.0,78.0,78.0,78.0,78.0,78.0,78.0,78.0,78.0,78.0,78.0,78.0,78.0,78.0,78.0,78.0,78.0,78.0,78.0,78.0,78.0,78.0,78.0,78.0,98.0,103.0,103.0,110.0,126.0,126.0,126.0,126.0,126.0,126.0,126.0,126.0,126.0,126.0,126.0,126.0,126.0,126.0,126.0,126.0,126.0,126.0,126.0,126.0,126.0,148.0,236.0,316.0,412.0,448.0,448.0,448.0,448.0,448.0,448.0,448.0,448.0,448.0,448.0,448.0,448.0,452.0,561.0,671.0,682.0,682.0,682.0,682.0,682.0,682.0,682.0,682.0,682.0,682.0,682.0,682.0,682.0,706.0,716.0,716.0,716.0,716.0,716.0,716.0,716.0,716.0,716.0,716.0,716.0,716.0,716.0,716.0,716.0,777.0,878.0,931.0,939.0,939.0,939.0,939.0,939.0,939.0,939.0,939.0,939.0,939.0,939.0,959.0,959.0,959.0,959.0,959.0,959.0,959.0,959.0,959.0,959.0,959.0,959.0,959.0,959.0,959.0,959.0,959.0,959.0,959.0,959.0,959.0,959.0,959.0,959.0,959.0,959.0,959.0,959.0,959.0,959.0,959.0,959.0,959.0,959.0,959.0,959.0,959.0,959.0,959.0,959.0,959.0,959.0,959.0,959.0,959.0,959.0,959.0,959.0,959.0,959.0,959.0,959.0,959.0,959.0,959.0,959.0,959.0,959.0,959.0,959.0,959.0,959.0,959.0,959.0,959.0,959.0,959.0,959.0,959.0,959.0,959.0,959.0,959.0,959.0,959.0,959.0,959.0,959.0,959.0,959.0,959.0,959.0,959.0,959.0,959.0,959.0,959.0,959.0,959.0,959.0,959.0,959.0,959.0,959.0,959.0,959.0,959.0,959.0,959.0,959.0,959.0,959.0,959.0,959.0,959.0,959.0,959.0,959.0,959.0,959.0,959.0,959.0,959.0,959.0,959.0,959.0,959.0,959.0,959.0,959.0,959.0,959.0,959.0,959.0,959.0,959.0,959.0,959.0,959.0,959.0,959.0,959.0,959.0,959.0,959.0,959.0,959.0,959.0,959.0,959.0,959.0,959.0,959.0,959.0,959.0,959.0,959.0,959.0,959.0,959.0,959.0,959.0,959.0,959.0,959.0,959.0,959.0,959.0,959.0,959.0,959.0,959.0,959.0,959.0,959.0,959.0,959.0,959.0,959.0,959.0,959.0,959.0,959.0,959.0,959.0,959.0,959.0,959.0,959.0,959.0,959.0,959.0,959.0,959.0,959.0,959.0,959.0,959.0,959.0,959.0,959.0,959.0,959.0,959.0,959.0,959.0,959.0,959.0,959.0,959.0,959.0,959.0,959.0,959.0,959.0,959.0,959.0,959.0,959.0,959.0,959.0,959.0,959.0,959.0,959.0,959.0,959.0,959.0,959.0,959.0,959.0,959.0,959.0,959.0,959.0,959.0,959.0,959.0,959.0,959.0,959.0,959.0,959.0,959.0,959.0,959.0,959.0,959.0,959.0,959.0,959.0,959.0,959.0,959.0,959.0,959.0,959.0,959.0,959.0,959.0,959.0,959.0,959.0,959.0,959.0,959.0,959.0,959.0,959.0,959.0,959.0,959.0,959.0,959.0,959.0,959.0,959.0,959.0,959.0,959.0,959.0,959.0,959.0,959.0,959.0,959.0,959.0,959.0,959.0,959.0,959.0,959.0,959.0,959.0,959.0,959.0,959.0,959.0,959.0,959.0,959.0,959.0,959.0,959.0,959.0,959.0,959.0,959.0,959.0,959.0,959.0,959.0,959.0,959.0,959.0,959.0,959.0,959.0,959.0,959.0,959.0,959.0,959.0,959.0,959.0,959.0,959.0,959.0,959.0,959.0,959.0,959.0,959.0,959.0,959.0,959.0,959.0,959.0,959.0,959.0,959.0,959.0,959.0,959.0,959.0,959.0,959.0,959.0,959.0,959.0,959.0,959.0,959.0,959.0,959.0,959.0,959.0,959.0,959.0,959.0,959.0,959.0,959.0,959.0,959.0,959.0,959.0,959.0,959.0,959.0,959.0,959.0,959.0,959.0,959.0,959.0,959.0,959.0,959.0,959.0,959.0,959.0,959.0,959.0,959.0,959.0,959.0,959.0,959.0,959.0,959.0,959.0,959.0,959.0,959.0,959.0,959.0,959.0,959.0,959.0,959.0,959.0,959.0,959.0,959.0,959.0,959.0,959.0,959.0,959.0,959.0,959.0,959.0,959.0,959.0,959.0,959.0,959.0,959.0,959.0,959.0,959.0,959.0,959.0,959.0,959.0,959.0,959.0,959.0,959.0,959.0,959.0,959.0,959.0,959.0,959.0,959.0,959.0,959.0,959.0,959.0,959.0,959.0,959.0,959.0,959.0,959.0,959.0,959.0,959.0,959.0,959.0,959.0,959.0,959.0,959.0,959.0,959.0,959.0,959.0,959.0,959.0,959.0,959.0,959.0,979.0,979.0,979.0,979.0,979.0,979.0,979.0,979.0,979.0,979.0,979.0,979.0,979.0,979.0,979.0,979.0,979.0,979.0,979.0,979.0,979.0,979.0,979.0,979.0,979.0,979.0,979.0,979.0,979.0,979.0,979.0,979.0,979.0,979.0,979.0,979.0,979.0,979.0,979.0,979.0,979.0,979.0,979.0,979.0,979.0,979.0,979.0,979.0,979.0,979.0,979.0,979.0,979.0,979.0,979.0,979.0,979.0,979.0,979.0,979.0,979.0,979.0,979.0,979.0,979.0,979.0,979.0,979.0,979.0,979.0,979.0,979.0,979.0,979.0,979.0,979.0,979.0,979.0,979.0,979.0,979.0,979.0,979.0,979.0,979.0,979.0,979.0,979.0,979.0,979.0,979.0,979.0,979.0,979.0,979.0,979.0,979.0,979.0,979.0,979.0,979.0,979.0,979.0,979.0,979.0,979.0,979.0,979.0,979.0,979.0,979.0,979.0,979.0,979.0,979.0,979.0,979.0,979.0,979.0,979.0,979.0,979.0,979.0,979.0,979.0,979.0,979.0,979.0,979.0,979.0,979.0,979.0,979.0,979.0,979.0,979.0,979.0,979.0,979.0,979.0,979.0,979.0,979.0,979.0,979.0,979.0,979.0,979.0,979.0,979.0,979.0,979.0,979.0,979.0,979.0,979.0,979.0,979.0,979.0,979.0,979.0,979.0,979.0,979.0,979.0,979.0,979.0,1002.0,1002.0,1002.0,1082.0,1198.0,1312.0,1414.0,1524.0,1622.0,1730.0,1844.0,1960.0,2078.0,2193.0,2304.0,2404.0,2527.0,2596.0,2715.0,2795.0,2795.0,2795.0,2795.0,2795.0,2795.0,2795.0,2795.0,2795.0,2795.0,2795.0,2795.0,2795.0,2795.0,2795.0,2795.0,2795.0,2795.0,2795.0,2795.0,2795.0,2795.0,2795.0,2795.0,2795.0,2795.0,2795.0,2795.0,2795.0,2795.0,2795.0,2795.0,2795.0,2795.0,2795.0,2795.0,2795.0,2795.0,2795.0,2795.0,2795.0,2795.0,2795.0,2795.0,2795.0,2795.0,2795.0,2795.0,2795.0,2795.0,2795.0,2795.0,2795.0,2795.0,2795.0,2795.0,2795.0,2795.0,2795.0,2795.0,2795.0,2795.0,2795.0,2795.0,2795.0,2795.0,2795.0,2795.0,2795.0,2795.0,2795.0,2795.0,2795.0,2795.0,2795.0,2795.0,2795.0,2795.0,2795.0,2795.0,2795.0,2830.0,2830.0,2830.0,2842.0,2842.0,2842.0,2842.0,2842.0,2842.0,2842.0,2842.0,2842.0,2842.0,2842.0,2842.0,2842.0,2842.0,2842.0,2842.0,2842.0,2842.0,2842.0,2842.0,2842.0,2842.0,2842.0,2842.0,2842.0,2842.0,2842.0,2842.0,2842.0,2842.0,2842.0,2842.0,2842.0,2842.0,2842.0,2842.0,2842.0,2842.0,2842.0,2842.0,2842.0,2842.0,2842.0,2842.0,2842.0,2880.0,2880.0,2880.0,2886.0,2886.0,2898.0,2908.0,2930.0,2975.0,3060.0,3141.0,3183.0,3235.0,,,,,,,,,,,,,,,,,,,,,,,,,,,,,,,,,,,,,,,,,,,,,,,,,,,,,,,,,,,,,,,,,,,,,,,,,,,,,,,,,,,,,,,,,,,,,,,,,,,,
2018-06-06,ios,,,,,,,,,,,,,,,,,,,,,,,,,,,,,,,,,,,,,,,,,,,,,,,,,,,,,,,,,,,,,,,,,,,,,,,,,,,,,,,,,,,,,,,,,,,,,,,,,,,,,,,,,,,,,,,,,,,,,,,,,,,,,,,,,,,,,,,,,,,,,,,,,,,,,,,,,,,,,,,,,,,,,,,,,,,,,,,,,,,,,,,,,,,,,,,,,,,,,,,,,,,,,,,,,,,,,,,,,,,,,,,,,,,,,,,,,,,,,,,,,,,,,,,,,,,,,,,,,,,,,,,,,,,,,,,,,,,,,,,,,,,,,,,,,,,,,,,,,,,,,,,,,,,,,,,,,,,,,,,,,,,,,,,,,,,,,,,,,,,,,,,,,,,,,,,,,,,,,,,,,,,,,,,,,,,,,,,,,,,,,,,,,,,,,,,,,,,,,,,,,,,,,,,,,,,,,,,,,,,,,,,,,,35.0,44.0,44.0,44.0,44.0,44.0,44.0,44.0,44.0,44.0,44.0,44.0,44.0,44.0,44.0,44.0,44.0,44.0,44.0,44.0,44.0,44.0,44.0,44.0,44.0,44.0,44.0,44.0,44.0,44.0,44.0,44.0,44.0,44.0,44.0,44.0,44.0,44.0,44.0,44.0,44.0,44.0,44.0,44.0,44.0,44.0,44.0,44.0,44.0,44.0,44.0,44.0,44.0,44.0,44.0,44.0,44.0,44.0,55.0,55.0,55.0,55.0,55.0,55.0,55.0,55.0,55.0,67.0,70.0,70.0,70.0,70.0,70.0,70.0,70.0,70.0,70.0,70.0,70.0,70.0,70.0,70.0,70.0,70.0,70.0,70.0,70.0,70.0,70.0,70.0,70.0,70.0,70.0,70.0,70.0,70.0,70.0,70.0,70.0,70.0,70.0,83.0,107.0,107.0,107.0,107.0,107.0,107.0,107.0,107.0,107.0,107.0,107.0,107.0,107.0,107.0,107.0,107.0,107.0,107.0,107.0,107.0,107.0,107.0,107.0,107.0,107.0,107.0,107.0,107.0,107.0,107.0,107.0,107.0,107.0,107.0,107.0,107.0,107.0,107.0,107.0,107.0,107.0,107.0,107.0,107.0,107.0,107.0,107.0,107.0,107.0,107.0,107.0,107.0,107.0,107.0,107.0,107.0,107.0,107.0,107.0,107.0,107.0,107.0,107.0,107.0,107.0,107.0,107.0,107.0,107.0,107.0,107.0,107.0,107.0,107.0,107.0,107.0,107.0,107.0,107.0,107.0,107.0,107.0,107.0,107.0,107.0,107.0,107.0,107.0,107.0,107.0,107.0,107.0,107.0,107.0,107.0,107.0,107.0,107.0,107.0,107.0,107.0,107.0,107.0,107.0,107.0,107.0,107.0,107.0,107.0,107.0,107.0,107.0,107.0,107.0,107.0,107.0,107.0,107.0,107.0,107.0,107.0,107.0,107.0,107.0,107.0,107.0,107.0,107.0,107.0,107.0,107.0,107.0,107.0,107.0,107.0,107.0,107.0,107.0,107.0,107.0,107.0,107.0,107.0,107.0,107.0,107.0,107.0,107.0,107.0,107.0,107.0,107.0,107.0,107.0,107.0,107.0,107.0,107.0,107.0,107.0,107.0,107.0,107.0,107.0,107.0,107.0,107.0,107.0,107.0,107.0,107.0,107.0,107.0,107.0,107.0,107.0,107.0,107.0,107.0,107.0,107.0,107.0,107.0,107.0,107.0,107.0,107.0,107.0,107.0,107.0,107.0,107.0,107.0,107.0,107.0,107.0,107.0,107.0,107.0,107.0,107.0,107.0,107.0,107.0,107.0,107.0,107.0,107.0,107.0,107.0,107.0,107.0,107.0,107.0,107.0,107.0,107.0,107.0,107.0,107.0,107.0,107.0,107.0,107.0,107.0,107.0,107.0,107.0,107.0,107.0,107.0,107.0,107.0,107.0,107.0,107.0,107.0,107.0,107.0,107.0,107.0,107.0,107.0,107.0,107.0,107.0,107.0,107.0,107.0,107.0,107.0,107.0,107.0,107.0,107.0,107.0,107.0,107.0,107.0,107.0,107.0,107.0,107.0,107.0,107.0,107.0,107.0,107.0,107.0,107.0,107.0,107.0,107.0,107.0,107.0,107.0,107.0,107.0,107.0,107.0,107.0,107.0,107.0,107.0,107.0,107.0,107.0,107.0,107.0,107.0,107.0,107.0,107.0,107.0,107.0,107.0,107.0,107.0,107.0,107.0,107.0,107.0,107.0,107.0,107.0,107.0,107.0,107.0,107.0,107.0,107.0,107.0,107.0,107.0,107.0,107.0,107.0,107.0,107.0,107.0,107.0,107.0,107.0,107.0,107.0,107.0,107.0,107.0,107.0,107.0,107.0,107.0,107.0,107.0,107.0,107.0,107.0,107.0,107.0,107.0,107.0,107.0,107.0,107.0,107.0,107.0,107.0,107.0,107.0,107.0,107.0,107.0,107.0,107.0,107.0,107.0,107.0,107.0,107.0,107.0,107.0,107.0,107.0,107.0,107.0,107.0,107.0,107.0,107.0,107.0,107.0,107.0,107.0,107.0,107.0,107.0,107.0,107.0,107.0,107.0,107.0,107.0,107.0,107.0,107.0,107.0,107.0,107.0,107.0,107.0,107.0,107.0,107.0,107.0,107.0,107.0,107.0,107.0,107.0,107.0,143.0,143.0,143.0,143.0,143.0,143.0,143.0,143.0,143.0,143.0,143.0,143.0,143.0,143.0,143.0,143.0,143.0,143.0,143.0,143.0,143.0,143.0,143.0,143.0,186.0,186.0,186.0,213.0,254.0,364.0,489.0,613.0,739.0,861.0,982.0,1051.0,1059.0,1059.0,1059.0,1059.0,1059.0,1059.0,1178.0,1294.0,1413.0,1491.0,1511.0,1622.0,1745.0,1869.0,1981.0,2060.0,2104.0,2128.0,2142.0,2143.0,2143.0,2143.0,2143.0,2143.0,2143.0,2143.0,2143.0,2143.0,2143.0,2143.0,2143.0,2143.0,2143.0,2143.0,2143.0,2143.0,2143.0,2143.0,2143.0,2143.0,2143.0,2143.0,2143.0,2143.0,2143.0,2143.0,2143.0,2143.0,2143.0,2143.0,2143.0,2143.0,2143.0,2143.0,2143.0,2143.0,2143.0,2143.0,2143.0,2143.0,2143.0,2143.0,2143.0,2143.0,2143.0,2143.0,2143.0,2143.0,2143.0,2143.0,2143.0,2143.0,2143.0,2143.0,2143.0,2143.0,2143.0,2143.0,2143.0,2143.0,2143.0,2143.0,2143.0,2143.0,2143.0,2143.0,2143.0,2143.0,2143.0,2143.0,2143.0,2143.0,2143.0,2143.0,2143.0,2143.0,2143.0,2143.0,2143.0,2143.0,2143.0,2143.0,2143.0,2143.0,2143.0,2143.0,2143.0,2143.0,2143.0,2143.0,2143.0,2143.0,2143.0,2143.0,2143.0,2143.0,2143.0,2143.0,2143.0,2143.0,2143.0,2143.0,2143.0,2143.0,2143.0,2143.0,2143.0,2143.0,2143.0,2143.0,2143.0,2143.0,2143.0,2143.0,2143.0,2143.0,2143.0,2143.0,2143.0,2143.0,2143.0,2143.0,2143.0,2143.0,2143.0,2143.0,2143.0,2143.0,2143.0,2143.0,2143.0,2155.0,2155.0,2155.0,2155.0,2155.0,2155.0,2155.0,2155.0,2155.0,2155.0,2155.0,2155.0,2155.0,2155.0,2155.0,2155.0,2155.0,2155.0,2155.0,2155.0,2155.0,2155.0,2155.0,2155.0,2155.0,2155.0,2155.0,2155.0,2155.0,2155.0,2155.0,2155.0,2155.0,2155.0,2155.0,2155.0,2155.0,2155.0,2155.0,2155.0,2155.0,2155.0,2155.0,2155.0,2155.0,2155.0,2155.0,2155.0,2155.0,2155.0,2155.0,2155.0,2155.0,2155.0,2155.0,2155.0,2155.0,2155.0,2155.0,2155.0,2155.0,2155.0,2155.0,2155.0,2155.0,2155.0,2155.0,2155.0,2155.0,2155.0,2155.0,2155.0,2155.0,2155.0,2155.0,2155.0,2155.0,2155.0,2155.0,2155.0,2155.0,2155.0,2155.0,2155.0,2155.0,2155.0,2155.0,2155.0,2155.0,2155.0,2155.0,2155.0,2155.0,2155.0,2155.0,2155.0,2155.0,2155.0,2155.0,2155.0,2155.0,2155.0,2155.0,2155.0,2155.0,2155.0,2155.0,2155.0,2155.0,2155.0,2155.0,,,,,,,,,,,,,,,,,,,,,,,,,,,,,,,,,,,,,,,,,,,,,,,,,,,,,,,,,,,,,,,,,,,,,,,,,,,,,,,,,,,,,,,,,,,,,,,,,,,,,,,,,,,,,,,,,,,,,,,,,,,,,,,,,,,,,,,,,,,,,,,,,,,,,,,,,,,,,,,,,,,,,,,,,,,,,,,,,,,,,,,,,,,,,,,,,,,,,,,,,,,,,,,,,,,,,,,
2018-06-07,ios,,,,,,,,,,,,,,,,,,,,,,,,,,,,,,,,,,,,,,,,,,,,,,,,,,,,,,,,,,,,,,,,,,,,,,,,,,,,,,,,,,,,,,,,,,,,,,,,,,,,,,,,,,,,,,,,,,,,,,,,,,,,,,,,,,,,,,,,,,,,,,,,,,,,,,,,,,,,,,,,,,,,,,,,,,,,,,,,,,,,,,,,,,,,,,,,,,,,,,,,,,,,,,,,,,,,,,,,,,,,,,,,,,,,,,,,,,,,,,,,,,,,,,,,,,,,,,,,,,,,,,,,,,,,,,,,,,,,,,,,,,,,,,,,,,,,,,,,,,,,,,,,,,,,,,,,,,,,,,,,,,,,,,,,,,,,,,,,,,,,,,,,,,,,,,,,,,,,,,,,,,,,,,,,,,,,,,,,,,,,,,,,,,,,,,,,,,,,,,,,,,,,,,,,,,,,,,,,,,,,,,,,,,,,,,,,,,,,,,,,,,,,,,,,,,,,,,,,,,,,,,,,,,25.0,25.0,25.0,25.0,25.0,25.0,25.0,25.0,25.0,25.0,25.0,25.0,25.0,25.0,25.0,32.0,32.0,32.0,32.0,32.0,32.0,32.0,32.0,32.0,32.0,32.0,32.0,32.0,32.0,32.0,32.0,32.0,32.0,32.0,32.0,32.0,32.0,32.0,32.0,32.0,32.0,71.0,71.0,71.0,71.0,71.0,71.0,71.0,71.0,71.0,71.0,71.0,71.0,71.0,71.0,71.0,71.0,71.0,71.0,71.0,71.0,71.0,71.0,71.0,71.0,79.0,79.0,79.0,79.0,79.0,79.0,79.0,79.0,79.0,79.0,79.0,79.0,79.0,79.0,79.0,79.0,79.0,79.0,79.0,79.0,79.0,79.0,79.0,79.0,79.0,79.0,79.0,79.0,79.0,79.0,79.0,79.0,79.0,79.0,79.0,79.0,79.0,79.0,79.0,79.0,79.0,79.0,79.0,79.0,79.0,79.0,79.0,79.0,79.0,79.0,79.0,79.0,79.0,79.0,79.0,79.0,79.0,79.0,79.0,79.0,79.0,79.0,79.0,79.0,79.0,79.0,89.0,89.0,89.0,89.0,89.0,89.0,89.0,89.0,89.0,89.0,89.0,89.0,89.0,89.0,89.0,89.0,89.0,89.0,89.0,89.0,89.0,89.0,89.0,89.0,89.0,89.0,89.0,89.0,89.0,89.0,89.0,89.0,89.0,89.0,89.0,89.0,89.0,89.0,89.0,89.0,89.0,89.0,89.0,89.0,89.0,89.0,89.0,89.0,89.0,89.0,89.0,89.0,89.0,89.0,89.0,89.0,89.0,110.0,110.0,110.0,110.0,110.0,110.0,110.0,110.0,110.0,110.0,110.0,110.0,110.0,110.0,110.0,110.0,110.0,110.0,110.0,110.0,110.0,110.0,110.0,110.0,110.0,110.0,110.0,110.0,110.0,110.0,110.0,110.0,110.0,110.0,110.0,110.0,110.0,110.0,110.0,110.0,110.0,110.0,110.0,110.0,110.0,110.0,110.0,110.0,110.0,110.0,110.0,110.0,110.0,110.0,110.0,110.0,110.0,110.0,110.0,110.0,110.0,110.0,110.0,110.0,110.0,110.0,110.0,110.0,110.0,110.0,110.0,110.0,110.0,110.0,110.0,110.0,110.0,110.0,110.0,110.0,110.0,110.0,110.0,110.0,110.0,110.0,110.0,110.0,110.0,110.0,110.0,110.0,110.0,110.0,110.0,110.0,110.0,110.0,110.0,110.0,110.0,110.0,110.0,110.0,110.0,110.0,110.0,110.0,110.0,110.0,110.0,110.0,110.0,110.0,110.0,110.0,110.0,110.0,110.0,110.0,110.0,110.0,110.0,110.0,110.0,110.0,110.0,110.0,110.0,110.0,110.0,110.0,110.0,110.0,110.0,110.0,110.0,110.0,110.0,110.0,110.0,110.0,110.0,110.0,115.0,121.0,121.0,121.0,121.0,121.0,121.0,121.0,121.0,121.0,121.0,121.0,121.0,121.0,121.0,121.0,121.0,121.0,121.0,121.0,121.0,121.0,121.0,121.0,121.0,121.0,121.0,121.0,121.0,121.0,121.0,121.0,121.0,121.0,121.0,121.0,121.0,121.0,121.0,121.0,121.0,121.0,121.0,121.0,121.0,121.0,121.0,121.0,121.0,121.0,121.0,121.0,121.0,121.0,121.0,121.0,121.0,121.0,121.0,121.0,121.0,121.0,121.0,121.0,121.0,121.0,121.0,121.0,121.0,121.0,121.0,121.0,121.0,121.0,121.0,121.0,121.0,121.0,121.0,121.0,121.0,121.0,121.0,121.0,121.0,121.0,121.0,121.0,121.0,121.0,121.0,121.0,121.0,121.0,121.0,121.0,121.0,121.0,121.0,121.0,121.0,121.0,121.0,121.0,121.0,121.0,121.0,121.0,121.0,121.0,121.0,121.0,121.0,121.0,121.0,121.0,121.0,121.0,121.0,121.0,121.0,121.0,121.0,121.0,121.0,121.0,121.0,121.0,121.0,121.0,121.0,121.0,121.0,121.0,121.0,121.0,121.0,121.0,121.0,121.0,121.0,121.0,121.0,121.0,121.0,121.0,121.0,121.0,121.0,121.0,121.0,121.0,121.0,121.0,121.0,121.0,121.0,121.0,121.0,121.0,121.0,121.0,121.0,121.0,121.0,121.0,121.0,121.0,121.0,121.0,121.0,121.0,121.0,121.0,121.0,121.0,121.0,121.0,121.0,121.0,121.0,121.0,121.0,121.0,121.0,121.0,121.0,121.0,121.0,121.0,121.0,121.0,121.0,121.0,121.0,121.0,121.0,121.0,121.0,121.0,121.0,121.0,121.0,121.0,121.0,121.0,121.0,121.0,121.0,121.0,121.0,121.0,121.0,121.0,121.0,121.0,121.0,121.0,121.0,121.0,121.0,121.0,121.0,121.0,121.0,121.0,121.0,121.0,121.0,121.0,121.0,121.0,121.0,121.0,121.0,121.0,121.0,121.0,121.0,121.0,121.0,121.0,121.0,121.0,121.0,121.0,121.0,121.0,121.0,121.0,121.0,121.0,121.0,121.0,121.0,121.0,121.0,121.0,121.0,128.0,128.0,128.0,128.0,128.0,128.0,128.0,128.0,128.0,128.0,128.0,157.0,182.0,182.0,182.0,182.0,182.0,182.0,182.0,182.0,182.0,182.0,182.0,182.0,182.0,182.0,182.0,182.0,182.0,182.0,182.0,182.0,182.0,182.0,182.0,182.0,182.0,182.0,182.0,182.0,182.0,182.0,182.0,182.0,182.0,182.0,182.0,182.0,182.0,191.0,191.0,191.0,191.0,191.0,191.0,191.0,191.0,191.0,191.0,191.0,191.0,191.0,191.0,191.0,191.0,191.0,191.0,191.0,191.0,191.0,191.0,191.0,191.0,191.0,191.0,191.0,191.0,191.0,191.0,191.0,191.0,191.0,191.0,191.0,191.0,191.0,191.0,191.0,191.0,191.0,191.0,191.0,191.0,191.0,191.0,191.0,191.0,191.0,191.0,191.0,191.0,191.0,191.0,191.0,191.0,191.0,191.0,191.0,191.0,191.0,191.0,191.0,191.0,191.0,191.0,191.0,191.0,191.0,191.0,191.0,191.0,191.0,191.0,191.0,191.0,191.0,191.0,191.0,191.0,191.0,191.0,191.0,191.0,191.0,191.0,191.0,191.0,191.0,191.0,191.0,191.0,191.0,191.0,191.0,191.0,191.0,191.0,191.0,191.0,191.0,191.0,191.0,191.0,191.0,191.0,191.0,191.0,191.0,191.0,191.0,191.0,191.0,191.0,191.0,191.0,191.0,191.0,191.0,191.0,191.0,191.0,191.0,191.0,191.0,191.0,191.0,191.0,191.0,191.0,191.0,191.0,191.0,191.0,191.0,191.0,191.0,191.0,191.0,191.0,191.0,191.0,191.0,191.0,191.0,191.0,191.0,191.0,191.0,191.0,191.0,191.0,191.0,191.0,191.0,191.0,191.0,191.0,191.0,191.0,191.0,191.0,191.0,191.0,191.0,191.0,191.0,191.0,191.0,191.0,191.0,191.0,191.0,191.0,191.0,191.0,191.0,191.0,191.0,191.0,191.0,191.0,191.0,191.0,191.0,191.0,191.0,191.0,191.0,191.0,191.0,191.0,191.0,191.0,191.0,191.0,191.0,191.0,191.0,191.0,191.0,191.0,191.0,191.0,191.0,191.0,191.0,191.0,191.0,191.0,191.0,191.0,191.0,191.0,191.0,191.0,191.0,191.0,191.0,191.0,191.0,191.0,191.0,191.0,191.0,191.0,191.0,191.0,191.0,191.0,191.0,191.0,191.0,191.0,191.0,191.0,191.0,191.0,191.0,191.0,191.0,191.0,191.0,207.0,207.0,207.0,207.0,207.0,207.0,207.0,207.0,207.0,207.0,207.0,207.0,207.0,207.0,207.0,207.0,207.0,207.0,207.0,207.0,207.0,207.0,207.0,207.0,207.0,207.0,217.0,217.0,217.0,217.0,217.0,217.0,217.0,217.0,217.0,217.0,217.0,217.0,217.0,217.0,217.0,217.0,,,,,,,,,,,,,,,,,,,,,,,,,,,,,,,,,,,,,,,,,,,,,,,,,,
2018-06-08,ios,,,,,,,,,,,,,,,,,,,,,,,,,,,,,,,,,,,,,,,,,,,,,,,,,,,,,,,,,,,,,,,,,,,,,,,,,,,,,,,,,,,,,,,,,,,,,,,,,,,,,,,,,,,,,,,,,,,,,,,,,,,,,,,,,,,,,,,,,,,,,,,,,,,,,,,,,,,,,,,,,,,,,,,,,,,,,,,,,,,,,,,,,,,,,,,,,,,,,,,,,,,,,,,,,,,,,,,,,,,,,,,,,,,,,,,,,,,,,,,,,,,,,,,,,,,,,,,,,,,,,,,,,,,,,,,,,,,,,,,,,,,,,,,,,,,,,,,,,,,,,,,,,,,,,,,,,,,,,,,,,,,,,,,,,,,,,,,,,,,,,,,,,,,,,,,,,,,,,,,,,,,,,,,,,,,,,,,,,,,,,,,,,,,,,,,,,,,,,,,,,,,,,,,,,,,,,,,25.0,25.0,33.0,33.0,33.0,33.0,33.0,33.0,33.0,33.0,33.0,33.0,33.0,33.0,33.0,33.0,33.0,33.0,33.0,33.0,33.0,33.0,33.0,33.0,33.0,33.0,33.0,33.0,33.0,33.0,33.0,33.0,33.0,33.0,33.0,33.0,33.0,33.0,89.0,108.0,129.0,155.0,155.0,155.0,155.0,155.0,155.0,155.0,155.0,155.0,155.0,155.0,155.0,155.0,155.0,155.0,155.0,155.0,155.0,155.0,155.0,155.0,155.0,155.0,155.0,155.0,155.0,155.0,155.0,155.0,155.0,155.0,155.0,155.0,155.0,155.0,155.0,155.0,155.0,155.0,155.0,155.0,155.0,155.0,155.0,155.0,155.0,155.0,155.0,155.0,155.0,155.0,155.0,155.0,155.0,155.0,155.0,155.0,155.0,155.0,155.0,155.0,155.0,155.0,155.0,155.0,155.0,155.0,155.0,155.0,155.0,155.0,155.0,155.0,155.0,155.0,155.0,155.0,155.0,155.0,155.0,155.0,180.0,180.0,180.0,180.0,180.0,180.0,180.0,180.0,180.0,180.0,180.0,180.0,180.0,180.0,180.0,180.0,180.0,180.0,180.0,180.0,180.0,180.0,180.0,180.0,180.0,180.0,180.0,180.0,180.0,180.0,180.0,180.0,180.0,180.0,180.0,231.0,348.0,387.0,387.0,387.0,387.0,387.0,387.0,387.0,387.0,387.0,387.0,387.0,387.0,387.0,387.0,387.0,387.0,452.0,455.0,455.0,455.0,455.0,455.0,455.0,455.0,455.0,455.0,464.0,464.0,464.0,464.0,464.0,464.0,464.0,464.0,464.0,464.0,464.0,464.0,464.0,464.0,464.0,464.0,464.0,464.0,464.0,464.0,464.0,464.0,464.0,464.0,464.0,464.0,464.0,464.0,464.0,464.0,464.0,464.0,464.0,464.0,464.0,464.0,464.0,464.0,464.0,464.0,464.0,464.0,464.0,464.0,464.0,464.0,464.0,474.0,474.0,474.0,474.0,474.0,474.0,474.0,474.0,474.0,474.0,474.0,491.0,547.0,548.0,548.0,548.0,548.0,548.0,555.0,555.0,555.0,555.0,555.0,555.0,555.0,555.0,555.0,555.0,555.0,555.0,555.0,555.0,555.0,573.0,628.0,628.0,628.0,628.0,628.0,628.0,628.0,628.0,628.0,648.0,765.0,841.0,841.0,841.0,876.0,876.0,876.0,876.0,876.0,876.0,876.0,876.0,876.0,899.0,899.0,899.0,899.0,899.0,899.0,899.0,899.0,899.0,899.0,899.0,899.0,916.0,916.0,1022.0,1123.0,1123.0,1123.0,1123.0,1123.0,1123.0,1123.0,1123.0,1124.0,1191.0,1210.0,1303.0,1324.0,1385.0,1385.0,1395.0,1395.0,1395.0,1395.0,1395.0,1395.0,1395.0,1395.0,1395.0,1395.0,1395.0,1395.0,1395.0,1395.0,1395.0,1395.0,1395.0,1407.0,1488.0,1513.0,1530.0,1530.0,1530.0,1530.0,1530.0,1530.0,1530.0,1530.0,1530.0,1530.0,1530.0,1530.0,1530.0,1530.0,1530.0,1530.0,1530.0,1530.0,1530.0,1530.0,1530.0,1530.0,1530.0,1530.0,1530.0,1530.0,1530.0,1530.0,1530.0,1530.0,1530.0,1530.0,1530.0,1530.0,1530.0,1530.0,1530.0,1530.0,1530.0,1530.0,1530.0,1530.0,1530.0,1530.0,1530.0,1530.0,1530.0,1530.0,1530.0,1530.0,1530.0,1530.0,1530.0,1530.0,1531.0,1552.0,1616.0,1641.0,1641.0,1641.0,1641.0,1641.0,1641.0,1641.0,1641.0,1641.0,1641.0,1641.0,1641.0,1641.0,1641.0,1641.0,1641.0,1641.0,1641.0,1641.0,1641.0,1641.0,1641.0,1641.0,1641.0,1641.0,1641.0,1641.0,1641.0,1641.0,1641.0,1641.0,1641.0,1641.0,1641.0,1641.0,1641.0,1641.0,1641.0,1641.0,1641.0,1641.0,1641.0,1641.0,1641.0,1641.0,1641.0,1641.0,1641.0,1641.0,1641.0,1641.0,1641.0,1641.0,1641.0,1641.0,1641.0,1641.0,1641.0,1641.0,1641.0,1641.0,1641.0,1641.0,1641.0,1641.0,1641.0,1641.0,1641.0,1641.0,1641.0,1641.0,1641.0,1641.0,1641.0,1641.0,1641.0,1641.0,1641.0,1641.0,1641.0,1641.0,1641.0,1641.0,1641.0,1641.0,1641.0,1641.0,1641.0,1641.0,1641.0,1641.0,1641.0,1641.0,1641.0,1641.0,1641.0,1641.0,1641.0,1641.0,1641.0,1641.0,1641.0,1641.0,1641.0,1641.0,1641.0,1641.0,1641.0,1641.0,1641.0,1641.0,1641.0,1641.0,1641.0,1641.0,1641.0,1641.0,1641.0,1641.0,1641.0,1641.0,1660.0,1704.0,1798.0,1882.0,1882.0,1883.0,2010.0,2054.0,2082.0,2082.0,2082.0,2082.0,2082.0,2082.0,2082.0,2111.0,2111.0,2111.0,2111.0,2111.0,2111.0,2111.0,2139.0,2139.0,2139.0,2139.0,2139.0,2139.0,2139.0,2139.0,2139.0,2139.0,2139.0,2164.0,2262.0,2320.0,2320.0,2320.0,2320.0,2320.0,2320.0,2350.0,2350.0,2350.0,2350.0,2350.0,2350.0,2350.0,2350.0,2350.0,2350.0,2350.0,2350.0,2350.0,2350.0,2350.0,2350.0,2350.0,2350.0,2350.0,2350.0,2350.0,2350.0,2350.0,2350.0,2350.0,2350.0,2350.0,2350.0,2350.0,2350.0,2350.0,2350.0,2350.0,2350.0,2350.0,2350.0,2350.0,2350.0,2350.0,2350.0,2350.0,2350.0,2350.0,2350.0,2350.0,2350.0,2350.0,2350.0,2350.0,2350.0,2350.0,2350.0,2350.0,2350.0,2350.0,2350.0,2350.0,2350.0,2350.0,2350.0,2350.0,2350.0,2350.0,2350.0,2350.0,2350.0,2350.0,2350.0,2350.0,2350.0,2350.0,2350.0,2350.0,2350.0,2350.0,2350.0,2350.0,2350.0,2350.0,2350.0,2350.0,2350.0,2350.0,2350.0,2350.0,2350.0,2350.0,2350.0,2350.0,2350.0,2350.0,2350.0,2350.0,2350.0,2350.0,2350.0,2350.0,2350.0,2350.0,2350.0,2350.0,2350.0,2350.0,2350.0,2350.0,2350.0,2350.0,2350.0,2350.0,2350.0,2350.0,2350.0,2350.0,2350.0,2350.0,2350.0,2350.0,2350.0,2350.0,2350.0,2350.0,2350.0,2350.0,2350.0,2350.0,2350.0,2350.0,2350.0,2350.0,2350.0,2350.0,2350.0,2350.0,2350.0,2350.0,2350.0,2350.0,2350.0,2350.0,2438.0,2538.0,2574.0,2574.0,2574.0,2574.0,2574.0,2574.0,2574.0,2574.0,2574.0,2574.0,2574.0,2574.0,2574.0,2574.0,2574.0,2664.0,2778.0,2868.0,2868.0,2906.0,3013.0,3102.0,3102.0,3102.0,3102.0,3102.0,3102.0,3114.0,3114.0,3114.0,3114.0,3114.0,3114.0,3114.0,3114.0,3135.0,3226.0,3291.0,3291.0,3345.0,3429.0,3474.0,3499.0,3499.0,3499.0,3499.0,3499.0,3499.0,3499.0,3499.0,3499.0,3499.0,3499.0,3499.0,3499.0,3499.0,3499.0,3499.0,3499.0,3499.0,3499.0,3499.0,3499.0,3499.0,3499.0,3499.0,3499.0,3499.0,3512.0,3512.0,3552.0,3650.0,3776.0,3903.0,4029.0,4154.0,4278.0,4402.0,4459.0,4578.0,4681.0,4724.0,4724.0,4821.0,4861.0,4891.0,4891.0,4891.0,4891.0,4891.0,4891.0,4891.0,4891.0,4891.0,4891.0,4891.0,4891.0,4891.0,4891.0,4891.0,4891.0,4891.0,4891.0,4891.0,4891.0,4891.0,4891.0,4891.0,4891.0,4891.0,4891.0,4891.0,4891.0,4891.0,4891.0,4891.0,4891.0,4891.0,4891.0,4891.0,4891.0,4891.0,4891.0,4891.0,4891.0,4891.0,4891.0,4891.0,4891.0,4891.0,4891.0,4891.0,4891.0,4891.0,4891.0,4891.0,4900.0,4900.0,4900.0,4900.0,4900.0,4900.0,4900.0,4900.0,4900.0,4900.0,4900.0,4900.0,4900.0,4900.0,4900.0,4900.0,4900.0,4900.0,4900.0,4900.0,4900.0,4900.0,4900.0,4900.0,4900.0,4900.0,4900.0,4900.0,4900.0,4900.0,4900.0,4900.0,4900.0,4900.0,4900.0,4900.0,4900.0,4900.0,4900.0,4900.0,4900.0,4900.0,4953.0,5039.0,,,,,,,,,,,,,,,,,,,,,,,,,,,,,,,,,,,,,,,,,,,,,,,,,,,,,,,,,,,,,,,,,,,,,,,,,,,,,,,,,,,,,,,,,,,,,,,,,,,,,,,,,,,,,,,,,,,,,,,,,,,,,,,,,,,,,,,,,,,,,,,,,,,6678.0
2018-06-09,ios,,,,,,21.0,21.0,21.0,21.0,21.0,21.0,21.0,21.0,21.0,21.0,21.0,21.0,21.0,21.0,21.0,21.0,21.0,21.0,21.0,21.0,21.0,21.0,21.0,21.0,21.0,21.0,21.0,21.0,21.0,21.0,21.0,21.0,21.0,21.0,21.0,21.0,21.0,21.0,21.0,21.0,21.0,21.0,21.0,21.0,21.0,21.0,21.0,21.0,21.0,21.0,21.0,21.0,21.0,21.0,21.0,21.0,21.0,21.0,21.0,21.0,21.0,21.0,21.0,21.0,21.0,21.0,21.0,21.0,21.0,21.0,21.0,21.0,21.0,21.0,21.0,21.0,21.0,21.0,21.0,21.0,21.0,21.0,21.0,21.0,21.0,21.0,21.0,21.0,21.0,21.0,21.0,21.0,21.0,21.0,21.0,21.0,21.0,21.0,21.0,21.0,21.0,21.0,21.0,21.0,21.0,21.0,21.0,21.0,21.0,21.0,21.0,21.0,21.0,21.0,21.0,21.0,21.0,21.0,21.0,21.0,21.0,21.0,21.0,21.0,21.0,21.0,21.0,21.0,21.0,21.0,21.0,21.0,21.0,21.0,21.0,21.0,21.0,21.0,21.0,21.0,21.0,21.0,21.0,21.0,21.0,21.0,21.0,21.0,21.0,21.0,21.0,21.0,21.0,21.0,21.0,21.0,21.0,21.0,21.0,21.0,21.0,21.0,21.0,21.0,21.0,21.0,21.0,21.0,21.0,21.0,21.0,21.0,21.0,21.0,21.0,21.0,21.0,21.0,21.0,21.0,21.0,21.0,21.0,21.0,21.0,21.0,21.0,21.0,21.0,21.0,21.0,21.0,21.0,21.0,21.0,21.0,21.0,21.0,21.0,21.0,21.0,21.0,21.0,21.0,21.0,21.0,21.0,21.0,21.0,21.0,21.0,21.0,21.0,21.0,21.0,21.0,21.0,21.0,21.0,21.0,21.0,21.0,21.0,21.0,21.0,21.0,21.0,21.0,21.0,21.0,21.0,21.0,21.0,21.0,21.0,21.0,21.0,21.0,21.0,21.0,21.0,21.0,21.0,21.0,21.0,21.0,21.0,21.0,21.0,21.0,21.0,21.0,21.0,21.0,21.0,21.0,21.0,21.0,21.0,21.0,21.0,21.0,21.0,21.0,21.0,21.0,21.0,21.0,21.0,21.0,21.0,21.0,21.0,21.0,21.0,21.0,21.0,21.0,21.0,21.0,21.0,21.0,21.0,21.0,21.0,21.0,21.0,21.0,21.0,21.0,21.0,21.0,21.0,21.0,21.0,21.0,21.0,21.0,21.0,21.0,21.0,21.0,21.0,21.0,21.0,21.0,21.0,21.0,21.0,21.0,21.0,21.0,21.0,21.0,21.0,21.0,21.0,21.0,21.0,21.0,21.0,21.0,21.0,21.0,21.0,21.0,21.0,21.0,21.0,21.0,21.0,21.0,21.0,21.0,21.0,21.0,21.0,21.0,21.0,21.0,21.0,21.0,21.0,21.0,21.0,21.0,21.0,21.0,21.0,21.0,21.0,21.0,21.0,21.0,21.0,21.0,21.0,21.0,21.0,21.0,21.0,21.0,21.0,21.0,21.0,21.0,21.0,21.0,21.0,21.0,21.0,21.0,21.0,21.0,21.0,21.0,21.0,21.0,21.0,21.0,21.0,21.0,21.0,21.0,21.0,21.0,21.0,21.0,21.0,21.0,21.0,21.0,21.0,21.0,21.0,21.0,21.0,21.0,21.0,21.0,21.0,21.0,21.0,21.0,21.0,21.0,21.0,21.0,21.0,21.0,21.0,21.0,21.0,21.0,21.0,21.0,21.0,21.0,21.0,21.0,21.0,21.0,21.0,21.0,21.0,21.0,21.0,21.0,21.0,21.0,21.0,21.0,21.0,21.0,21.0,21.0,21.0,21.0,21.0,21.0,21.0,21.0,21.0,21.0,21.0,21.0,21.0,21.0,21.0,21.0,21.0,21.0,21.0,21.0,21.0,21.0,21.0,21.0,21.0,21.0,21.0,21.0,21.0,21.0,21.0,21.0,21.0,21.0,21.0,21.0,21.0,21.0,21.0,21.0,21.0,21.0,29.0,130.0,236.0,238.0,238.0,238.0,238.0,238.0,238.0,238.0,238.0,238.0,238.0,238.0,238.0,238.0,262.0,376.0,480.0,480.0,480.0,480.0,480.0,480.0,480.0,480.0,580.0,640.0,696.0,696.0,696.0,696.0,696.0,696.0,696.0,696.0,696.0,696.0,696.0,696.0,696.0,708.0,734.0,807.0,850.0,851.0,851.0,851.0,851.0,851.0,851.0,851.0,851.0,851.0,857.0,857.0,857.0,857.0,857.0,857.0,857.0,857.0,857.0,857.0,857.0,857.0,857.0,857.0,857.0,857.0,857.0,857.0,857.0,857.0,857.0,857.0,857.0,857.0,857.0,857.0,857.0,857.0,857.0,857.0,857.0,857.0,857.0,857.0,857.0,857.0,857.0,857.0,857.0,857.0,857.0,857.0,857.0,857.0,857.0,857.0,857.0,857.0,857.0,857.0,857.0,857.0,857.0,857.0,857.0,857.0,857.0,857.0,857.0,857.0,857.0,857.0,857.0,857.0,857.0,903.0,903.0,921.0,945.0,957.0,1037.0,1081.0,1081.0,1081.0,1081.0,1081.0,1081.0,1081.0,1081.0,1081.0,1081.0,1081.0,1081.0,1081.0,1081.0,1118.0,1184.0,1287.0,1362.0,1396.0,1440.0,1448.0,1493.0,1495.0,1495.0,1495.0,1495.0,1495.0,1495.0,1495.0,1495.0,1495.0,1495.0,1495.0,1495.0,1495.0,1495.0,1495.0,1495.0,1495.0,1495.0,1495.0,1495.0,1495.0,1495.0,1495.0,1495.0,1495.0,1495.0,1495.0,1495.0,1495.0,1495.0,1495.0,1495.0,1495.0,1495.0,1495.0,1495.0,1495.0,1495.0,1495.0,1495.0,1495.0,1495.0,1495.0,1495.0,1495.0,1495.0,1495.0,1495.0,1495.0,1495.0,1495.0,1495.0,1495.0,1495.0,1495.0,1495.0,1495.0,1495.0,1495.0,1495.0,1495.0,1495.0,1495.0,1495.0,1495.0,1495.0,1495.0,1495.0,1495.0,1495.0,1495.0,1495.0,1495.0,1495.0,1495.0,1495.0,1495.0,1495.0,1495.0,1495.0,1495.0,1495.0,1495.0,1495.0,1495.0,1495.0,1495.0,1495.0,1495.0,1495.0,1495.0,1495.0,1495.0,1495.0,1495.0,1495.0,1495.0,1495.0,1495.0,1495.0,1495.0,1495.0,1495.0,1495.0,1495.0,1495.0,1495.0,1495.0,1495.0,1495.0,1495.0,1495.0,1495.0,1495.0,1495.0,1495.0,1495.0,1495.0,1495.0,1495.0,1495.0,1495.0,1495.0,1495.0,1495.0,1495.0,1495.0,1495.0,1495.0,1495.0,1495.0,1495.0,1495.0,1495.0,1495.0,1495.0,1495.0,1495.0,1495.0,1495.0,1495.0,1495.0,1495.0,1495.0,1495.0,1495.0,1495.0,1495.0,1495.0,1495.0,1495.0,1495.0,1512.0,1528.0,1528.0,1528.0,1528.0,1554.0,1587.0,1678.0,1710.0,1790.0,1829.0,1829.0,1829.0,1829.0,1829.0,1829.0,1829.0,1829.0,1829.0,1837.0,1837.0,1883.0,1883.0,1918.0,1967.0,1982.0,2000.0,2013.0,2013.0,2013.0,2013.0,2013.0,2013.0,2013.0,2013.0,2013.0,2013.0,2013.0,2013.0,2013.0,2013.0,2013.0,2013.0,2013.0,2013.0,2013.0,2013.0,2013.0,2013.0,2013.0,2013.0,2013.0,2013.0,2013.0,2013.0,2013.0,2013.0,2013.0,2013.0,2013.0,2013.0,2013.0,2013.0,2013.0,2013.0,2013.0,2013.0,2013.0,2013.0,2013.0,2013.0,2013.0,2013.0,2013.0,2013.0,2013.0,2013.0,2013.0,2013.0,2013.0,2013.0,2013.0,2013.0,2013.0,2023.0,2023.0,2023.0,2116.0,2173.0,2184.0,2216.0,2216.0,2216.0,2216.0,2216.0,2216.0,2216.0,2216.0,2216.0,2216.0,2216.0,2216.0,2243.0,2243.0,2243.0,2243.0,2243.0,2243.0,2243.0,2243.0,2243.0,2243.0,2243.0,2243.0,2243.0,2243.0,2243.0,2243.0,2243.0,2243.0,2243.0,2243.0,2243.0,2243.0,2243.0,2243.0,2243.0,2243.0,2243.0,2243.0,2243.0,2243.0,2243.0,2243.0,2243.0,2243.0,2243.0,2243.0,2243.0,2243.0,2243.0,2243.0,2243.0,2243.0,2243.0,2243.0,2243.0,2243.0,2243.0,2243.0,2243.0,2243.0,2243.0,2243.0,2243.0,2243.0,2243.0,2243.0,2243.0,2243.0,2243.0,2275.0,2275.0,2275.0,2275.0,2275.0,2275.0,2275.0,2275.0,2291.0,2363.0,2418.0,2460.0,2467.0,2467.0,2467.0,2467.0,2467.0,2467.0,2467.0,2467.0,2467.0,2467.0,2467.0,2467.0,2467.0,2467.0,2467.0,2467.0,2477.0,2477.0,2477.0,2477.0,2477.0,2528.0,2546.0,2612.0,2668.0,2706.0,2706.0,2706.0,2706.0,2706.0,2706.0,2706.0,2706.0,2715.0,2715.0,2715.0,2715.0,2715.0,2715.0,2715.0,2715.0,2715.0,2715.0,2715.0,2715.0,2715.0,2715.0,2715.0,2715.0,2715.0,2715.0,2715.0,2715.0,2715.0,2715.0,2715.0,2715.0,2715.0,2715.0,2715.0,2715.0,2715.0,2715.0,2715.0,2715.0,2715.0,2715.0,2722.0,2737.0,2737.0,2737.0,2737.0,2737.0,2737.0,2737.0,2737.0,2737.0,2737.0,2737.0,2737.0,2754.0,2754.0,2754.0,2765.0,2765.0,2765.0,2765.0,2765.0,2765.0,2765.0,2765.0,2765.0,2765.0,2765.0,2765.0,2765.0,2765.0,2765.0,2765.0,2765.0,2765.0,2765.0,2765.0,2765.0,2804.0,2900.0,2944.0,2964.0,2964.0,2964.0,2964.0,2964.0,2964.0,2964.0,2964.0,2964.0,2964.0,2964.0,2964.0,2964.0,2964.0,2964.0,2964.0,2964.0,2964.0,2964.0,2964.0,2964.0,2964.0,2964.0,2964.0,2964.0,2964.0,2964.0,2964.0,2964.0,2964.0,2964.0,2972.0,2980.0,2980.0,2980.0,2980.0,2980.0,2980.0,2980.0,2980.0,2980.0,2980.0,2980.0,2980.0,2980.0,2980.0,2980.0,2980.0,2980.0,2980.0,2980.0,2980.0,2980.0,2980.0,2980.0,2980.0,2980.0,2980.0,2980.0,2980.0,2980.0,2980.0,2980.0,2980.0,2980.0,2980.0,2980.0,2980.0,2980.0,2980.0,2980.0,2980.0,2980.0,2980.0,2980.0,2980.0,2980.0,2980.0,2980.0,2980.0,2980.0,2980.0,2980.0,2980.0,2980.0,2980.0,2980.0,2980.0,2980.0,2980.0,2980.0,2980.0,2980.0,2980.0,2980.0,2980.0,2980.0,2980.0,2980.0,2980.0,2980.0,2980.0,2980.0,2980.0,2980.0,2980.0,2980.0,2980.0,2980.0,2980.0,2980.0,2980.0,2980.0,2980.0,2980.0,2980.0,2980.0,2980.0,2980.0,2980.0,2980.0,2980.0,2980.0,2980.0,2980.0,2980.0,2980.0,2980.0,2980.0,2980.0,2980.0,2980.0,2980.0,2980.0,2980.0,2980.0,2980.0,2980.0,2980.0,2980.0,2980.0,2980.0,2980.0,2980.0,2980.0,2980.0,2980.0,2980.0,2980.0,2980.0,2980.0,2980.0,2980.0,2980.0,2980.0,2980.0,2980.0,2980.0,2980.0,2980.0,2980.0,2980.0,2980.0,2980.0,2980.0,2980.0,2999.0,2999.0,2999.0,2999.0,2999.0,2999.0,2999.0,2999.0,2999.0,2999.0,,,,,,,,,,,,,,,,,,,,,,,,,,,,,,,,,,,,,,,,,,,,,,,,,,,,,,,,,,,,,,,,,,,,,,,,,,,,,,,,,,,,,,,,,,,,,,,,,,,,,,,,,,,,,,,,,,,,,,,,,,,,,,,,,,,,,,,,,,,,,,,,,,,,,,,,,,,,,,,,,,,,,,,,,,,,,,,,,,,,,,,,,,,,,,,,,,,,,,,,,,,,
2018-06-10,ios,,,,,,,,,,,,,,,,,,,,,,,,,,,,,,,,,,,,,,,,,,,,,,,,,,,,,,,,,,,,,,,,,,,,,,,,,,,,,,,,,,,,,,,,,,,,,,,,,,,,,,,,,,,,,,,,,,,,,,,,,,,,,,,,,,,,,,,,,,,,,,,,,,,,,,,,,,,,,,,,,,,,,,,,,,,,,,,,,,,,,,,,,,,,,,,,,,,,,,,,,,,,,,,,,,,,,,,,,,,,,,,,,,,,,,,,,,,,,,,,,,,,,,,,,,,,,,,,,,,,,,,,,,,,,,,,,,,,,,,,,,,,,,,,,,,,,,,,,,,,,,,,,,,,,,,,,,,,,,,,,,,,,,,,,,,,,,,,,,,,,,,,,,,,,,,,,,,,,,,,,,,,,,,,,,,,,,,,,,,,,,,,,,,,,,,,,,,,,,,,,,,,,,,,,,,,,,,,,,,,,,,,,14.0,14.0,14.0,14.0,14.0,14.0,14.0,14.0,14.0,14.0,14.0,14.0,14.0,14.0,14.0,24.0,24.0,24.0,24.0,24.0,24.0,24.0,24.0,24.0,24.0,24.0,38.0,38.0,60.0,68.0,68.0,68.0,68.0,68.0,68.0,68.0,68.0,68.0,68.0,81.0,97.0,106.0,106.0,106.0,106.0,106.0,106.0,106.0,106.0,106.0,106.0,106.0,106.0,106.0,106.0,106.0,106.0,106.0,106.0,106.0,106.0,106.0,106.0,106.0,106.0,106.0,115.0,140.0,140.0,140.0,140.0,140.0,140.0,140.0,140.0,140.0,140.0,140.0,140.0,140.0,140.0,140.0,140.0,140.0,140.0,140.0,140.0,140.0,140.0,140.0,140.0,140.0,140.0,140.0,140.0,140.0,140.0,140.0,140.0,140.0,140.0,140.0,140.0,140.0,140.0,140.0,140.0,140.0,140.0,140.0,140.0,140.0,140.0,140.0,140.0,140.0,140.0,140.0,140.0,140.0,140.0,140.0,140.0,140.0,140.0,140.0,140.0,140.0,140.0,140.0,140.0,140.0,140.0,140.0,140.0,140.0,140.0,140.0,140.0,140.0,140.0,140.0,140.0,140.0,140.0,140.0,140.0,140.0,140.0,140.0,140.0,140.0,140.0,140.0,140.0,140.0,140.0,140.0,140.0,140.0,140.0,140.0,140.0,140.0,140.0,140.0,140.0,140.0,140.0,140.0,140.0,140.0,140.0,140.0,140.0,140.0,140.0,140.0,140.0,140.0,140.0,140.0,140.0,140.0,140.0,140.0,140.0,140.0,140.0,140.0,140.0,140.0,140.0,140.0,140.0,140.0,140.0,140.0,140.0,140.0,140.0,140.0,140.0,140.0,140.0,140.0,140.0,140.0,140.0,140.0,140.0,140.0,140.0,140.0,140.0,140.0,140.0,140.0,140.0,140.0,140.0,140.0,140.0,140.0,140.0,140.0,140.0,140.0,140.0,140.0,140.0,140.0,140.0,140.0,140.0,140.0,140.0,140.0,140.0,140.0,140.0,140.0,140.0,140.0,140.0,140.0,140.0,140.0,140.0,140.0,140.0,140.0,140.0,140.0,140.0,140.0,140.0,140.0,140.0,140.0,140.0,140.0,140.0,140.0,140.0,140.0,140.0,140.0,140.0,140.0,140.0,140.0,140.0,140.0,140.0,140.0,140.0,140.0,140.0,140.0,140.0,140.0,140.0,140.0,140.0,140.0,140.0,140.0,140.0,140.0,140.0,140.0,140.0,140.0,140.0,140.0,140.0,140.0,140.0,140.0,140.0,140.0,140.0,140.0,140.0,140.0,140.0,140.0,140.0,140.0,140.0,140.0,140.0,140.0,140.0,140.0,140.0,140.0,140.0,140.0,140.0,140.0,140.0,140.0,140.0,140.0,140.0,140.0,140.0,140.0,140.0,140.0,140.0,142.0,208.0,208.0,208.0,208.0,208.0,208.0,208.0,208.0,208.0,208.0,208.0,208.0,208.0,208.0,208.0,208.0,208.0,208.0,208.0,208.0,208.0,208.0,208.0,208.0,208.0,208.0,208.0,208.0,208.0,208.0,208.0,208.0,208.0,208.0,208.0,208.0,208.0,208.0,208.0,208.0,208.0,208.0,208.0,208.0,208.0,208.0,208.0,208.0,208.0,208.0,208.0,208.0,208.0,208.0,208.0,208.0,208.0,208.0,208.0,208.0,208.0,208.0,208.0,208.0,208.0,208.0,208.0,208.0,208.0,222.0,229.0,229.0,229.0,229.0,229.0,229.0,229.0,229.0,229.0,229.0,229.0,229.0,229.0,229.0,229.0,229.0,229.0,229.0,229.0,229.0,229.0,229.0,229.0,229.0,229.0,229.0,229.0,229.0,229.0,229.0,229.0,229.0,229.0,229.0,229.0,229.0,229.0,229.0,229.0,229.0,229.0,229.0,229.0,229.0,229.0,229.0,229.0,229.0,229.0,229.0,229.0,229.0,229.0,229.0,260.0,261.0,261.0,261.0,261.0,261.0,261.0,261.0,261.0,261.0,261.0,261.0,261.0,261.0,261.0,261.0,261.0,261.0,261.0,261.0,261.0,261.0,261.0,261.0,261.0,261.0,261.0,261.0,268.0,268.0,268.0,268.0,268.0,268.0,268.0,268.0,268.0,268.0,268.0,326.0,416.0,482.0,485.0,485.0,485.0,485.0,485.0,485.0,485.0,485.0,485.0,485.0,523.0,601.0,709.0,826.0,935.0,1051.0,1161.0,1250.0,1369.0,1471.0,1580.0,1688.0,1693.0,1710.0,1747.0,1747.0,1837.0,1956.0,2057.0,2172.0,2294.0,2382.0,2383.0,2383.0,2383.0,2399.0,2418.0,2439.0,2568.0,2686.0,2744.0,2761.0,2823.0,2823.0,2823.0,2823.0,2823.0,2836.0,2851.0,2860.0,2885.0,2889.0,2889.0,2978.0,3072.0,3155.0,3178.0,3253.0,3347.0,3447.0,3533.0,3637.0,3742.0,3840.0,3861.0,3944.0,4054.0,4162.0,4239.0,4326.0,4326.0,4337.0,4337.0,4353.0,4353.0,4364.0,4364.0,4364.0,4364.0,4364.0,4364.0,4406.0,4494.0,4562.0,4635.0,4663.0,4746.0,4845.0,4934.0,5003.0,5047.0,5047.0,5067.0,5151.0,5254.0,5331.0,5380.0,5380.0,5380.0,5380.0,5380.0,5380.0,5380.0,5380.0,5380.0,5380.0,5380.0,5380.0,5380.0,5380.0,5380.0,5380.0,,,,,,,,,,,,,,,,,,,,,,,,,,,,,,,,,,,,,,,,,,,,,,,,,,,,,,,,,,,,,,,,,,,,,,,,,,,,,,,,,,,,,,,,,,,,,,,,,,,,,,,,,,,,,,,,,,,,,,,,,,,,,,,,,,,,,,,,,,,,,,,,,,,,,,,,,,,,,,,,,,,,,,,,,,,,,,,,,,,,,,,,,,,,,,,,,,,,,,,,,,,,,,,,,,,,,,,,,,,,,,,,,,,,,,,,,,,,,,,,,,,,,,,,,,,,,,,,,,,,,,,,,,,,,,,,,,,,,,,,,,,,,,,,,,,,,,,,,,,,,,,,,,,,,,,,,,,,,,,,,,,,,,,,,,,,,,,,,,,,,,,,,,,,,,,,,,,,,,,,,,,,,,,,,,,,,,,,,,,,,,,,,,,,,,,,,,,,,,,,,,,,
2018-06-11,ios,,,,,,,,,,,,,,,,,,,,,,,,,,,,,,,,,,,,,,,,,,,,,,,,,,,,,,,,,,,,,,,,,,,,,,,,,,,,,,,,,,,,,,,,,,,,,,,,,,,,,,,,,,,,,,,,,,,,,,,,,,,,,,,,,,,,,,,,,,,,,,,,,,,,,,,,,,,,,,,,,,,,,,,,,,,,,,,,,,,,,,,,,,,,,,,,,,,,,,,,,,,,,,,,,,,,,,,,,,,,,,,,,,,,,,,,,,,,,,,,,,,,,,,,,,,,,,,,,,,,,,,,,,,,,,,,,,,,,,,,,,,,,,,,,,,,,,,,,,,,,,,,,,,,,,,,,,,,,,,,,,,,,,,,,,,,,,,,,,,,,,,,,,,,,,,,,,,,,,,,,,,,,,,,,,,,,,,,,,,,,,,,,,,,,,,,,,,,,,,,,,,,,,,,,,,,,,,,,,,,,,,,,,,,,,,,,,,,,,9.0,9.0,9.0,9.0,9.0,9.0,9.0,9.0,9.0,9.0,9.0,9.0,9.0,9.0,9.0,9.0,9.0,9.0,9.0,9.0,9.0,9.0,9.0,9.0,9.0,9.0,9.0,9.0,9.0,9.0,9.0,9.0,9.0,9.0,9.0,9.0,9.0,9.0,9.0,9.0,9.0,9.0,9.0,9.0,9.0,9.0,9.0,9.0,9.0,9.0,9.0,9.0,9.0,9.0,9.0,9.0,9.0,9.0,44.0,52.0,101.0,170.0,232.0,261.0,261.0,261.0,261.0,261.0,261.0,261.0,261.0,261.0,261.0,261.0,261.0,261.0,261.0,261.0,261.0,261.0,261.0,261.0,261.0,261.0,261.0,261.0,261.0,261.0,261.0,261.0,261.0,261.0,292.0,353.0,394.0,394.0,442.0,442.0,442.0,442.0,442.0,463.0,491.0,491.0,501.0,501.0,518.0,518.0,518.0,529.0,529.0,529.0,529.0,529.0,537.0,537.0,537.0,537.0,537.0,537.0,537.0,537.0,537.0,537.0,561.0,561.0,561.0,561.0,561.0,561.0,611.0,691.0,699.0,707.0,707.0,707.0,707.0,707.0,707.0,727.0,727.0,727.0,727.0,727.0,727.0,727.0,727.0,727.0,727.0,727.0,727.0,727.0,727.0,727.0,727.0,832.0,847.0,847.0,934.0,935.0,935.0,961.0,972.0,989.0,990.0,990.0,990.0,990.0,990.0,990.0,990.0,990.0,990.0,990.0,990.0,990.0,1003.0,1003.0,1003.0,1003.0,1003.0,1003.0,1003.0,1003.0,1003.0,1003.0,1003.0,1003.0,1003.0,1003.0,1003.0,1003.0,1003.0,1003.0,1003.0,1003.0,1003.0,1003.0,1003.0,1003.0,1003.0,1003.0,1003.0,1003.0,1003.0,1003.0,1003.0,1003.0,1003.0,1003.0,1003.0,1003.0,1003.0,1003.0,1003.0,1003.0,1003.0,1003.0,1003.0,1003.0,1003.0,1003.0,1003.0,1003.0,1003.0,1003.0,1003.0,1003.0,1003.0,1003.0,1003.0,1003.0,1003.0,1003.0,1003.0,1003.0,1003.0,1003.0,1003.0,1003.0,1003.0,1003.0,1003.0,1003.0,1003.0,1003.0,1003.0,1003.0,1003.0,1003.0,1003.0,1003.0,1003.0,1003.0,1003.0,1003.0,1003.0,1003.0,1003.0,1003.0,1003.0,1003.0,1012.0,1012.0,1012.0,1028.0,1028.0,1028.0,1028.0,1028.0,1028.0,1028.0,1028.0,1028.0,1028.0,1028.0,1028.0,1028.0,1028.0,1028.0,1028.0,1028.0,1028.0,1028.0,1028.0,1028.0,1028.0,1028.0,1028.0,1028.0,1028.0,1028.0,1028.0,1028.0,1028.0,1028.0,1028.0,1028.0,1028.0,1028.0,1028.0,1028.0,1028.0,1028.0,1028.0,1028.0,1028.0,1028.0,1028.0,1028.0,1028.0,1028.0,1028.0,1028.0,1028.0,1028.0,1028.0,1028.0,1028.0,1028.0,1028.0,1028.0,1028.0,1028.0,1028.0,1028.0,1053.0,1058.0,1058.0,1058.0,1058.0,1058.0,1058.0,1058.0,1058.0,1058.0,1058.0,1058.0,1058.0,1058.0,1058.0,1058.0,1058.0,1058.0,1058.0,1058.0,1058.0,1058.0,1058.0,1058.0,1058.0,1058.0,1058.0,1058.0,1058.0,1058.0,1058.0,1058.0,1058.0,1058.0,1058.0,1058.0,1058.0,1058.0,1058.0,1058.0,1058.0,1058.0,1058.0,1058.0,1058.0,1058.0,1058.0,1058.0,1058.0,1058.0,1058.0,1058.0,1058.0,1058.0,1058.0,1058.0,1058.0,1058.0,1058.0,1058.0,1058.0,1058.0,1058.0,1058.0,1058.0,1058.0,1058.0,1058.0,1058.0,1058.0,1058.0,1058.0,1058.0,1058.0,1058.0,1058.0,1058.0,1058.0,1058.0,1058.0,1058.0,1058.0,1058.0,1058.0,1058.0,1058.0,1058.0,1058.0,1058.0,1058.0,1058.0,1058.0,1058.0,1058.0,1058.0,1058.0,1103.0,1115.0,1115.0,1115.0,1115.0,1115.0,1115.0,1115.0,1115.0,1115.0,1115.0,1115.0,1115.0,1115.0,1115.0,1115.0,1115.0,1115.0,1115.0,1115.0,1115.0,1115.0,1115.0,1115.0,1115.0,1115.0,1115.0,1115.0,1115.0,1115.0,1115.0,1115.0,1115.0,1115.0,1115.0,1115.0,1115.0,1115.0,1115.0,1115.0,1115.0,1115.0,1115.0,1115.0,1115.0,1115.0,1115.0,1115.0,1115.0,1115.0,1115.0,1115.0,1115.0,1115.0,1115.0,1115.0,1115.0,1115.0,1115.0,1115.0,1115.0,1115.0,1115.0,1115.0,1115.0,1115.0,1115.0,1115.0,1115.0,1115.0,1115.0,1115.0,1115.0,1115.0,1115.0,1115.0,1115.0,1115.0,1115.0,1115.0,1115.0,1115.0,1115.0,1115.0,1115.0,1115.0,1115.0,1115.0,1115.0,1115.0,1115.0,1115.0,1115.0,1115.0,1115.0,1115.0,1115.0,1115.0,1115.0,1115.0,1115.0,1115.0,1115.0,1115.0,1115.0,1115.0,1115.0,1115.0,1115.0,1115.0,1115.0,1115.0,1115.0,1115.0,1115.0,1115.0,1115.0,1115.0,1115.0,1115.0,1115.0,1115.0,1115.0,1115.0,1115.0,1115.0,1115.0,1115.0,1115.0,1115.0,1115.0,1115.0,1115.0,1115.0,1115.0,1115.0,1115.0,1115.0,1115.0,1115.0,1115.0,1115.0,1115.0,1115.0,1115.0,1115.0,1115.0,1115.0,1115.0,1115.0,1115.0,1115.0,1115.0,1115.0,1115.0,1115.0,1115.0,1115.0,1115.0,1115.0,1115.0,1115.0,1115.0,1115.0,1115.0,1115.0,1127.0,1127.0,1127.0,1127.0,1127.0,1127.0,1127.0,1127.0,1127.0,1127.0,1127.0,1127.0,1127.0,1127.0,1127.0,1127.0,1127.0,1127.0,1127.0,1127.0,1127.0,1127.0,1127.0,1127.0,1127.0,1127.0,1127.0,1127.0,1127.0,1127.0,1127.0,1127.0,1127.0,1127.0,1127.0,1127.0,1127.0,1127.0,1127.0,1127.0,1127.0,1127.0,1127.0,1127.0,1127.0,1127.0,1127.0,1127.0,1127.0,1127.0,1127.0,1127.0,1127.0,1127.0,1127.0,1127.0,1127.0,1127.0,1127.0,1127.0,1127.0,1127.0,1127.0,1127.0,1127.0,1127.0,1127.0,1127.0,1127.0,1127.0,1127.0,1127.0,1127.0,1127.0,1127.0,1127.0,1127.0,1127.0,1127.0,1127.0,1127.0,1127.0,1127.0,1127.0,1127.0,1127.0,1127.0,1127.0,1127.0,1127.0,1127.0,1127.0,1127.0,1127.0,1127.0,1127.0,1127.0,1127.0,1127.0,1127.0,1127.0,1140.0,1152.0,1152.0,1210.0,1286.0,1340.0,1340.0,1340.0,1340.0,1340.0,1340.0,1340.0,1340.0,1340.0,1340.0,1340.0,1365.0,1463.0,1560.0,1560.0,1560.0,1560.0,1560.0,1560.0,1560.0,1560.0,1560.0,1560.0,1560.0,1560.0,1560.0,1560.0,1560.0,1560.0,1560.0,1560.0,1560.0,1560.0,1560.0,1560.0,1560.0,1560.0,1560.0,1560.0,1560.0,1560.0,1560.0,1560.0,1560.0,1560.0,1560.0,1560.0,1560.0,1560.0,1560.0,1560.0,1560.0,1560.0,1560.0,1560.0,1560.0,1560.0,1560.0,1560.0,1560.0,1560.0,1560.0,1560.0,1594.0,1695.0,1781.0,1781.0,1805.0,1819.0,1920.0,2013.0,2101.0,2114.0,2218.0,2286.0,2286.0,2311.0,2366.0,2383.0,2384.0,2450.0,2491.0,2495.0,2505.0,2513.0,2513.0,2525.0,2534.0,2534.0,2534.0,2563.0,2563.0,2585.0,2595.0,2603.0,2603.0,2649.0,2681.0,2716.0,2729.0,2729.0,2749.0,2749.0,2749.0,2749.0,2759.0,2759.0,2771.0,2822.0,2836.0,2875.0,2875.0,2875.0,2875.0,2876.0,2962.0,3053.0,3067.0,3067.0,3067.0,3067.0,3067.0,3067.0,3067.0,3067.0,3067.0,3135.0,3178.0,3197.0,3222.0,3314.0,3314.0,3314.0,3314.0,3314.0,3370.0,3468.0,3571.0,3583.0,3583.0,3583.0,3630.0,3718.0,3718.0,3805.0,3832.0,3922.0,3922.0,3922.0,3922.0,3922.0,3922.0,3922.0,3922.0,3922.0,3922.0,3960.0,4060.0,4153.0,4183.0,4183.0,4183.0,4183.0,4183.0,4183.0,4183.0,4183.0,4183.0,4183.0,4183.0,4183.0,4183.0,4183.0,4183.0,4183.0,4183.0,4183.0,4183.0,4183.0,4183.0,4183.0,4183.0,4183.0,4183.0,4183.0,4183.0,4183.0,4183.0,4183.0,4183.0,4183.0,4183.0,4183.0,4183.0,4183.0,4183.0,4183.0,4183.0,4189.0,4195.0,4195.0,4195.0,4195.0,4195.0,4195.0,4195.0,4195.0,4195.0,4228.0,4228.0,4228.0,4228.0,4228.0,4228.0,4228.0,4228.0,4228.0,4228.0,4228.0,4228.0,4228.0,4228.0,4228.0,4228.0,4228.0,4228.0,4228.0,4228.0,4228.0,4228.0,4228.0,4228.0,4228.0,4228.0,4228.0,4228.0,4228.0,4228.0,4228.0,4228.0,4228.0,4228.0,4228.0,4228.0,4228.0,4228.0,4228.0,4228.0,4228.0,4228.0,4228.0,4228.0,4228.0,4228.0,,,,,,,,,,,,,,,,,,,,,,,,,,,,,,,,,,,,,,,,,,,,,,,,,,,,,,,
2018-06-12,ios,,,,,,,,,,,,,,,,,,,,,,,,,,,,,,,,,,,,,,,,,,,,,,,,,,,,,,,,,,,,,,,,,,,,,,,,,,,,,,,,,,,,,,,,,,,,,,,,,,,,,,,,,,,,,,,,,,,,,,,,,,,,,,,,,,,,,,,,,,,,,,,,,,,,,,,,,,,,,,,,,,,,,,,,,,,,,,,,,,,,,,,,,,,,,,,,,,,,,,,,,,,,,,,,,,,,,,,,,,,,,,,,,,,,,,,,,,,,,,,,,,,,,,,,,,,,,,,,,,,,,,,,,,,,,,,,,,,,,,,,,,,,,,,,,,,,,,,,,,,,,,,,,,,,,,,,,,,,,,,,,,,,,,,,,,,,,,,,,,,,,,,,,,,,,,,,,,,,,,,,,,,,,,,,,,,,,,,,,,,,,,,,,,,,,,,,,,,,,,,,,,,,,,,,,,,,,,,,,,,,,,,,,,,,,,,,,,18.0,18.0,18.0,18.0,18.0,18.0,18.0,18.0,18.0,18.0,18.0,18.0,18.0,18.0,18.0,18.0,18.0,18.0,18.0,18.0,18.0,18.0,18.0,18.0,18.0,18.0,18.0,18.0,18.0,18.0,18.0,46.0,46.0,46.0,46.0,46.0,46.0,46.0,46.0,46.0,46.0,46.0,46.0,46.0,46.0,46.0,46.0,46.0,46.0,46.0,46.0,46.0,46.0,46.0,71.0,72.0,72.0,88.0,88.0,112.0,112.0,124.0,197.0,296.0,369.0,369.0,369.0,369.0,369.0,369.0,369.0,369.0,369.0,369.0,369.0,369.0,450.0,452.0,452.0,452.0,452.0,452.0,452.0,452.0,452.0,452.0,452.0,452.0,452.0,452.0,452.0,452.0,452.0,452.0,452.0,452.0,452.0,452.0,452.0,452.0,452.0,452.0,452.0,452.0,452.0,452.0,452.0,452.0,452.0,495.0,495.0,504.0,504.0,579.0,580.0,580.0,600.0,610.0,626.0,626.0,632.0,635.0,635.0,635.0,699.0,744.0,746.0,757.0,757.0,757.0,757.0,757.0,778.0,796.0,796.0,806.0,825.0,825.0,852.0,852.0,852.0,852.0,868.0,868.0,876.0,876.0,876.0,901.0,1009.0,1136.0,1213.0,1213.0,1213.0,1213.0,1213.0,1213.0,1213.0,1213.0,1234.0,1234.0,1245.0,1246.0,1260.0,1272.0,1346.0,1443.0,1490.0,1611.0,1696.0,1771.0,1808.0,1808.0,1808.0,1808.0,1808.0,1808.0,1808.0,1808.0,1808.0,1808.0,1808.0,1808.0,1808.0,1808.0,1808.0,1808.0,1808.0,1808.0,1808.0,1808.0,1808.0,1808.0,1808.0,1808.0,1808.0,1808.0,1808.0,1808.0,1808.0,1808.0,1808.0,1808.0,1808.0,1808.0,1808.0,1808.0,1823.0,1836.0,1847.0,1847.0,1847.0,1847.0,1847.0,1847.0,1847.0,1847.0,1847.0,1847.0,1847.0,1847.0,1847.0,1847.0,1847.0,1847.0,1847.0,1847.0,1847.0,1847.0,1847.0,1857.0,1881.0,1881.0,1881.0,1881.0,1881.0,1881.0,1881.0,1881.0,1881.0,1881.0,1881.0,1881.0,1881.0,1881.0,1881.0,1881.0,1881.0,1881.0,1881.0,1881.0,1881.0,1881.0,1881.0,1881.0,1881.0,1881.0,1881.0,1881.0,1881.0,1881.0,1881.0,1881.0,1881.0,1881.0,1881.0,1912.0,1951.0,1951.0,1951.0,1951.0,1951.0,1951.0,1951.0,1998.0,2095.0,2141.0,2141.0,2141.0,2141.0,2141.0,2141.0,2141.0,2141.0,2141.0,2141.0,2141.0,2141.0,2141.0,2141.0,2141.0,2141.0,2141.0,2141.0,2141.0,2141.0,2141.0,2141.0,2141.0,2141.0,2141.0,2141.0,2141.0,2141.0,2141.0,2141.0,2141.0,2141.0,2141.0,2141.0,2141.0,2141.0,2141.0,2141.0,2141.0,2141.0,2141.0,2141.0,2141.0,2141.0,2141.0,2141.0,2141.0,2141.0,2141.0,2141.0,2141.0,2141.0,2141.0,2141.0,2141.0,2141.0,2141.0,2141.0,2162.0,2203.0,2203.0,2203.0,2203.0,2203.0,2203.0,2203.0,2203.0,2203.0,2203.0,2203.0,2203.0,2203.0,2203.0,2203.0,2203.0,2203.0,2203.0,2203.0,2203.0,2203.0,2203.0,2203.0,2203.0,2203.0,2203.0,2203.0,2203.0,2203.0,2203.0,2203.0,2203.0,2203.0,2203.0,2203.0,2203.0,2203.0,2203.0,2203.0,2203.0,2203.0,2203.0,2203.0,2203.0,2203.0,2203.0,2203.0,2203.0,2203.0,2203.0,2203.0,2203.0,2203.0,2203.0,2203.0,2203.0,2203.0,2203.0,2203.0,2203.0,2203.0,2203.0,2203.0,2203.0,2203.0,2203.0,2203.0,2203.0,2203.0,2203.0,2203.0,2203.0,2203.0,2203.0,2203.0,2203.0,2203.0,2203.0,2244.0,2253.0,2320.0,2376.0,2433.0,2433.0,2433.0,2433.0,2433.0,2433.0,2441.0,2452.0,2452.0,2452.0,2452.0,2452.0,2452.0,2452.0,2452.0,2452.0,2452.0,2452.0,2452.0,2452.0,2452.0,2452.0,2452.0,2452.0,2452.0,2452.0,2452.0,2452.0,2452.0,2452.0,2452.0,2452.0,2452.0,2452.0,2452.0,2452.0,2452.0,2452.0,2452.0,2452.0,2452.0,2452.0,2452.0,2452.0,2452.0,2452.0,2452.0,2452.0,2452.0,2452.0,2452.0,2452.0,2452.0,2452.0,2452.0,2452.0,2452.0,2452.0,2452.0,2452.0,2452.0,2452.0,2452.0,2452.0,2452.0,2452.0,2452.0,2452.0,2452.0,2452.0,2452.0,2452.0,2452.0,2452.0,2452.0,2452.0,2452.0,2452.0,2452.0,2452.0,2452.0,2452.0,2452.0,2452.0,2452.0,2452.0,2452.0,2452.0,2452.0,2452.0,2452.0,2452.0,2452.0,2452.0,2452.0,2452.0,2452.0,2452.0,2452.0,2452.0,2452.0,2452.0,2452.0,2452.0,2452.0,2452.0,2452.0,2452.0,2452.0,2452.0,2452.0,2452.0,2452.0,2452.0,2452.0,2452.0,2452.0,2452.0,2452.0,2452.0,2452.0,2452.0,2452.0,2452.0,2452.0,2452.0,2452.0,2452.0,2452.0,2452.0,2452.0,2452.0,2452.0,2452.0,2452.0,2452.0,2452.0,2452.0,2452.0,2452.0,2452.0,2452.0,2452.0,2452.0,2452.0,2452.0,2452.0,2452.0,2452.0,2452.0,2452.0,2452.0,2452.0,2452.0,2452.0,2452.0,2452.0,2452.0,2452.0,2452.0,2452.0,2452.0,2452.0,2452.0,2452.0,2452.0,2452.0,2452.0,2452.0,2452.0,2452.0,2452.0,2452.0,2452.0,2452.0,2452.0,2452.0,2452.0,2452.0,2452.0,2452.0,2452.0,2452.0,2452.0,2452.0,2452.0,2452.0,2452.0,2452.0,2452.0,2452.0,2452.0,2452.0,2452.0,2452.0,2452.0,2452.0,2452.0,2452.0,2452.0,2452.0,2452.0,2452.0,2452.0,2452.0,2452.0,2452.0,2452.0,2452.0,2452.0,2452.0,2452.0,2452.0,2452.0,2452.0,2452.0,2452.0,2452.0,2452.0,2452.0,2452.0,2452.0,2452.0,2452.0,2452.0,2452.0,2452.0,2452.0,2452.0,2452.0,2452.0,2452.0,2452.0,2452.0,2452.0,2452.0,2452.0,2452.0,2452.0,2452.0,2452.0,2452.0,2452.0,2452.0,2452.0,2452.0,2452.0,2452.0,2452.0,2452.0,2452.0,2452.0,2452.0,2452.0,2452.0,2452.0,2452.0,2452.0,2452.0,2452.0,2452.0,2452.0,2452.0,2452.0,2452.0,2452.0,2452.0,2452.0,2452.0,2452.0,2452.0,2452.0,2452.0,2452.0,2452.0,2452.0,2452.0,2452.0,2452.0,2452.0,2452.0,2452.0,2452.0,2452.0,2452.0,2452.0,2452.0,2482.0,2482.0,2482.0,2482.0,2482.0,2482.0,2482.0,2482.0,2482.0,2482.0,2482.0,2482.0,2482.0,2482.0,2482.0,2482.0,2482.0,2482.0,2482.0,2486.0,2603.0,2631.0,2631.0,2631.0,2631.0,2631.0,2631.0,2631.0,2631.0,2631.0,2631.0,2631.0,2631.0,2631.0,2631.0,2631.0,2631.0,2631.0,2631.0,2631.0,2631.0,2631.0,2631.0,2640.0,2640.0,2655.0,2655.0,2655.0,2655.0,2655.0,2655.0,2655.0,2655.0,2655.0,2655.0,2655.0,2655.0,2655.0,2655.0,2655.0,2655.0,2655.0,2655.0,2739.0,2854.0,2944.0,2950.0,2950.0,2950.0,2950.0,2950.0,2950.0,2950.0,2950.0,2961.0,2961.0,2961.0,2961.0,2961.0,2961.0,2961.0,2961.0,2961.0,2961.0,2961.0,2961.0,2961.0,2961.0,2961.0,2961.0,2961.0,2961.0,2961.0,2961.0,2961.0,2961.0,2961.0,2961.0,2961.0,2961.0,2961.0,2961.0,2961.0,2961.0,2961.0,2961.0,2961.0,2961.0,2961.0,2961.0,2961.0,2961.0,2961.0,2961.0,2961.0,2961.0,2961.0,2961.0,2961.0,2961.0,2961.0,2961.0,2961.0,2961.0,2969.0,2969.0,2969.0,2969.0,2980.0,2980.0,2980.0,2980.0,2980.0,2980.0,2980.0,2980.0,2980.0,2980.0,2980.0,2980.0,3011.0,3115.0,3145.0,3145.0,3145.0,3145.0,3145.0,3145.0,3145.0,3169.0,3187.0,3187.0,3187.0,3285.0,3343.0,3381.0,3434.0,3513.0,3623.0,3658.0,3743.0,3812.0,3896.0,3931.0,3945.0,4047.0,4084.0,4084.0,4084.0,4084.0,4084.0,4084.0,4092.0,4107.0,4107.0,4107.0,4107.0,4107.0,4107.0,4107.0,4107.0,4107.0,4107.0,4107.0,4107.0,4107.0,4107.0,4107.0,4107.0,4107.0,4107.0,4107.0,4107.0,4107.0,4107.0,4107.0,4107.0,4107.0,4107.0,4107.0,4107.0,4107.0,4107.0,4107.0,4107.0,4107.0,4107.0,4107.0,4107.0,4107.0,4107.0,4107.0,,,,,,,,,,,,,,,,,,,,,,,,,,,,,,,,,,,,,,,,,,,,,,,,,,,,,,,,,,,,,,,,,,,,,,,,,,,,,,,,,,,,,,,,,,,,
2018-06-13,ios,,,,,,,,,,,,,,,,,,,,,,,,,,,,,,,,,,,,,,,,,,,,,,,,,,,,,,,,,,,,,,,,,,,,,,,,,,,,,,,,,,,,,,,,,,,,,,,,,,,,,,,,,,,,,,,,,,,,,,,,,,,,,,,,,,,,,,,,,,,,,,,,,,,,,,,,,,,,,,,,,,,,,,,,,,,,,,,,,,,,,,,,,,,,,,,,,,,,,,,,,,,,,,,,,,,,,,,,,,,,,,,,,,,,,,,,,,,,,,,,,,,,,,,,,,,,,,,,,,,,,,,,,,,,,,,,,,,,,,,,,,,,,,,,,,,,,,,,,,,,,,,,,,,,,,,,,,,,,,,,,,,,,,,,,,,,,,,,,,,,,,,,,,,,,,,,,,,,,,,,,,,,,,,,,,,,,,,,,,,,,,,,,,,,,,,,,,,,,,,,,,,,,,,,,,,,,,,,,,,,,,,,,,,,,,,,,,,,,,,,,,,,,,,,,,,,,,10.0,15.0,15.0,15.0,15.0,15.0,15.0,15.0,24.0,24.0,24.0,24.0,24.0,24.0,24.0,24.0,24.0,24.0,24.0,24.0,24.0,24.0,24.0,61.0,61.0,61.0,61.0,61.0,61.0,61.0,61.0,61.0,61.0,61.0,61.0,61.0,61.0,61.0,61.0,61.0,61.0,61.0,61.0,61.0,61.0,86.0,86.0,86.0,86.0,86.0,86.0,86.0,86.0,86.0,102.0,102.0,104.0,204.0,314.0,330.0,330.0,330.0,330.0,330.0,330.0,330.0,330.0,330.0,330.0,352.0,352.0,352.0,352.0,352.0,352.0,352.0,352.0,352.0,352.0,352.0,352.0,352.0,352.0,352.0,352.0,352.0,352.0,352.0,352.0,352.0,352.0,352.0,352.0,352.0,352.0,352.0,352.0,352.0,352.0,352.0,352.0,352.0,352.0,352.0,352.0,352.0,352.0,352.0,352.0,352.0,352.0,352.0,352.0,352.0,352.0,352.0,352.0,352.0,352.0,352.0,352.0,352.0,352.0,352.0,352.0,352.0,352.0,352.0,352.0,352.0,352.0,352.0,352.0,352.0,352.0,352.0,352.0,352.0,352.0,352.0,352.0,352.0,352.0,352.0,352.0,352.0,352.0,352.0,352.0,352.0,352.0,352.0,352.0,352.0,352.0,352.0,352.0,352.0,352.0,352.0,352.0,352.0,352.0,352.0,352.0,352.0,352.0,352.0,352.0,352.0,352.0,352.0,352.0,352.0,352.0,352.0,352.0,352.0,352.0,352.0,352.0,352.0,352.0,352.0,352.0,352.0,352.0,352.0,352.0,352.0,352.0,352.0,352.0,352.0,352.0,352.0,352.0,352.0,352.0,352.0,352.0,352.0,352.0,352.0,352.0,352.0,352.0,352.0,352.0,352.0,352.0,352.0,352.0,352.0,352.0,352.0,352.0,352.0,352.0,352.0,352.0,352.0,352.0,352.0,352.0,352.0,352.0,352.0,352.0,352.0,352.0,352.0,352.0,352.0,352.0,352.0,352.0,352.0,352.0,352.0,352.0,352.0,352.0,352.0,352.0,352.0,352.0,352.0,352.0,352.0,352.0,352.0,352.0,352.0,380.0,380.0,380.0,380.0,380.0,380.0,380.0,380.0,380.0,499.0,586.0,591.0,591.0,591.0,591.0,591.0,591.0,591.0,591.0,591.0,591.0,591.0,591.0,591.0,591.0,591.0,591.0,591.0,591.0,591.0,591.0,591.0,591.0,591.0,591.0,591.0,591.0,591.0,591.0,591.0,591.0,591.0,591.0,591.0,591.0,591.0,591.0,591.0,591.0,591.0,591.0,591.0,591.0,591.0,591.0,591.0,591.0,591.0,591.0,591.0,591.0,615.0,615.0,615.0,615.0,615.0,615.0,615.0,615.0,615.0,615.0,615.0,615.0,615.0,615.0,615.0,615.0,615.0,615.0,615.0,615.0,615.0,615.0,615.0,615.0,615.0,615.0,615.0,615.0,615.0,615.0,615.0,615.0,615.0,615.0,615.0,615.0,615.0,615.0,615.0,615.0,615.0,615.0,615.0,635.0,646.0,684.0,799.0,926.0,926.0,926.0,926.0,926.0,926.0,926.0,926.0,926.0,926.0,926.0,926.0,926.0,926.0,926.0,926.0,926.0,926.0,926.0,926.0,926.0,926.0,926.0,926.0,926.0,926.0,926.0,926.0,926.0,926.0,926.0,926.0,926.0,926.0,926.0,926.0,926.0,926.0,926.0,926.0,926.0,926.0,926.0,926.0,926.0,926.0,926.0,926.0,926.0,926.0,926.0,926.0,983.0,1090.0,1179.0,1258.0,1370.0,1395.0,1395.0,1395.0,1395.0,1413.0,1456.0,1540.0,1572.0,1629.0,1629.0,1670.0,1704.0,1736.0,1736.0,1736.0,1736.0,1736.0,1779.0,1846.0,1958.0,2069.0,2189.0,2268.0,2268.0,2268.0,2268.0,2268.0,2268.0,2268.0,2268.0,2268.0,2268.0,2268.0,2268.0,2268.0,2268.0,2268.0,2268.0,2268.0,2268.0,2268.0,2268.0,2268.0,2268.0,2268.0,2268.0,2365.0,2489.0,2612.0,2709.0,2836.0,2858.0,2858.0,2858.0,2858.0,2858.0,2858.0,2858.0,2858.0,2858.0,2858.0,2858.0,2858.0,2858.0,2858.0,2858.0,2858.0,2858.0,2858.0,2858.0,2858.0,2858.0,2858.0,2858.0,2858.0,2858.0,2858.0,2858.0,2858.0,2858.0,2858.0,2858.0,2858.0,2858.0,2858.0,2858.0,2858.0,2858.0,2858.0,2858.0,2858.0,2858.0,2858.0,2858.0,2858.0,2858.0,2858.0,2858.0,2858.0,2858.0,2858.0,2858.0,2858.0,2858.0,2858.0,2858.0,2858.0,2858.0,2858.0,2887.0,2979.0,3073.0,3107.0,3143.0,3152.0,3152.0,3152.0,3152.0,3152.0,3152.0,3152.0,3152.0,3152.0,3152.0,3152.0,3152.0,3152.0,3152.0,3152.0,3162.0,3162.0,3162.0,3162.0,3162.0,3162.0,3162.0,3162.0,3162.0,3162.0,3162.0,3162.0,3170.0,3170.0,3170.0,3284.0,3399.0,3399.0,3399.0,3399.0,3399.0,3399.0,3399.0,3399.0,3399.0,3399.0,3399.0,3399.0,3399.0,3399.0,3399.0,3399.0,3399.0,3399.0,3399.0,3399.0,3399.0,3399.0,3399.0,3399.0,3399.0,3399.0,3399.0,3399.0,3399.0,3399.0,3399.0,3399.0,3399.0,3399.0,3399.0,3399.0,3399.0,3399.0,3399.0,3399.0,3399.0,3399.0,3399.0,3399.0,3399.0,3399.0,3399.0,3399.0,3399.0,3399.0,3399.0,3399.0,3399.0,3399.0,3399.0,3399.0,3399.0,3399.0,3399.0,3399.0,3399.0,3399.0,3399.0,3399.0,3399.0,3399.0,3399.0,3399.0,3399.0,3399.0,3399.0,3399.0,3399.0,3399.0,3399.0,3399.0,3399.0,3399.0,3399.0,3399.0,3399.0,3399.0,3399.0,3399.0,3451.0,3559.0,3666.0,3727.0,3745.0,3745.0,3745.0,3745.0,3745.0,3745.0,3745.0,3745.0,3745.0,3745.0,3745.0,3745.0,3745.0,3745.0,3745.0,3745.0,3745.0,3745.0,3745.0,3745.0,3745.0,3745.0,3745.0,3745.0,3745.0,3745.0,3745.0,3745.0,3745.0,3745.0,3745.0,3745.0,3745.0,3745.0,3745.0,3745.0,3745.0,3745.0,3745.0,3745.0,3745.0,3745.0,3745.0,3745.0,3745.0,3745.0,3745.0,3745.0,3745.0,3745.0,3745.0,3745.0,3745.0,3745.0,3745.0,3745.0,3745.0,3745.0,3745.0,3745.0,3745.0,3745.0,3745.0,3745.0,3745.0,3745.0,3745.0,3745.0,3745.0,3745.0,3745.0,3745.0,3745.0,3745.0,3745.0,3745.0,3745.0,3745.0,3745.0,3745.0,3745.0,3745.0,3745.0,3745.0,3745.0,3745.0,3745.0,3745.0,3745.0,3745.0,3745.0,3745.0,3745.0,3745.0,3745.0,3745.0,3745.0,3745.0,3745.0,3745.0,3745.0,3745.0,3745.0,3745.0,3745.0,3745.0,3745.0,3745.0,3745.0,3745.0,3745.0,3745.0,3745.0,3745.0,3745.0,3745.0,3745.0,3745.0,3745.0,3745.0,3745.0,3745.0,3745.0,3745.0,3745.0,3745.0,3745.0,3745.0,3745.0,3745.0,3745.0,3745.0,3745.0,3745.0,3745.0,3745.0,3745.0,3745.0,3745.0,3745.0,3745.0,3745.0,3745.0,3745.0,3745.0,3745.0,3745.0,3745.0,3745.0,3745.0,3745.0,3745.0,3745.0,3745.0,3745.0,3745.0,3745.0,3745.0,3745.0,3745.0,3745.0,3745.0,3745.0,3745.0,3755.0,3768.0,3784.0,3867.0,3943.0,4039.0,4109.0,4109.0,4109.0,4109.0,4109.0,4109.0,4109.0,4109.0,4109.0,4109.0,4109.0,4109.0,4109.0,4109.0,4109.0,4109.0,4109.0,4109.0,4109.0,4109.0,4109.0,4109.0,4109.0,4109.0,4109.0,4109.0,4109.0,4109.0,4109.0,4109.0,4111.0,4117.0,4117.0,4146.0,4163.0,4239.0,4300.0,4376.0,4376.0,4376.0,4376.0,4376.0,4376.0,4376.0,4376.0,4376.0,4376.0,4376.0,4376.0,4376.0,4376.0,4376.0,4376.0,4376.0,4376.0,4376.0,4376.0,4376.0,4376.0,4376.0,4376.0,4376.0,4376.0,4376.0,4376.0,4376.0,4376.0,4376.0,4376.0,4376.0,4376.0,4376.0,4376.0,4376.0,4376.0,4376.0,4376.0,4376.0,4376.0,4376.0,4376.0,4376.0,4376.0,4376.0,4376.0,4376.0,4376.0,4376.0,4376.0,4376.0,4376.0,4376.0,4376.0,4376.0,4376.0,4376.0,4376.0,4376.0,4376.0,4376.0,4376.0,4376.0,4376.0,,,,,,,,,,,,,,,,,,,,,,,,,,,,,,,,,,,,,,,,,,,,,,,,,,,,,,,,,,,,,,
2018-06-14,ios,,,,,,,,,,,,,,,,,,,,,,,,,,,,,,,,,,,,,,,,,,,,,,,,,,,,,,,,,,,,,,,,,,,,,,,,,,,,,,,,,,,,,,,,,,,,,,,,,,,,,,,,,,,,,,,,,,,,,,,,,,,,,,,,,,,,,,,,,,,,,,,,,,,,,,,,,,,,,,,,,,,,,,,,,,,,,,,,,,,,,,,,,,,,,,,,,,,,,,,,,,,,,,,,,,,,,,,,,,,,,,,,,,,,,,,,,,,,,,,,,,,,,,,,,,,,,,,,,,,,,,,,,,,,,,,,,,,,,,,,,,,,,,,,,,,,,,,,,,,,,,,,,,,,,,,,,,,,,,,,,,,,,,,,,,,,,,,,,,,,,,,,,,,,,,,,,,,,,,,,,,,,,,,,,,,,,,,,,,,,,,,,,,,,,,,,,,,,,,,,,,,,,,,,,,,,,,,,,,,,,,,,,,,,10.0,10.0,10.0,49.0,49.0,49.0,71.0,71.0,71.0,71.0,71.0,71.0,71.0,71.0,71.0,71.0,79.0,94.0,94.0,113.0,113.0,113.0,113.0,113.0,113.0,113.0,113.0,113.0,113.0,113.0,113.0,113.0,113.0,113.0,127.0,135.0,135.0,135.0,135.0,135.0,135.0,135.0,135.0,135.0,135.0,135.0,135.0,135.0,135.0,135.0,135.0,135.0,135.0,135.0,135.0,135.0,135.0,135.0,135.0,135.0,163.0,164.0,164.0,164.0,172.0,172.0,172.0,268.0,300.0,394.0,404.0,404.0,404.0,404.0,404.0,404.0,404.0,404.0,404.0,404.0,440.0,483.0,483.0,483.0,483.0,483.0,483.0,483.0,483.0,483.0,483.0,483.0,483.0,483.0,483.0,483.0,483.0,483.0,483.0,483.0,483.0,483.0,483.0,483.0,483.0,483.0,483.0,483.0,483.0,525.0,530.0,530.0,530.0,530.0,530.0,530.0,530.0,530.0,530.0,530.0,530.0,530.0,530.0,530.0,530.0,530.0,535.0,535.0,597.0,636.0,636.0,636.0,636.0,636.0,636.0,636.0,636.0,636.0,636.0,636.0,636.0,656.0,694.0,716.0,737.0,737.0,737.0,737.0,765.0,765.0,765.0,779.0,811.0,811.0,811.0,811.0,811.0,811.0,811.0,811.0,811.0,811.0,811.0,811.0,811.0,811.0,811.0,811.0,811.0,811.0,811.0,811.0,811.0,811.0,811.0,811.0,811.0,811.0,811.0,811.0,811.0,811.0,811.0,811.0,811.0,811.0,811.0,811.0,811.0,811.0,811.0,811.0,811.0,811.0,811.0,811.0,811.0,811.0,811.0,811.0,811.0,811.0,811.0,811.0,811.0,811.0,811.0,811.0,811.0,811.0,811.0,811.0,811.0,811.0,811.0,811.0,811.0,811.0,811.0,811.0,811.0,811.0,811.0,811.0,811.0,811.0,811.0,811.0,811.0,811.0,811.0,811.0,811.0,811.0,811.0,811.0,811.0,811.0,811.0,811.0,811.0,811.0,811.0,811.0,811.0,811.0,811.0,811.0,811.0,811.0,811.0,811.0,811.0,811.0,811.0,811.0,811.0,811.0,811.0,811.0,811.0,811.0,811.0,811.0,846.0,870.0,870.0,870.0,870.0,982.0,1057.0,1076.0,1076.0,1076.0,1076.0,1076.0,1076.0,1076.0,1076.0,1076.0,1076.0,1076.0,1076.0,1076.0,1076.0,1076.0,1076.0,1076.0,1076.0,1076.0,1076.0,1076.0,1076.0,1076.0,1076.0,1076.0,1076.0,1076.0,1076.0,1076.0,1076.0,1076.0,1076.0,1076.0,1076.0,1076.0,1076.0,1076.0,1076.0,1076.0,1076.0,1076.0,1076.0,1076.0,1076.0,1076.0,1076.0,1076.0,1076.0,1076.0,1076.0,1076.0,1076.0,1076.0,1076.0,1076.0,1076.0,1076.0,1076.0,1076.0,1076.0,1076.0,1076.0,1093.0,1093.0,1093.0,1093.0,1093.0,1093.0,1093.0,1093.0,1093.0,1093.0,1093.0,1093.0,1093.0,1093.0,1093.0,1093.0,1093.0,1093.0,1093.0,1093.0,1093.0,1093.0,1093.0,1093.0,1093.0,1093.0,1093.0,,,,,,,,,,,,,,,,,,,,,,,,,,,,,,,,,,,,,,,,,,,,,,,,,,,,,,,,,,,,,,,,,,,,,,,,,,,,,,,,,,,,,,,,,,,,,,,,,,,,,,,,,,,,,,,,,,,,,,,,,,,,,,,,,,,,,,,,,,,,,,,,,,,,,,,,,,,,,,,,,,,,,,,,,,,,,,,,,,,,,,,,,,,,,,,,,,,,,,,,,,,,,,,,,,,,,,,,,,,,,,,,,,,,,,,,,,,,,,,,,,,,,,,,,,,,,,,,,,,,,,,,,,,,,,,,,,,,,,,,,,,,,,,,,,,,,,,,,,,,,,,,,,,,,,,,,,,,,,,,,,,,,,,,,,,,,,,,,,,,,,,,,,,,,,,,,,,,,,,,,,,,,,,,,,,,,,,,,,,,,,,,,,,,,,,,,,,,,,,,,,,,,,,,,,,,,,,,,,,,,,,,,,,,,,,,,,,,,,,,,,,,,,,,,,,,,,,,,,,,,,,,,,,,,,,,,,,,,,,,,,,,,,,,,,,,,,,,,,,,,,,,,,,,,,,,,,,,,,,,,,,,,,,,,,,,,,,,,,,,,,,,,,,,,,,,,,,,,,,,,,,,,,,,,,,,,,,,,,,,,,,,,,,,,,,,,,,,,,,,,,,,,,,,,,,,,,,,,,,,,,,,,,,,,,,,,,,,,,,,,,,,,,,,,,,,,
2018-06-15,ios,,,,,,,,,,,,,,,,,,,,,,,,,,,,,31.0,65.0,65.0,65.0,65.0,65.0,65.0,65.0,65.0,65.0,65.0,65.0,65.0,65.0,106.0,190.0,256.0,271.0,271.0,271.0,271.0,271.0,271.0,271.0,271.0,271.0,271.0,271.0,271.0,271.0,271.0,271.0,271.0,271.0,271.0,271.0,271.0,271.0,271.0,271.0,271.0,271.0,271.0,271.0,271.0,271.0,271.0,271.0,271.0,271.0,271.0,271.0,271.0,271.0,271.0,271.0,271.0,271.0,271.0,271.0,271.0,271.0,271.0,271.0,271.0,271.0,271.0,271.0,271.0,271.0,271.0,271.0,271.0,271.0,271.0,271.0,271.0,312.0,313.0,313.0,313.0,313.0,313.0,313.0,313.0,313.0,313.0,313.0,313.0,313.0,313.0,313.0,313.0,313.0,313.0,313.0,313.0,313.0,313.0,313.0,313.0,313.0,313.0,313.0,313.0,313.0,313.0,313.0,313.0,313.0,313.0,313.0,313.0,313.0,313.0,313.0,313.0,313.0,313.0,313.0,313.0,313.0,313.0,313.0,313.0,313.0,313.0,313.0,313.0,313.0,313.0,313.0,313.0,313.0,313.0,313.0,313.0,313.0,313.0,313.0,313.0,313.0,313.0,313.0,313.0,313.0,313.0,313.0,313.0,313.0,313.0,313.0,313.0,313.0,313.0,313.0,313.0,313.0,313.0,313.0,313.0,313.0,313.0,313.0,313.0,313.0,313.0,313.0,313.0,313.0,313.0,313.0,313.0,313.0,313.0,313.0,313.0,313.0,313.0,313.0,313.0,313.0,313.0,313.0,313.0,313.0,313.0,313.0,313.0,313.0,313.0,313.0,313.0,313.0,313.0,313.0,313.0,313.0,313.0,313.0,313.0,313.0,313.0,313.0,313.0,313.0,313.0,313.0,313.0,313.0,313.0,313.0,313.0,313.0,313.0,313.0,313.0,313.0,313.0,313.0,313.0,313.0,313.0,313.0,313.0,313.0,313.0,313.0,313.0,313.0,313.0,313.0,313.0,313.0,313.0,313.0,313.0,313.0,313.0,313.0,313.0,313.0,313.0,313.0,313.0,313.0,313.0,313.0,313.0,313.0,313.0,313.0,313.0,313.0,313.0,313.0,313.0,313.0,313.0,313.0,313.0,313.0,313.0,313.0,313.0,313.0,313.0,313.0,313.0,313.0,313.0,313.0,313.0,313.0,313.0,313.0,313.0,313.0,313.0,313.0,313.0,313.0,313.0,313.0,313.0,313.0,313.0,313.0,313.0,313.0,313.0,313.0,313.0,313.0,313.0,313.0,313.0,313.0,313.0,313.0,313.0,313.0,313.0,313.0,313.0,313.0,313.0,313.0,313.0,313.0,313.0,313.0,313.0,313.0,313.0,313.0,313.0,313.0,313.0,313.0,313.0,313.0,313.0,313.0,313.0,313.0,313.0,313.0,313.0,313.0,313.0,313.0,313.0,313.0,313.0,313.0,313.0,313.0,313.0,313.0,313.0,313.0,313.0,313.0,313.0,313.0,313.0,313.0,313.0,313.0,313.0,313.0,313.0,313.0,313.0,313.0,313.0,313.0,313.0,313.0,313.0,313.0,313.0,313.0,313.0,313.0,313.0,313.0,313.0,313.0,313.0,313.0,313.0,313.0,313.0,313.0,313.0,313.0,313.0,313.0,313.0,313.0,313.0,313.0,313.0,313.0,313.0,313.0,313.0,313.0,313.0,313.0,313.0,313.0,313.0,313.0,313.0,313.0,313.0,313.0,313.0,313.0,313.0,313.0,313.0,313.0,313.0,313.0,313.0,313.0,313.0,313.0,313.0,313.0,313.0,313.0,313.0,313.0,313.0,313.0,313.0,313.0,313.0,313.0,313.0,313.0,313.0,313.0,313.0,313.0,313.0,313.0,313.0,348.0,348.0,348.0,348.0,348.0,348.0,348.0,348.0,348.0,348.0,348.0,348.0,348.0,348.0,348.0,348.0,348.0,348.0,348.0,348.0,348.0,348.0,348.0,348.0,348.0,348.0,364.0,364.0,364.0,364.0,364.0,364.0,364.0,402.0,402.0,402.0,402.0,402.0,402.0,402.0,402.0,402.0,402.0,402.0,402.0,402.0,402.0,402.0,421.0,441.0,441.0,441.0,441.0,441.0,454.0,561.0,672.0,738.0,836.0,944.0,944.0,944.0,944.0,944.0,944.0,944.0,944.0,944.0,987.0,989.0,989.0,989.0,989.0,989.0,989.0,989.0,989.0,989.0,989.0,989.0,989.0,989.0,989.0,989.0,989.0,989.0,989.0,989.0,989.0,989.0,989.0,989.0,989.0,989.0,989.0,989.0,989.0,989.0,989.0,989.0,989.0,989.0,989.0,989.0,989.0,989.0,989.0,989.0,989.0,989.0,989.0,1061.0,1092.0,1092.0,1092.0,1092.0,1092.0,1092.0,1092.0,1092.0,1092.0,1092.0,1092.0,1092.0,1092.0,1092.0,1092.0,1092.0,1092.0,1092.0,1092.0,1092.0,1092.0,1092.0,1092.0,1092.0,1092.0,1092.0,1092.0,1092.0,1092.0,1092.0,1092.0,1092.0,1092.0,1092.0,1092.0,1092.0,1092.0,1092.0,1092.0,1092.0,1092.0,1092.0,1092.0,1092.0,1092.0,1092.0,1092.0,1092.0,1092.0,1092.0,1092.0,1092.0,1092.0,1092.0,1092.0,1092.0,1092.0,1092.0,1092.0,1092.0,1092.0,1092.0,1092.0,1092.0,1092.0,1092.0,1092.0,1092.0,1092.0,1092.0,1092.0,1092.0,1092.0,1092.0,1092.0,1092.0,1092.0,1092.0,1092.0,1092.0,1092.0,1092.0,1092.0,1092.0,1092.0,1092.0,1092.0,1092.0,1092.0,1092.0,1092.0,1092.0,1092.0,1092.0,1092.0,1092.0,1092.0,1092.0,1092.0,1092.0,1092.0,1092.0,1092.0,1092.0,1092.0,1092.0,1092.0,1092.0,1092.0,1092.0,1092.0,1101.0,1161.0,1204.0,1204.0,1204.0,1212.0,1212.0,1212.0,1212.0,1212.0,1212.0,1212.0,1212.0,1212.0,1212.0,1212.0,1212.0,1212.0,1212.0,1212.0,1246.0,1246.0,1246.0,1246.0,1246.0,1246.0,1246.0,1246.0,1246.0,1246.0,1246.0,1246.0,1271.0,1391.0,1515.0,1633.0,1669.0,1701.0,1701.0,1701.0,1701.0,1701.0,1701.0,1701.0,1701.0,1701.0,1701.0,1701.0,1701.0,1701.0,1701.0,1701.0,1701.0,1701.0,1701.0,1701.0,1701.0,1744.0,1825.0,1867.0,1867.0,1979.0,2099.0,2218.0,2321.0,2357.0,2357.0,2441.0,2451.0,2451.0,2451.0,2451.0,2451.0,2451.0,2451.0,2451.0,2451.0,2451.0,2451.0,2451.0,2451.0,2451.0,2451.0,2451.0,2451.0,2451.0,2451.0,2451.0,2451.0,2451.0,2451.0,2451.0,2451.0,2451.0,2451.0,2451.0,2451.0,2451.0,2451.0,2451.0,2451.0,2451.0,2451.0,2451.0,2467.0,2492.0,2492.0,2492.0,2492.0,2492.0,2492.0,2492.0,2492.0,2492.0,2492.0,2492.0,2492.0,2492.0,2492.0,2492.0,2492.0,2492.0,2492.0,2492.0,2492.0,2492.0,2492.0,2492.0,2492.0,2492.0,2492.0,2492.0,2492.0,2492.0,2492.0,2492.0,2492.0,2492.0,2492.0,2492.0,2492.0,2492.0,2492.0,2492.0,2492.0,2492.0,2492.0,2492.0,2492.0,2492.0,2492.0,2492.0,2492.0,2492.0,2492.0,2492.0,2492.0,2492.0,2492.0,2492.0,2492.0,2492.0,2492.0,2492.0,2492.0,2492.0,2492.0,2492.0,2492.0,2492.0,2492.0,2492.0,2492.0,2492.0,2492.0,2492.0,2492.0,2492.0,2492.0,2492.0,2492.0,2492.0,2492.0,2492.0,2492.0,2492.0,2492.0,2492.0,2509.0,2520.0,2520.0,2610.0,2663.0,2709.0,2709.0,2709.0,2735.0,2735.0,2799.0,2893.0,2899.0,2899.0,2899.0,2899.0,2899.0,2908.0,3004.0,3043.0,3054.0,3096.0,3146.0,3146.0,3146.0,3146.0,3146.0,3146.0,3166.0,3166.0,3255.0,3297.0,3297.0,3297.0,3297.0,3303.0,3424.0,3424.0,3424.0,3424.0,3424.0,3424.0,3424.0,3424.0,3424.0,3479.0,3504.0,3519.0,3519.0,3608.0,3628.0,3628.0,3628.0,3628.0,3628.0,3628.0,3628.0,3696.0,3743.0,3743.0,3743.0,3743.0,3743.0,3743.0,3743.0,3743.0,3743.0,3743.0,3743.0,3743.0,3743.0,3743.0,3743.0,3743.0,3743.0,3743.0,3743.0,3743.0,3743.0,3743.0,3743.0,3743.0,3743.0,3743.0,3743.0,3743.0,3743.0,3743.0,3743.0,3743.0,3743.0,3743.0,3743.0,3743.0,3743.0,3743.0,3743.0,3743.0,3743.0,3743.0,3743.0,3743.0,3743.0,3743.0,3743.0,3743.0,3743.0,3743.0,3743.0,3743.0,3743.0,3743.0,3743.0,3743.0,3743.0,3743.0,3743.0,3743.0,3743.0,3743.0,3743.0,3743.0,3743.0,3743.0,3743.0,3743.0,3743.0,3743.0,3743.0,3743.0,3743.0,3743.0,3743.0,3743.0,3743.0,3743.0,3743.0,3743.0,3743.0,3743.0,3743.0,3743.0,3743.0,3743.0,3743.0,3743.0,3743.0,3743.0,3743.0,3743.0,3743.0,3743.0,3743.0,3743.0,3743.0,3743.0,3743.0,3743.0,3743.0,3743.0,3743.0,3743.0,3743.0,3743.0,3743.0,3743.0,3743.0,3743.0,3743.0,3743.0,3743.0,3743.0,3743.0,3743.0,3743.0,3761.0,3761.0,3782.0,3847.0,3865.0,3865.0,3865.0,3865.0,3865.0,3865.0,3865.0,3865.0,3899.0,3920.0,3920.0,3920.0,3920.0,3920.0,3920.0,3920.0,3920.0,3920.0,3920.0,3920.0,3920.0,3920.0,3920.0,3920.0,3920.0,3920.0,3920.0,3920.0,3920.0,3920.0,3920.0,3920.0,3920.0,3920.0,3920.0,3920.0,3920.0,3966.0,3966.0,3966.0,3966.0,3966.0,3966.0,3966.0,3966.0,3966.0,3966.0,3966.0,3966.0,3966.0,3966.0,3966.0,3966.0,3966.0,3966.0,3966.0,3966.0,3966.0,3966.0,3966.0,3966.0,3966.0,3966.0,3966.0,3966.0,3966.0,3966.0,3966.0,3966.0,3966.0,3966.0,3966.0,3966.0,3966.0,3966.0,3966.0,3966.0,3966.0,3966.0,3966.0,3966.0,3966.0,3966.0,3966.0,3966.0,3966.0,3966.0,3966.0,3966.0,3966.0,3966.0,3966.0,3966.0,3966.0,3966.0,3966.0,3966.0,3966.0,3966.0,3966.0,3966.0,3966.0,3966.0,3966.0,3966.0,3966.0,3966.0,3966.0,3966.0,3966.0,3966.0,3966.0,3966.0,3966.0,3966.0,3966.0,3966.0,3966.0,3966.0,3966.0,3966.0,3966.0,3966.0,3966.0,3966.0,3966.0,3966.0,3966.0,3966.0,3966.0,3966.0,3966.0,3966.0,3966.0,3966.0,3966.0,3966.0,3966.0,3966.0,3966.0,3966.0,3966.0,3966.0,3966.0,3966.0,3966.0,3966.0,3966.0,3966.0,3966.0,3966.0,3966.0,3966.0,3966.0,3966.0,3966.0,3966.0,3989.0,3999.0,3999.0,3999.0,3999.0,3999.0,3999.0,3999.0,3999.0,3999.0,3999.0,3999.0,3999.0,3999.0,3999.0,3999.0,3999.0,3999.0,3999.0,3999.0,3999.0,3999.0,3999.0,3999.0,3999.0,3999.0,3999.0,3999.0,3999.0,3999.0,3999.0,3999.0,3999.0,3999.0,3999.0,3999.0,3999.0,3999.0,3999.0,3999.0,3999.0,3999.0,3999.0,3999.0,3999.0,3999.0,3999.0,3999.0,3999.0,3999.0,3999.0,4068.0,4093.0,4093.0,4093.0,4093.0,4093.0,4093.0,4093.0,4093.0,4093.0,4093.0,4093.0,4093.0,4093.0,4093.0,4093.0,4105.0,4105.0,4105.0,4141.0,4251.0,4337.0,4356.0,4356.0,4356.0,4356.0,4356.0,4356.0,4356.0,4356.0,4356.0,4356.0,4356.0,4356.0,4356.0,4356.0,4356.0,4356.0,4356.0,4356.0,4356.0,4356.0,4356.0,4356.0,4356.0,4356.0,4356.0,4423.0,4525.0,4549.0,4572.0,4671.0,4685.0,4738.0,4821.0,4821.0,4821.0,4821.0,4821.0,4821.0,4821.0,4821.0,4821.0,4821.0,4821.0,4821.0,4821.0,4821.0,4821.0,4821.0,4821.0,4821.0,4894.0,4974.0,4975.0,4984.0,4984.0,4984.0,4984.0,4984.0,4984.0,4984.0,4984.0,4984.0,4984.0,4984.0,4984.0,4984.0,4984.0,4984.0,4984.0,4984.0,4984.0,4984.0,4984.0,4984.0,4984.0,4984.0,4984.0,4984.0,4984.0,4984.0,4984.0,4984.0,4984.0,4984.0,4984.0,4984.0,4992.0,4992.0,4992.0,4992.0,4992.0,4992.0,4992.0,4992.0,4992.0,4992.0,4992.0,4992.0,4992.0,4992.0,4992.0,4992.0,,,,,,,,,,,,,,,,,,,,,,,,,,,,,,,,,,,,,,,,,,,,,,,,,,,,,,,,,
2018-06-16,ios,,8.0,8.0,8.0,8.0,8.0,8.0,8.0,8.0,8.0,8.0,8.0,8.0,8.0,8.0,8.0,8.0,8.0,8.0,8.0,8.0,8.0,8.0,8.0,8.0,8.0,8.0,8.0,8.0,8.0,8.0,8.0,8.0,8.0,8.0,8.0,8.0,8.0,8.0,8.0,8.0,8.0,8.0,8.0,8.0,8.0,8.0,8.0,8.0,8.0,8.0,8.0,8.0,8.0,8.0,8.0,8.0,8.0,8.0,8.0,16.0,51.0,75.0,75.0,75.0,75.0,75.0,75.0,75.0,75.0,75.0,75.0,75.0,75.0,75.0,75.0,75.0,75.0,75.0,75.0,75.0,75.0,75.0,75.0,75.0,75.0,75.0,75.0,75.0,75.0,75.0,75.0,75.0,75.0,75.0,75.0,75.0,75.0,75.0,75.0,75.0,75.0,75.0,75.0,75.0,75.0,75.0,75.0,75.0,75.0,75.0,75.0,75.0,75.0,75.0,75.0,75.0,75.0,75.0,75.0,75.0,75.0,75.0,75.0,75.0,75.0,75.0,75.0,75.0,75.0,75.0,75.0,75.0,75.0,75.0,75.0,75.0,75.0,75.0,75.0,75.0,75.0,75.0,75.0,75.0,75.0,75.0,75.0,75.0,75.0,75.0,75.0,75.0,75.0,75.0,75.0,75.0,75.0,75.0,75.0,75.0,75.0,75.0,75.0,75.0,75.0,75.0,75.0,75.0,75.0,75.0,75.0,75.0,75.0,75.0,75.0,75.0,75.0,75.0,75.0,75.0,75.0,75.0,75.0,75.0,75.0,75.0,75.0,75.0,75.0,75.0,75.0,75.0,75.0,75.0,75.0,75.0,75.0,75.0,75.0,75.0,75.0,75.0,75.0,75.0,75.0,75.0,75.0,75.0,75.0,75.0,75.0,75.0,75.0,75.0,75.0,75.0,75.0,75.0,75.0,75.0,75.0,75.0,75.0,75.0,75.0,75.0,75.0,75.0,75.0,75.0,75.0,75.0,75.0,75.0,75.0,75.0,75.0,75.0,75.0,75.0,75.0,75.0,75.0,75.0,75.0,75.0,75.0,75.0,75.0,75.0,75.0,75.0,75.0,75.0,75.0,75.0,75.0,75.0,75.0,75.0,75.0,75.0,75.0,75.0,75.0,75.0,75.0,75.0,75.0,75.0,75.0,75.0,75.0,75.0,75.0,75.0,75.0,75.0,75.0,75.0,75.0,75.0,75.0,75.0,75.0,75.0,75.0,75.0,75.0,75.0,75.0,75.0,75.0,75.0,75.0,75.0,75.0,75.0,75.0,75.0,75.0,75.0,75.0,75.0,75.0,75.0,75.0,75.0,75.0,75.0,75.0,75.0,75.0,75.0,75.0,75.0,75.0,75.0,75.0,75.0,75.0,75.0,75.0,75.0,75.0,75.0,75.0,75.0,75.0,75.0,75.0,75.0,75.0,75.0,75.0,75.0,75.0,75.0,75.0,75.0,75.0,75.0,75.0,75.0,75.0,75.0,75.0,75.0,75.0,75.0,75.0,75.0,75.0,75.0,75.0,75.0,75.0,75.0,75.0,75.0,75.0,75.0,75.0,75.0,75.0,75.0,75.0,75.0,75.0,75.0,75.0,75.0,75.0,75.0,75.0,75.0,75.0,75.0,75.0,75.0,75.0,75.0,75.0,75.0,75.0,75.0,75.0,75.0,75.0,75.0,75.0,75.0,75.0,75.0,75.0,75.0,75.0,75.0,75.0,75.0,75.0,75.0,75.0,75.0,75.0,75.0,75.0,75.0,75.0,75.0,75.0,75.0,75.0,75.0,75.0,75.0,75.0,75.0,75.0,75.0,75.0,75.0,75.0,75.0,75.0,75.0,75.0,75.0,75.0,75.0,75.0,75.0,75.0,75.0,75.0,75.0,75.0,75.0,75.0,75.0,75.0,75.0,75.0,75.0,75.0,75.0,75.0,75.0,75.0,75.0,75.0,75.0,75.0,75.0,75.0,75.0,75.0,75.0,75.0,75.0,75.0,75.0,75.0,75.0,75.0,75.0,75.0,75.0,75.0,75.0,75.0,75.0,75.0,75.0,75.0,75.0,75.0,75.0,75.0,75.0,75.0,84.0,84.0,84.0,84.0,84.0,84.0,84.0,84.0,84.0,84.0,84.0,84.0,84.0,84.0,84.0,84.0,84.0,84.0,84.0,84.0,84.0,84.0,84.0,84.0,104.0,104.0,104.0,104.0,104.0,104.0,104.0,104.0,104.0,104.0,104.0,127.0,151.0,151.0,159.0,159.0,159.0,159.0,159.0,159.0,159.0,159.0,159.0,159.0,159.0,159.0,159.0,159.0,159.0,159.0,159.0,159.0,193.0,305.0,357.0,357.0,357.0,357.0,357.0,357.0,357.0,357.0,357.0,357.0,357.0,360.0,376.0,389.0,389.0,389.0,389.0,389.0,389.0,389.0,389.0,389.0,389.0,389.0,389.0,389.0,389.0,389.0,389.0,389.0,389.0,389.0,389.0,389.0,389.0,389.0,389.0,389.0,389.0,389.0,389.0,389.0,389.0,389.0,389.0,389.0,389.0,389.0,389.0,389.0,396.0,435.0,473.0,473.0,473.0,473.0,502.0,502.0,502.0,502.0,502.0,502.0,502.0,529.0,618.0,647.0,647.0,680.0,775.0,881.0,954.0,1033.0,1104.0,1181.0,1237.0,1333.0,1430.0,1469.0,1469.0,1469.0,1559.0,1658.0,1718.0,1726.0,1755.0,1755.0,1755.0,1755.0,1755.0,1755.0,1755.0,1755.0,1755.0,1755.0,1755.0,1755.0,1755.0,1755.0,1755.0,1755.0,1755.0,1755.0,1755.0,1755.0,1755.0,1755.0,1755.0,1755.0,1755.0,1755.0,1755.0,1755.0,1755.0,1755.0,1755.0,1755.0,1755.0,1755.0,1755.0,1770.0,1770.0,1770.0,1770.0,1770.0,1770.0,1770.0,1770.0,1770.0,1770.0,1770.0,1770.0,1770.0,1770.0,1770.0,1770.0,1770.0,1770.0,1770.0,1770.0,1770.0,1770.0,1770.0,1770.0,1770.0,1770.0,1770.0,1770.0,1770.0,1770.0,1770.0,1770.0,1770.0,1770.0,1770.0,1802.0,1806.0,1819.0,1819.0,1819.0,1819.0,1819.0,1819.0,1819.0,1819.0,1819.0,1819.0,1819.0,1819.0,1819.0,1819.0,1819.0,1819.0,1819.0,1819.0,1819.0,1819.0,1819.0,1819.0,1819.0,1819.0,1819.0,1819.0,1819.0,1819.0,1819.0,1819.0,1819.0,1830.0,1830.0,1830.0,1830.0,1830.0,1830.0,1830.0,1849.0,1849.0,1849.0,1849.0,1849.0,1849.0,1849.0,1853.0,1862.0,1862.0,1862.0,1862.0,1862.0,1862.0,1932.0,1967.0,2008.0,2008.0,2008.0,2014.0,2118.0,2146.0,2146.0,2146.0,2146.0,2146.0,2146.0,2146.0,2146.0,2146.0,2146.0,2146.0,2146.0,2146.0,2146.0,2146.0,2146.0,2146.0,2146.0,2146.0,2146.0,2146.0,2146.0,2146.0,2146.0,2146.0,2146.0,2146.0,2146.0,2146.0,2152.0,2162.0,2162.0,2162.0,2162.0,2162.0,2162.0,2162.0,2162.0,2162.0,2162.0,2162.0,2162.0,2162.0,2162.0,2162.0,2162.0,2162.0,2162.0,2162.0,2162.0,2162.0,2162.0,2162.0,2162.0,2162.0,2162.0,2162.0,2162.0,2162.0,2162.0,2162.0,2162.0,2162.0,2162.0,2162.0,2162.0,2162.0,2162.0,2162.0,2162.0,2162.0,2162.0,2162.0,2162.0,2162.0,2162.0,2162.0,2162.0,2162.0,2162.0,2162.0,2162.0,2162.0,2162.0,2162.0,2162.0,2162.0,2162.0,2162.0,2162.0,2162.0,2162.0,2162.0,2162.0,2162.0,2162.0,2162.0,2162.0,2162.0,2162.0,2162.0,2162.0,2162.0,2162.0,2162.0,2162.0,2162.0,2162.0,2162.0,2162.0,2162.0,2162.0,2162.0,2162.0,2162.0,2162.0,2162.0,2162.0,2162.0,2162.0,2162.0,2162.0,2162.0,2162.0,2162.0,2162.0,2162.0,2162.0,2162.0,2162.0,2162.0,2162.0,2162.0,2162.0,2162.0,2162.0,2162.0,2162.0,2162.0,2162.0,2162.0,2162.0,2214.0,2222.0,2222.0,2222.0,2222.0,2222.0,2222.0,2222.0,2222.0,2222.0,2222.0,2222.0,2222.0,2222.0,2222.0,2222.0,2222.0,2222.0,2222.0,2222.0,2222.0,2222.0,2222.0,2222.0,2222.0,2222.0,2222.0,2222.0,2222.0,2222.0,2222.0,2222.0,2222.0,2222.0,2222.0,2222.0,2222.0,2222.0,2222.0,2222.0,2222.0,2222.0,2222.0,2222.0,2222.0,2222.0,2222.0,2222.0,2222.0,2222.0,2222.0,2222.0,2222.0,2222.0,2222.0,2222.0,2240.0,2292.0,2292.0,2292.0,2292.0,2309.0,2309.0,2309.0,2309.0,2317.0,2317.0,2327.0,2327.0,2353.0,2365.0,2365.0,2375.0,2375.0,2375.0,2375.0,2392.0,2408.0,2412.0,2424.0,2432.0,2432.0,2432.0,2432.0,2432.0,2432.0,2432.0,2432.0,2432.0,2432.0,2432.0,2432.0,2432.0,2432.0,2432.0,2432.0,2479.0,2569.0,2656.0,2755.0,2796.0,2826.0,2826.0,2847.0,2860.0,2860.0,2860.0,2860.0,2860.0,2860.0,2868.0,2868.0,2868.0,2868.0,2868.0,2868.0,2868.0,2868.0,2868.0,2954.0,2960.0,2960.0,2976.0,2976.0,2976.0,2976.0,2976.0,2976.0,2976.0,2992.0,2992.0,2992.0,2992.0,3010.0,3010.0,3026.0,3081.0,3085.0,3085.0,3095.0,3095.0,3095.0,3095.0,3095.0,3095.0,3095.0,3095.0,3147.0,3207.0,3278.0,3371.0,3447.0,3447.0,3499.0,3584.0,3612.0,3612.0,3612.0,3612.0,3612.0,3612.0,3612.0,3612.0,3624.0,3624.0,3624.0,3624.0,3624.0,3624.0,3624.0,3624.0,3624.0,3624.0,3624.0,3624.0,3624.0,3624.0,3624.0,3624.0,3624.0,3624.0,3624.0,3624.0,3624.0,3624.0,3624.0,3624.0,3624.0,3624.0,3624.0,3624.0,3624.0,3624.0,3624.0,3624.0,3624.0,3624.0,3624.0,3624.0,3624.0,3624.0,3624.0,3624.0,3624.0,3624.0,3624.0,3624.0,3624.0,3624.0,3624.0,3624.0,3624.0,3624.0,3624.0,3624.0,3624.0,3624.0,3624.0,3624.0,3624.0,3624.0,3624.0,3624.0,3638.0,3736.0,3736.0,3736.0,3752.0,3806.0,3899.0,3957.0,4003.0,4005.0,4052.0,4096.0,4107.0,4118.0,4187.0,4187.0,4187.0,4214.0,4234.0,4234.0,4234.0,4234.0,4234.0,4234.0,4234.0,4234.0,4234.0,4234.0,4234.0,4234.0,4234.0,4234.0,4234.0,4234.0,4234.0,4234.0,4234.0,4234.0,4234.0,4234.0,4234.0,4234.0,4234.0,4234.0,4234.0,4234.0,4234.0,4234.0,4234.0,4234.0,4234.0,4234.0,4234.0,4234.0,4234.0,4234.0,4234.0,4234.0,4234.0,4234.0,4234.0,4234.0,4234.0,4234.0,4234.0,4234.0,4234.0,4234.0,4234.0,4234.0,4234.0,4234.0,4234.0,4234.0,4234.0,4234.0,4234.0,4234.0,4234.0,4234.0,4234.0,4234.0,4234.0,4234.0,4234.0,4234.0,4234.0,4234.0,4234.0,4234.0,4234.0,4234.0,4234.0,4234.0,4234.0,4234.0,4234.0,4234.0,4234.0,4234.0,4234.0,4234.0,4234.0,4234.0,4234.0,4234.0,4234.0,4234.0,4234.0,4234.0,4234.0,4234.0,4234.0,4234.0,4234.0,4234.0,4234.0,4234.0,4234.0,4234.0,4234.0,4242.0,4242.0,4242.0,4242.0,4242.0,4242.0,4242.0,4242.0,4242.0,4242.0,4242.0,4242.0,4242.0,4242.0,4242.0,4242.0,4242.0,4242.0,4306.0,4390.0,4396.0,4421.0,4421.0,4438.0,4480.0,4553.0,4667.0,4769.0,4881.0,4991.0,5091.0,5102.0,5139.0,5139.0,5139.0,5161.0,5213.0,5213.0,5213.0,5213.0,5213.0,5213.0,5213.0,5213.0,5213.0,5213.0,5213.0,5213.0,5213.0,5213.0,5213.0,5213.0,5213.0,5213.0,5213.0,5246.0,5246.0,5246.0,5246.0,5246.0,5246.0,5246.0,5246.0,5246.0,5246.0,5246.0,5246.0,5292.0,5292.0,5292.0,5292.0,5344.0,5347.0,5362.0,5453.0,5521.0,5543.0,5643.0,5749.0,5815.0,5832.0,5832.0,5849.0,5897.0,5979.0,6004.0,6047.0,6064.0,6072.0,6098.0,6098.0,6098.0,6098.0,6098.0,6098.0,6098.0,6098.0,6098.0,6098.0,6098.0,6098.0,6098.0,6098.0,6098.0,6098.0,6098.0,6098.0,6098.0,6098.0,6098.0,6098.0,6098.0,6098.0,6098.0,6098.0,6098.0,6098.0,6098.0,6098.0,6098.0,6098.0,6098.0,6098.0,6098.0,6098.0,6098.0,6098.0,6098.0,6098.0,6098.0,6098.0,6098.0,6098.0,6098.0,6098.0,6098.0,6098.0,6098.0,6098.0,6098.0,6098.0,6098.0,6098.0,6098.0,6098.0,6098.0,6098.0,6098.0,6098.0,6098.0,6098.0,6098.0,6098.0,6111.0,6111.0,6111.0,6111.0,6111.0,6111.0,6111.0,6111.0,6111.0,6111.0,6111.0,6111.0,6111.0,6111.0,6111.0,6111.0,6111.0,6148.0,6148.0,,,,,,,,,,,,,,,,,,,,,,,,,,,
2018-06-17,ios,,,,,,,,,,,,,,,,,,,,,,,,,,,,,,,,,,,,,,,,,,,,,,,,,,,,,,,,,,,,,,,,,,,,,,,,,,,,,,,,,,,,,,,,,,,,,,,,,,,,,,,,,,,,,,,,,,,,,,,,,,,,,,,,,,,,,,,,,,,,,,,,,,,,,,,,,,,,,,,,,,,,,,,,,,,,,,,,,,,,,,,,,,,,,,,,,,,,,,,,,,,,,,,,,,,,,,,,,,,,,,,,,,,,,,,,,,,,,,,,,,,,,,,,,,,,,,,,,,,,,,,,,,,,,,,,,,,,,,,,,,,,,,,,,,,,,,,,,,,,,,,,,,,,,,,,,,,,,,,,,,,,,,,,,,,,,,,,,,,,,,,,,,,,,,,,,,,,,,,,,,,,,,,,,,,,,,,,,,,,,,,,,,,,,,,,,,,,,,,,,,,,,,,,,,,,,,,,,,,,,,,,,,,,,,,,,,,,,,,,,,,,,,,,,,,,,,,,,,,,,,,,,,,,,,,,,,,,,,,,,,9.0,9.0,9.0,9.0,9.0,9.0,9.0,9.0,23.0,23.0,23.0,23.0,23.0,23.0,23.0,23.0,23.0,23.0,23.0,23.0,23.0,23.0,23.0,23.0,23.0,23.0,23.0,23.0,23.0,23.0,23.0,23.0,23.0,23.0,23.0,23.0,23.0,23.0,23.0,23.0,23.0,23.0,23.0,23.0,23.0,23.0,23.0,23.0,23.0,23.0,23.0,23.0,23.0,23.0,23.0,23.0,23.0,23.0,23.0,23.0,23.0,23.0,23.0,23.0,23.0,23.0,23.0,23.0,41.0,102.0,148.0,148.0,177.0,200.0,200.0,200.0,200.0,200.0,200.0,200.0,200.0,200.0,200.0,200.0,200.0,228.0,315.0,414.0,494.0,507.0,557.0,646.0,708.0,708.0,708.0,831.0,834.0,834.0,834.0,844.0,861.0,882.0,975.0,,,,,,,,,,,,,,,,,,,,,,,,,,,,,,,,,,,,,,,,,,,,,,,,,,,,,,,,,,,,,,,,,,,,,,,,,,,,,,,,,,,,,,,,,,,,,,,,,,,,,,,,,,,,,,,,,,,,,,,,,,,,,,,,,,,,,,,,,,,,,,,,,,,,,,,,,,,,,,,,,,,,,,,,,,,,,,,,,,,,,,,,,,,,,,,,,,,,,,,,,,,,,,,,,,,,,,,,,,,,,,,,,,,,,,,,,,,,,,,,,,,,,,,,,,,,,,,,,,,,,,,,,,,,,,,,,,,,,,,,,,,,,,,,,,,,,,,,,,,,,,,,,,,,,,,,,,,,,,,,,,,,,,,,,,,,,,,,,,,,,,,,,,,,,,,,,,,,,,,,,,,,,,,,,,,,,,,,,,,,,,,,,,,,,,,,,,,,,,,,,,,,,,,,,,,,,,,,,,,,,,,,,,,,,,,,,,,,,,,,,,,,,,,,,,,,,,,,,,,,,,,,,,,,,,,,,,,,,,,,,,,,,,,,,,,,,,,,,,,,,,,,,,,,,,,,,,,,,,,,,,,,,,,,,,,,,,,,,,,,,,,,,,,,,,,,,,,,,,,,,,,,,,,,,,,,,,,,,,,,,,,,,,,,,,,,,,,,,,,,,,,,,,,,,,,,,,,,,,,,,,,,,,,,,,,,,,,,,,,,,,,,,,,,,,,,,,,,,,,,,,,,,,,,,,,,,,,,,,,,,,,,,,,,,,,,,,,,,,,,,,,,,,,,,,,,,,,,,,,,,,,,,,,,,,,,,,,,,,,,,,,,,,,,,,,,,,,,,,,,,,,,,,,,,,,,,,,,,,,,,,,,,,,,,,,,,,,,,,,,,,,,,,,,,,,,,,,,,,,,,,,,,,,,,,,,,,,,,,,,,,,,,,,,,,,,,,,,4809.0
2018-06-18,ios,,,,,,,,,,,,,,,,,,,,,,,,,,14.0,38.0,38.0,38.0,38.0,38.0,38.0,38.0,38.0,38.0,38.0,38.0,38.0,38.0,38.0,38.0,38.0,38.0,38.0,38.0,38.0,38.0,38.0,38.0,38.0,38.0,38.0,38.0,38.0,38.0,38.0,38.0,38.0,38.0,38.0,38.0,38.0,38.0,38.0,38.0,38.0,38.0,38.0,38.0,38.0,38.0,38.0,38.0,38.0,38.0,38.0,38.0,38.0,38.0,38.0,38.0,38.0,38.0,38.0,38.0,38.0,38.0,38.0,38.0,38.0,38.0,38.0,38.0,38.0,38.0,38.0,38.0,38.0,38.0,38.0,38.0,38.0,38.0,38.0,38.0,38.0,38.0,38.0,38.0,38.0,38.0,38.0,38.0,38.0,38.0,38.0,38.0,38.0,38.0,38.0,38.0,38.0,38.0,38.0,38.0,38.0,38.0,38.0,38.0,38.0,38.0,38.0,38.0,38.0,38.0,38.0,38.0,38.0,38.0,38.0,38.0,38.0,38.0,38.0,38.0,38.0,38.0,38.0,38.0,38.0,38.0,38.0,38.0,38.0,38.0,38.0,38.0,38.0,38.0,38.0,38.0,38.0,38.0,38.0,38.0,38.0,38.0,38.0,38.0,38.0,38.0,38.0,38.0,38.0,38.0,38.0,38.0,38.0,38.0,38.0,38.0,38.0,38.0,38.0,38.0,38.0,38.0,38.0,38.0,38.0,38.0,38.0,38.0,38.0,38.0,38.0,38.0,38.0,38.0,38.0,38.0,38.0,38.0,38.0,38.0,38.0,38.0,38.0,38.0,38.0,38.0,38.0,38.0,38.0,38.0,38.0,38.0,38.0,38.0,38.0,38.0,38.0,38.0,38.0,38.0,38.0,38.0,38.0,38.0,38.0,38.0,38.0,38.0,38.0,38.0,38.0,38.0,38.0,38.0,38.0,38.0,38.0,38.0,38.0,38.0,38.0,38.0,38.0,38.0,38.0,38.0,38.0,38.0,38.0,38.0,38.0,38.0,38.0,38.0,38.0,38.0,38.0,38.0,38.0,38.0,38.0,38.0,38.0,38.0,38.0,38.0,38.0,38.0,38.0,38.0,38.0,38.0,38.0,38.0,38.0,38.0,38.0,38.0,38.0,38.0,38.0,38.0,38.0,38.0,38.0,38.0,38.0,38.0,38.0,38.0,38.0,38.0,38.0,38.0,38.0,38.0,38.0,38.0,38.0,38.0,38.0,38.0,38.0,38.0,38.0,38.0,38.0,38.0,38.0,38.0,38.0,38.0,38.0,38.0,38.0,38.0,38.0,38.0,38.0,38.0,38.0,38.0,38.0,38.0,38.0,38.0,38.0,38.0,38.0,38.0,38.0,38.0,38.0,38.0,38.0,38.0,38.0,38.0,38.0,38.0,38.0,38.0,38.0,38.0,38.0,38.0,38.0,38.0,38.0,38.0,38.0,38.0,38.0,38.0,38.0,38.0,38.0,38.0,38.0,38.0,38.0,38.0,38.0,38.0,38.0,38.0,38.0,38.0,38.0,38.0,38.0,38.0,38.0,38.0,38.0,38.0,38.0,38.0,38.0,38.0,38.0,38.0,38.0,38.0,38.0,38.0,38.0,38.0,38.0,38.0,38.0,38.0,38.0,38.0,38.0,38.0,38.0,38.0,38.0,38.0,38.0,38.0,38.0,38.0,38.0,38.0,38.0,38.0,38.0,38.0,38.0,38.0,38.0,38.0,38.0,38.0,38.0,38.0,38.0,38.0,38.0,38.0,38.0,38.0,38.0,38.0,38.0,38.0,38.0,38.0,38.0,38.0,38.0,38.0,38.0,38.0,38.0,38.0,38.0,38.0,38.0,38.0,38.0,38.0,38.0,38.0,38.0,38.0,38.0,38.0,50.0,50.0,50.0,50.0,50.0,50.0,50.0,50.0,50.0,50.0,50.0,50.0,50.0,50.0,50.0,50.0,50.0,50.0,50.0,50.0,50.0,50.0,50.0,50.0,50.0,50.0,50.0,50.0,50.0,50.0,50.0,50.0,50.0,50.0,50.0,50.0,50.0,50.0,50.0,50.0,50.0,50.0,50.0,60.0,102.0,211.0,246.0,246.0,246.0,246.0,246.0,246.0,246.0,246.0,246.0,246.0,246.0,246.0,246.0,246.0,246.0,246.0,246.0,246.0,246.0,246.0,262.0,274.0,326.0,389.0,389.0,389.0,389.0,389.0,389.0,389.0,389.0,389.0,389.0,389.0,389.0,411.0,430.0,430.0,430.0,446.0,446.0,446.0,446.0,509.0,553.0,576.0,576.0,642.0,644.0,675.0,782.0,782.0,782.0,811.0,898.0,898.0,922.0,941.0,982.0,1044.0,1064.0,1064.0,1089.0,1089.0,1097.0,1097.0,1145.0,1146.0,1146.0,1146.0,1146.0,1146.0,1146.0,1146.0,1146.0,1146.0,1146.0,1146.0,1146.0,1146.0,1146.0,1154.0,1154.0,1154.0,1154.0,1154.0,1154.0,1154.0,1154.0,1154.0,1154.0,1154.0,1154.0,1154.0,1154.0,1154.0,1154.0,1154.0,1154.0,1154.0,1154.0,1154.0,1154.0,1154.0,1154.0,1211.0,1219.0,1219.0,1219.0,1219.0,1219.0,1219.0,1219.0,1219.0,1219.0,1219.0,1219.0,1219.0,1219.0,1219.0,1219.0,1219.0,1219.0,1219.0,1219.0,1219.0,1219.0,1219.0,1219.0,1219.0,1219.0,1219.0,1219.0,1219.0,1219.0,1219.0,1219.0,1219.0,1219.0,1219.0,1219.0,1219.0,1219.0,1219.0,1219.0,1219.0,1219.0,1219.0,1219.0,1219.0,1219.0,1219.0,1219.0,1219.0,1219.0,1219.0,1219.0,1219.0,1219.0,1219.0,1219.0,1219.0,1219.0,1219.0,1219.0,1219.0,1219.0,1219.0,1219.0,1219.0,1219.0,1219.0,1219.0,1219.0,1219.0,1219.0,1219.0,1219.0,1219.0,1219.0,1219.0,1219.0,1219.0,1219.0,1219.0,1219.0,1219.0,1219.0,1219.0,1219.0,1219.0,1219.0,1219.0,1219.0,1219.0,1219.0,1219.0,1219.0,1219.0,1219.0,1219.0,1219.0,1219.0,1219.0,1219.0,1219.0,1219.0,1219.0,1219.0,1219.0,1219.0,1219.0,1219.0,1219.0,1219.0,1219.0,1219.0,1219.0,1219.0,1219.0,1219.0,1219.0,1219.0,1219.0,1219.0,1219.0,1219.0,1219.0,1219.0,1219.0,1219.0,1219.0,1219.0,1219.0,1219.0,1219.0,1219.0,1219.0,1219.0,1219.0,1219.0,1219.0,1219.0,1219.0,1219.0,1219.0,1219.0,1219.0,1219.0,1219.0,1219.0,1219.0,1219.0,1219.0,1219.0,1219.0,1219.0,1219.0,1219.0,1219.0,1219.0,1219.0,1219.0,1219.0,1219.0,1219.0,1219.0,1219.0,1219.0,1219.0,1219.0,1219.0,1219.0,1219.0,1219.0,1219.0,1219.0,1219.0,1219.0,1219.0,1219.0,1219.0,1219.0,1219.0,1219.0,1219.0,1219.0,1219.0,1219.0,1219.0,1219.0,1219.0,1219.0,1219.0,1219.0,1219.0,1219.0,1219.0,1219.0,1219.0,1219.0,1219.0,1219.0,1219.0,1219.0,1219.0,1219.0,1219.0,1219.0,1219.0,1219.0,1219.0,1219.0,1219.0,1219.0,1219.0,1219.0,1219.0,1219.0,1219.0,1219.0,1219.0,1219.0,1219.0,1219.0,1219.0,1219.0,1219.0,1219.0,1219.0,1219.0,1219.0,1219.0,1219.0,1219.0,1219.0,1219.0,1227.0,1227.0,1227.0,1227.0,1227.0,1227.0,1227.0,1227.0,1227.0,1227.0,1227.0,1227.0,1227.0,1227.0,1227.0,1227.0,1227.0,1227.0,1227.0,1227.0,1227.0,1227.0,1227.0,1227.0,1227.0,1227.0,1227.0,1227.0,1227.0,1227.0,1227.0,1227.0,1227.0,1227.0,1227.0,1227.0,1227.0,1227.0,1227.0,1227.0,1227.0,1227.0,1227.0,1227.0,1227.0,1227.0,1227.0,1227.0,1227.0,1227.0,1227.0,1227.0,1227.0,1227.0,1227.0,1227.0,1227.0,1227.0,1227.0,1227.0,1227.0,1227.0,1227.0,1227.0,1227.0,1227.0,1227.0,1227.0,1227.0,1227.0,1227.0,1227.0,1227.0,1227.0,1227.0,1227.0,1227.0,1227.0,1227.0,1227.0,1227.0,1227.0,1227.0,1227.0,1227.0,1227.0,1227.0,1227.0,1227.0,1227.0,1227.0,1227.0,1227.0,1227.0,1227.0,1227.0,1227.0,1227.0,1227.0,1227.0,1227.0,1227.0,1227.0,1227.0,1227.0,1227.0,1227.0,1227.0,1227.0,1227.0,1227.0,1227.0,1227.0,1227.0,1227.0,1227.0,1227.0,1227.0,1227.0,1227.0,1227.0,1227.0,1227.0,1227.0,1227.0,1227.0,1227.0,1227.0,1227.0,1227.0,1227.0,1227.0,1227.0,1227.0,1227.0,1227.0,1227.0,1227.0,1227.0,1227.0,1227.0,1227.0,1227.0,1227.0,1227.0,1227.0,1227.0,1227.0,1227.0,1227.0,1227.0,1227.0,1227.0,1227.0,1227.0,1227.0,1227.0,1227.0,1227.0,1227.0,1227.0,1227.0,1227.0,1227.0,1227.0,1227.0,1227.0,1227.0,1227.0,1227.0,1227.0,1227.0,1227.0,1227.0,1227.0,1227.0,1227.0,1227.0,1227.0,1227.0,1227.0,1227.0,1227.0,1227.0,1227.0,1227.0,1227.0,1227.0,1227.0,1227.0,1227.0,1227.0,1227.0,1227.0,1227.0,1227.0,1227.0,1227.0,1227.0,1227.0,1227.0,1227.0,1227.0,1227.0,1227.0,1227.0,1227.0,1227.0,1227.0,1227.0,1227.0,1227.0,1227.0,1227.0,1227.0,1227.0,1227.0,1227.0,1227.0,1227.0,1227.0,1227.0,1227.0,1227.0,1227.0,1227.0,1227.0,1227.0,1227.0,1227.0,1227.0,1227.0,1227.0,1227.0,1227.0,1227.0,1227.0,1227.0,1227.0,1227.0,1227.0,1227.0,1227.0,1227.0,1227.0,1227.0,1227.0,1227.0,1227.0,1227.0,1227.0,1227.0,1227.0,1227.0,1227.0,1227.0,1227.0,1227.0,1227.0,1227.0,1227.0,1227.0,1227.0,1227.0,1227.0,1227.0,1251.0,1251.0,1251.0,1251.0,1251.0,1251.0,1251.0,1267.0,1267.0,1311.0,1395.0,1395.0,1395.0,1395.0,1395.0,1395.0,1395.0,1395.0,1395.0,1395.0,1395.0,1434.0,1434.0,1453.0,1453.0,1453.0,1453.0,1453.0,1453.0,1453.0,1453.0,1453.0,1453.0,1453.0,1453.0,1453.0,1453.0,1453.0,1453.0,1453.0,1453.0,1453.0,1453.0,1453.0,1453.0,1453.0,1502.0,1619.0,1733.0,1764.0,1836.0,1922.0,2029.0,2047.0,2110.0,2151.0,2193.0,2223.0,2223.0,2323.0,2381.0,2464.0,2474.0,2590.0,2592.0,2663.0,2672.0,2776.0,2863.0,2863.0,2863.0,2863.0,2863.0,2863.0,2863.0,2863.0,2863.0,2863.0,2863.0,2863.0,2863.0,2863.0,2863.0,2863.0,2884.0,2928.0,2929.0,2929.0,2929.0,2929.0,2929.0,2929.0,2929.0,2929.0,2929.0,2929.0,2929.0,2929.0,2929.0,2929.0,2929.0,2929.0,2929.0,2929.0,2929.0,2929.0,2929.0,2929.0,2929.0,2929.0,2929.0,2929.0,2929.0,2929.0,2929.0,2929.0,2929.0,2929.0,2929.0,2929.0,2929.0,2929.0,2929.0,2929.0,2929.0,2929.0,2929.0,2929.0,2929.0,2929.0,2929.0,2929.0,2929.0,2929.0,2929.0,2929.0,2929.0,2929.0,2929.0,2929.0,2929.0,2935.0,2935.0,2935.0,2935.0,2935.0,2935.0,2935.0,2943.0,2943.0,2943.0,2943.0,2992.0,2992.0,3000.0,3010.0,3010.0,3010.0,3010.0,3029.0,3029.0,3029.0,3029.0,3029.0,3029.0,3029.0,3029.0,3029.0,3029.0,3029.0,3029.0,3029.0,3029.0,3029.0,3029.0,3029.0,3029.0,3029.0,3056.0,3056.0,3056.0,3056.0,3056.0,3056.0,3056.0,3056.0,3056.0,3056.0,3056.0,3056.0,3056.0,3056.0,3056.0,3056.0,3056.0,3056.0,3056.0,3056.0,3056.0,3056.0,3056.0,3056.0,3056.0,3056.0,3056.0,3056.0,3056.0,3056.0,3056.0,3056.0,3056.0,3056.0,3056.0,3056.0,3056.0,3056.0,3056.0,3056.0,3056.0,3056.0,3056.0,3056.0,3056.0,3056.0,3056.0,3056.0,3056.0,3056.0,3056.0,3056.0,3056.0,3056.0,3056.0,3056.0,3056.0,3056.0,3056.0,3056.0,3056.0,3056.0,3056.0,3056.0,3056.0,3056.0,3056.0,3056.0,3056.0,3056.0,3056.0,3056.0,3056.0,3056.0,3056.0,3056.0,3056.0,3056.0,3056.0,3056.0,3056.0,3056.0,3056.0,3056.0,3056.0,3056.0,3056.0,3056.0,3056.0,3056.0,3056.0,3056.0,3056.0,3056.0,3056.0,3056.0,3056.0,3056.0,3056.0,3056.0,3056.0,3056.0,3056.0,3056.0,3056.0,3056.0,3056.0,3056.0,3056.0,3056.0,3056.0,3056.0,3056.0,3056.0,3056.0,3056.0,3056.0,3056.0,3056.0,3056.0,3056.0,3056.0,3056.0,3056.0,3056.0,3056.0,3056.0,3056.0,3056.0,3056.0,3056.0,3056.0,3056.0,3056.0,3056.0,3056.0,3056.0,3056.0,3056.0,3056.0,3056.0,3056.0,3056.0,3056.0,3056.0,3056.0,3056.0,3056.0,3056.0,3056.0,3069.0,3069.0,3069.0,3069.0,3069.0,,,
2018-06-19,ios,,,,,,,,,,,,,,,,,,,,,,,,,,,,,,,,,,,,,,,,,,,,,,,,,,,,,,,,,,,,,,,,,,,,,,,,,,,,,,,,,,,,,,,,,,,,,,,,,,,,,,,,,,,,,,,,,,,,,,,,,,,,,,,,,,,,,,,,,,,,,,,,,,,,,,,,,,,,,,,,,,,,,,,,,,,,,,,,,,,,,,,,,,,,,,,,,,,,,,,,,,,,,,,,,,,,,,,,,,,,,,,,,,,,,,,,,,,,,,,,,,,,,,,,,,,,,,,,,,,,,,,,,,,,,,,,,,,,,,,,,,,,,,,,,,,,,,,,,,,,,,,,,,,,,,,,,,,,,,,,,,,,,,,,,,,,,,,,,,,,,,,,,,,,,,,,,,,,,,,,,,,,,,,,,,,,,,,,,,,,,,,,,,,,,,,,,,,,,,,,,,,,,,,,,,,,,,,,,,,,,,,,,,,,,,,,,,,,,,,,,,23.0,32.0,32.0,32.0,48.0,48.0,48.0,48.0,48.0,48.0,48.0,48.0,48.0,48.0,48.0,48.0,48.0,48.0,48.0,48.0,48.0,48.0,48.0,48.0,48.0,48.0,48.0,48.0,48.0,48.0,48.0,48.0,48.0,48.0,48.0,48.0,48.0,48.0,48.0,48.0,48.0,48.0,48.0,48.0,48.0,48.0,48.0,48.0,48.0,48.0,48.0,48.0,48.0,48.0,48.0,48.0,48.0,48.0,48.0,48.0,48.0,48.0,48.0,48.0,48.0,48.0,48.0,48.0,48.0,48.0,59.0,59.0,76.0,168.0,233.0,233.0,233.0,233.0,233.0,233.0,233.0,233.0,233.0,233.0,233.0,255.0,275.0,275.0,275.0,275.0,275.0,275.0,275.0,275.0,275.0,275.0,275.0,275.0,275.0,275.0,275.0,275.0,275.0,275.0,275.0,275.0,275.0,275.0,275.0,275.0,275.0,275.0,275.0,275.0,275.0,275.0,275.0,275.0,275.0,275.0,275.0,275.0,275.0,275.0,275.0,275.0,275.0,275.0,275.0,275.0,275.0,275.0,275.0,275.0,275.0,275.0,275.0,275.0,275.0,275.0,275.0,275.0,275.0,275.0,275.0,275.0,275.0,275.0,275.0,275.0,275.0,275.0,275.0,275.0,275.0,275.0,335.0,365.0,365.0,440.0,440.0,494.0,494.0,494.0,494.0,494.0,494.0,494.0,494.0,494.0,494.0,494.0,494.0,494.0,494.0,494.0,505.0,505.0,505.0,505.0,505.0,505.0,505.0,505.0,505.0,505.0,505.0,505.0,505.0,505.0,505.0,505.0,505.0,507.0,568.0,628.0,628.0,628.0,628.0,628.0,628.0,697.0,752.0,777.0,777.0,777.0,777.0,777.0,777.0,777.0,777.0,777.0,777.0,777.0,777.0,777.0,777.0,777.0,777.0,777.0,777.0,777.0,777.0,777.0,777.0,796.0,796.0,796.0,796.0,796.0,796.0,796.0,796.0,796.0,796.0,796.0,796.0,796.0,796.0,796.0,796.0,796.0,796.0,796.0,796.0,796.0,796.0,796.0,796.0,796.0,796.0,796.0,796.0,796.0,796.0,796.0,796.0,796.0,796.0,796.0,796.0,803.0,827.0,879.0,916.0,916.0,916.0,916.0,916.0,916.0,1024.0,1077.0,1103.0,1103.0,1103.0,1103.0,1103.0,1103.0,1103.0,1103.0,1103.0,1103.0,1103.0,1104.0,1183.0,1183.0,1183.0,1183.0,1183.0,1183.0,1215.0,1215.0,1215.0,1313.0,1382.0,1407.0,1407.0,1407.0,1407.0,1407.0,1407.0,1407.0,1407.0,1407.0,1407.0,1407.0,1407.0,1407.0,1407.0,1407.0,1407.0,1407.0,1407.0,1407.0,1407.0,1407.0,1407.0,1407.0,1407.0,1407.0,1407.0,1407.0,1407.0,1407.0,1407.0,1407.0,1407.0,1407.0,1407.0,1407.0,1407.0,1407.0,1407.0,1407.0,1407.0,1407.0,1407.0,1407.0,1407.0,1407.0,1407.0,1407.0,1407.0,1407.0,1407.0,1407.0,1407.0,1407.0,1407.0,1407.0,1407.0,1407.0,1407.0,1407.0,1407.0,1407.0,1407.0,1407.0,1407.0,1407.0,1407.0,1407.0,1407.0,1407.0,1407.0,1407.0,1407.0,1407.0,1407.0,1407.0,1407.0,1407.0,1407.0,1407.0,1407.0,1407.0,1407.0,1407.0,1407.0,1407.0,1407.0,1407.0,1407.0,1407.0,1407.0,1407.0,1407.0,1407.0,1407.0,1407.0,1407.0,1407.0,1407.0,1407.0,1407.0,1407.0,1407.0,1407.0,1407.0,1407.0,1407.0,1407.0,1407.0,1407.0,1407.0,1407.0,1407.0,1407.0,1407.0,1407.0,1407.0,1407.0,1407.0,1407.0,1407.0,1407.0,1407.0,1407.0,1407.0,1407.0,1407.0,1407.0,1416.0,1428.0,1525.0,1542.0,1542.0,1542.0,1542.0,1542.0,1542.0,1563.0,1586.0,1586.0,1586.0,1586.0,1586.0,1586.0,1586.0,1586.0,1586.0,1586.0,1586.0,1586.0,1586.0,1586.0,1586.0,1586.0,1586.0,1586.0,1586.0,1586.0,1586.0,1586.0,1586.0,1586.0,1586.0,1586.0,1586.0,1586.0,1586.0,1586.0,1586.0,1586.0,1586.0,1586.0,1586.0,1586.0,1586.0,1586.0,1586.0,1586.0,1586.0,1586.0,1586.0,1586.0,1586.0,1586.0,1586.0,1586.0,1586.0,1586.0,1586.0,1586.0,1586.0,1586.0,1586.0,1586.0,1586.0,1586.0,1586.0,1586.0,1586.0,1586.0,1586.0,1586.0,1586.0,1586.0,1586.0,1586.0,1586.0,1586.0,1586.0,1586.0,1586.0,1586.0,1586.0,1586.0,1586.0,1586.0,1586.0,1586.0,1586.0,1586.0,1586.0,1586.0,1586.0,1586.0,1586.0,1586.0,1586.0,1586.0,1586.0,1586.0,1586.0,1586.0,1586.0,1586.0,1586.0,1586.0,1586.0,1586.0,1586.0,1586.0,1586.0,1586.0,1586.0,1586.0,1586.0,1586.0,1586.0,1586.0,1586.0,1586.0,1586.0,1586.0,1586.0,1586.0,1586.0,1586.0,1586.0,1586.0,1586.0,1586.0,1586.0,1586.0,1586.0,1586.0,1586.0,1586.0,1586.0,1586.0,1586.0,1586.0,1586.0,1586.0,1586.0,1586.0,1586.0,1586.0,1586.0,1586.0,1586.0,1586.0,1586.0,1586.0,1586.0,1586.0,1586.0,1586.0,1586.0,1586.0,1586.0,1586.0,1586.0,1586.0,1586.0,1586.0,1586.0,1586.0,1586.0,1586.0,1586.0,1586.0,1586.0,1586.0,1586.0,1586.0,1586.0,1586.0,1586.0,1586.0,1586.0,1586.0,1586.0,1586.0,1586.0,1586.0,1586.0,1586.0,1586.0,1586.0,1586.0,1586.0,1586.0,1586.0,1586.0,1586.0,1586.0,1586.0,1586.0,1586.0,1586.0,1608.0,1608.0,1608.0,1608.0,1637.0,1700.0,1723.0,1723.0,1754.0,1833.0,1833.0,1833.0,1833.0,1833.0,1833.0,1833.0,1833.0,1845.0,1948.0,2042.0,2154.0,2252.0,2350.0,2464.0,2578.0,2694.0,2800.0,2817.0,2817.0,2817.0,2817.0,2864.0,2963.0,3085.0,3192.0,3305.0,3420.0,3501.0,3501.0,3582.0,3663.0,3774.0,3869.0,3962.0,4035.0,4035.0,4035.0,4035.0,4035.0,4035.0,4035.0,4035.0,4035.0,4035.0,4035.0,4035.0,4035.0,4035.0,4035.0,4035.0,4035.0,4035.0,4035.0,4035.0,4035.0,4035.0,4035.0,4035.0,4035.0,4035.0,4035.0,4043.0,4043.0,4043.0,4043.0,4057.0,4069.0,4069.0,4069.0,4069.0,4069.0,4069.0,4069.0,4069.0,4069.0,4069.0,4069.0,4069.0,4069.0,4069.0,4069.0,4069.0,4069.0,4069.0,4069.0,4069.0,4069.0,4069.0,4069.0,4069.0,4069.0,4069.0,4069.0,4069.0,4069.0,4069.0,4069.0,4069.0,4069.0,4069.0,4069.0,4069.0,4069.0,4069.0,4069.0,4069.0,4069.0,4069.0,4069.0,4069.0,4069.0,4069.0,4069.0,4069.0,4069.0,4069.0,4069.0,4069.0,4069.0,4069.0,4069.0,4069.0,4069.0,4069.0,4069.0,4069.0,4069.0,4069.0,4069.0,4069.0,4069.0,4069.0,4069.0,4069.0,4069.0,4069.0,4069.0,4069.0,4069.0,4069.0,4069.0,4069.0,4069.0,4069.0,4069.0,4069.0,4069.0,4069.0,4069.0,,,,,,,,,,,,,,,,,,,,,,,,,,,,,,,,,,,,,,,,,,,,,,,,,,,,,,,,,,,,,,,,,,,,,,,,,,,,,,,,,,,,,,,,,,,,,,,,,,,,,,,,,,,,,,,,,,,,,,,,,,,,,,,,,,,,,,,,,,,,,,,,,,,,,,,,,,,,,,,,,,,,,,,,,,,,,,,,,,,,,,,,,,,,,,,,,,,,,,,,,,,,,,,,,,,,,,,,,
2018-06-20,ios,,,,,,,,,,,,,,,,,,,,,,,,,,,,,,,,,,,,,,,,,,,,,,,,,,,,,,,,,,,,,,,,,,,,,,,,,,,,,,,,,,,,,,,,,,,,,,,,,,,,,,,,,,,,,,,,,,,,,,,,,,,,,,,,,,,,,,,,,,,,,,,,,,,,,,,,,,,,,,,,,,,,,,,,,,,,,,,,,,,,,,,,,,,,,,,,,,,,,,,,,,,,,,,,,,,,,,,,,,,,,,,,,,,,,,,,,,,,,,,,,,,,,,,,,,,,,,,,,,,,,,,,,,,,,,,,,,,,,,,,,,,,,,,,,,,,,,,,,,,,,,,,,,,,,,,,,,,,,,,,,,,,,,,,,,,,,,,,,,,,,,,,,,,,,,,,,,,,,,,,,,,,,,,,,,,,,,,,,,,,,,,,,,,,,,,,,,,,,23.0,24.0,24.0,24.0,24.0,24.0,24.0,24.0,24.0,24.0,24.0,24.0,24.0,24.0,24.0,24.0,24.0,24.0,24.0,24.0,24.0,24.0,24.0,24.0,24.0,24.0,24.0,24.0,24.0,24.0,84.0,100.0,100.0,100.0,100.0,100.0,100.0,100.0,100.0,100.0,100.0,100.0,100.0,100.0,100.0,100.0,100.0,100.0,100.0,100.0,100.0,100.0,100.0,100.0,100.0,100.0,100.0,100.0,100.0,100.0,100.0,100.0,100.0,100.0,100.0,100.0,100.0,100.0,100.0,100.0,100.0,100.0,100.0,100.0,100.0,100.0,100.0,100.0,110.0,110.0,110.0,110.0,110.0,110.0,110.0,110.0,110.0,110.0,110.0,110.0,110.0,160.0,160.0,160.0,160.0,160.0,160.0,160.0,160.0,160.0,160.0,160.0,160.0,160.0,160.0,160.0,160.0,160.0,160.0,160.0,160.0,160.0,160.0,160.0,160.0,160.0,160.0,160.0,160.0,169.0,188.0,278.0,384.0,395.0,395.0,395.0,395.0,395.0,395.0,395.0,395.0,395.0,395.0,395.0,395.0,395.0,395.0,395.0,395.0,395.0,395.0,395.0,395.0,395.0,395.0,395.0,395.0,395.0,395.0,395.0,395.0,395.0,408.0,408.0,408.0,408.0,408.0,408.0,408.0,408.0,408.0,408.0,408.0,408.0,408.0,408.0,408.0,408.0,408.0,408.0,408.0,408.0,408.0,408.0,408.0,408.0,408.0,408.0,408.0,408.0,408.0,408.0,408.0,408.0,408.0,408.0,408.0,408.0,408.0,408.0,408.0,408.0,408.0,408.0,408.0,408.0,408.0,408.0,408.0,408.0,408.0,408.0,408.0,408.0,408.0,408.0,408.0,408.0,408.0,478.0,478.0,478.0,478.0,478.0,487.0,487.0,487.0,521.0,531.0,531.0,531.0,531.0,531.0,531.0,531.0,531.0,531.0,531.0,531.0,531.0,531.0,531.0,531.0,531.0,531.0,531.0,531.0,531.0,531.0,531.0,531.0,531.0,531.0,531.0,531.0,531.0,531.0,531.0,531.0,531.0,531.0,531.0,531.0,531.0,531.0,531.0,531.0,531.0,531.0,531.0,531.0,531.0,531.0,531.0,531.0,531.0,531.0,531.0,531.0,531.0,531.0,531.0,531.0,531.0,531.0,531.0,531.0,531.0,531.0,531.0,531.0,531.0,531.0,531.0,531.0,531.0,531.0,531.0,531.0,531.0,531.0,531.0,531.0,531.0,531.0,602.0,602.0,602.0,602.0,602.0,602.0,602.0,690.0,759.0,860.0,864.0,864.0,864.0,864.0,864.0,864.0,864.0,864.0,864.0,864.0,864.0,864.0,864.0,864.0,864.0,864.0,864.0,864.0,864.0,864.0,864.0,864.0,864.0,864.0,864.0,864.0,864.0,864.0,864.0,864.0,864.0,864.0,864.0,864.0,864.0,864.0,864.0,864.0,864.0,864.0,864.0,864.0,864.0,864.0,864.0,864.0,864.0,864.0,864.0,864.0,864.0,864.0,864.0,864.0,864.0,864.0,864.0,864.0,864.0,864.0,864.0,864.0,864.0,864.0,864.0,864.0,864.0,864.0,864.0,864.0,864.0,864.0,864.0,864.0,864.0,864.0,864.0,864.0,864.0,864.0,864.0,864.0,864.0,864.0,864.0,864.0,864.0,864.0,864.0,864.0,864.0,864.0,864.0,864.0,864.0,864.0,864.0,864.0,864.0,864.0,864.0,864.0,864.0,864.0,864.0,864.0,864.0,864.0,864.0,864.0,864.0,864.0,864.0,864.0,864.0,864.0,864.0,864.0,864.0,864.0,864.0,864.0,864.0,864.0,864.0,864.0,864.0,864.0,864.0,864.0,864.0,864.0,864.0,864.0,864.0,864.0,864.0,864.0,864.0,864.0,864.0,864.0,864.0,864.0,864.0,864.0,864.0,864.0,864.0,864.0,864.0,864.0,864.0,864.0,864.0,864.0,864.0,864.0,864.0,864.0,864.0,864.0,864.0,864.0,864.0,864.0,864.0,864.0,864.0,864.0,864.0,864.0,864.0,864.0,864.0,864.0,864.0,864.0,864.0,864.0,864.0,864.0,864.0,864.0,864.0,864.0,864.0,864.0,864.0,864.0,864.0,864.0,864.0,864.0,864.0,864.0,864.0,864.0,864.0,864.0,864.0,864.0,864.0,864.0,864.0,864.0,864.0,864.0,864.0,864.0,883.0,883.0,895.0,945.0,1005.0,1063.0,1121.0,1121.0,1121.0,1121.0,1121.0,1121.0,1121.0,1121.0,1121.0,1193.0,1307.0,1427.0,1504.0,1620.0,1676.0,1689.0,1689.0,1711.0,1780.0,1814.0,1814.0,1814.0,1827.0,1889.0,1928.0,1940.0,2012.0,2032.0,2082.0,2084.0,2099.0,2209.0,2258.0,2313.0,2428.0,2453.0,2453.0,2453.0,2453.0,2453.0,2453.0,2453.0,2453.0,2453.0,2453.0,2453.0,2453.0,2453.0,2453.0,2453.0,2474.0,2502.0,2528.0,2528.0,2528.0,2528.0,2528.0,2528.0,2528.0,2528.0,2528.0,2528.0,2528.0,2528.0,2528.0,2528.0,2528.0,2528.0,2528.0,2528.0,2528.0,2528.0,2528.0,2528.0,2528.0,2528.0,2528.0,2528.0,2528.0,2528.0,2528.0,2528.0,2528.0,2528.0,2528.0,2528.0,2528.0,2528.0,2528.0,2528.0,2528.0,2528.0,2528.0,2528.0,2528.0,2528.0,2528.0,2528.0,2528.0,2528.0,2528.0,2528.0,2528.0,2528.0,2528.0,2528.0,2528.0,2574.0,2574.0,2574.0,2574.0,2574.0,2574.0,2574.0,2574.0,2574.0,2574.0,2574.0,2574.0,2574.0,2574.0,2619.0,2735.0,2788.0,2788.0,2788.0,2788.0,2788.0,2788.0,2788.0,2788.0,2788.0,2788.0,2788.0,2788.0,2788.0,2788.0,2788.0,2788.0,2788.0,2788.0,2788.0,2788.0,2788.0,2788.0,2788.0,2788.0,2788.0,2788.0,2788.0,2788.0,2788.0,2788.0,2788.0,2788.0,2788.0,2788.0,2788.0,2788.0,2788.0,2788.0,2788.0,2788.0,2788.0,2788.0,2788.0,2788.0,2788.0,2788.0,2788.0,2788.0,2788.0,2788.0,2788.0,2788.0,2788.0,2788.0,2788.0,2788.0,2788.0,2788.0,2788.0,2788.0,2788.0,2788.0,2788.0,2788.0,2788.0,2788.0,2788.0,2788.0,2788.0,2788.0,2788.0,2788.0,2788.0,2788.0,2788.0,2788.0,2788.0,2788.0,2788.0,2788.0,2788.0,2788.0,2788.0,2788.0,2788.0,2788.0,2788.0,2788.0,2788.0,2788.0,2788.0,2788.0,2788.0,2788.0,2788.0,2788.0,2788.0,2788.0,2788.0,2788.0,2788.0,2788.0,2788.0,2788.0,2788.0,2788.0,2788.0,2821.0,2822.0,2822.0,2851.0,2851.0,2851.0,2851.0,2851.0,2851.0,2851.0,2851.0,2851.0,2851.0,2851.0,2851.0,2851.0,2851.0,2851.0,2851.0,2851.0,2851.0,2851.0,2851.0,2851.0,2851.0,2851.0,2851.0,2851.0,2851.0,2851.0,2851.0,2851.0,2851.0,2851.0,2851.0,2851.0,2851.0,2851.0,2851.0,2851.0,2851.0,2851.0,2851.0,2851.0,2851.0,2851.0,2851.0,2851.0,2851.0,2851.0,2851.0,2851.0,2860.0,2860.0,2860.0,,,,,,,,,,,,,,,,,,,,,,,,,,,,,,,,,,,,,,,,,,,,,,,,,,,,,,,,,,,,,,,,,,,,,,,,,,,,,,,,,,,,,,,,,,,,,,,,,,,,,,,,,,,,,,,,,,,,,,,,,,,,,,,,,,,,,,,,,,,,,,,,,,,,,,,,,,,,,,,,,,,,,,,,,,,,,,,,,,,,,,,,,,,,,,,,,,,,,,,,,,,,,,,,,,,,,,,,,,,,,,,,,,,,,,,,,,,,,,
2018-06-21,ios,,,,,,,,,,,,,,,,,,,,,,,,,,,,,,,,,,,,,,,,,,,,,,,,,,,,,,,,,,,,,,,,,,,,,,,,,,,,,,,,,,,,,,,,,,,,,,,,,,,,,,,,,,,,,,,,,,,,,,,,,,,,,,,,,,,,,,,,,,,,,,,,,,,,,,,,,,,,,,,,,,,,,,,,,,,,,,,,,,,,,,,,,,,,,,,,,,,,,,,,,,,,,,,,,,,,,,,,,,,,,,,,,,,,,,,,,,,,,,,,,,,,,,,,,,,,,,,,,,,,,,,,,,,,,,,,,,,,,,,,,,,,,,,,,,,,,,,,,,,,,,,,,,,,,,,,,,,,,,,,,,,,,,,,,,,,,,,,,,,,,,,,,,,,,,,,,,,,,,,,,,,,,,,,,,,,,,,,,,,,,,,,,,,,,,,,,,,,8.0,8.0,8.0,8.0,8.0,8.0,8.0,8.0,8.0,8.0,8.0,8.0,8.0,8.0,8.0,8.0,8.0,8.0,8.0,8.0,8.0,8.0,8.0,8.0,8.0,8.0,8.0,8.0,8.0,8.0,8.0,8.0,8.0,8.0,8.0,8.0,8.0,8.0,8.0,8.0,8.0,8.0,8.0,8.0,8.0,8.0,8.0,8.0,8.0,8.0,8.0,8.0,8.0,8.0,8.0,8.0,8.0,8.0,8.0,8.0,8.0,8.0,8.0,8.0,8.0,8.0,8.0,8.0,8.0,8.0,8.0,8.0,8.0,8.0,8.0,8.0,8.0,8.0,8.0,8.0,8.0,8.0,8.0,8.0,8.0,8.0,8.0,8.0,8.0,8.0,8.0,8.0,8.0,8.0,8.0,8.0,8.0,8.0,8.0,8.0,8.0,8.0,8.0,8.0,8.0,8.0,8.0,8.0,8.0,8.0,8.0,8.0,8.0,8.0,8.0,41.0,53.0,66.0,82.0,82.0,111.0,205.0,253.0,253.0,253.0,253.0,253.0,253.0,253.0,253.0,253.0,253.0,253.0,288.0,316.0,316.0,316.0,316.0,316.0,316.0,316.0,316.0,316.0,316.0,316.0,316.0,316.0,316.0,316.0,316.0,316.0,316.0,316.0,316.0,316.0,316.0,316.0,316.0,316.0,316.0,316.0,316.0,316.0,316.0,316.0,316.0,316.0,316.0,316.0,316.0,316.0,316.0,316.0,316.0,316.0,316.0,316.0,316.0,316.0,316.0,342.0,347.0,347.0,347.0,347.0,347.0,347.0,347.0,347.0,347.0,347.0,347.0,347.0,347.0,347.0,347.0,347.0,347.0,347.0,347.0,347.0,347.0,347.0,347.0,347.0,347.0,347.0,347.0,347.0,347.0,347.0,347.0,347.0,347.0,347.0,347.0,347.0,347.0,347.0,347.0,347.0,347.0,347.0,347.0,347.0,347.0,347.0,347.0,347.0,347.0,347.0,384.0,411.0,444.0,527.0,527.0,527.0,527.0,527.0,527.0,527.0,527.0,527.0,527.0,527.0,527.0,527.0,527.0,527.0,527.0,527.0,527.0,527.0,527.0,527.0,527.0,527.0,527.0,527.0,527.0,527.0,527.0,527.0,527.0,527.0,527.0,527.0,527.0,527.0,527.0,527.0,527.0,527.0,527.0,527.0,527.0,527.0,527.0,527.0,527.0,527.0,527.0,527.0,527.0,527.0,527.0,527.0,527.0,527.0,527.0,527.0,591.0,603.0,603.0,603.0,603.0,603.0,603.0,603.0,603.0,675.0,775.0,842.0,844.0,844.0,844.0,844.0,844.0,844.0,844.0,880.0,880.0,880.0,880.0,880.0,880.0,880.0,880.0,880.0,880.0,880.0,880.0,880.0,880.0,880.0,880.0,880.0,880.0,880.0,880.0,880.0,880.0,880.0,880.0,880.0,880.0,880.0,880.0,880.0,880.0,880.0,880.0,880.0,880.0,880.0,880.0,880.0,880.0,880.0,880.0,880.0,880.0,880.0,880.0,880.0,880.0,880.0,880.0,880.0,880.0,880.0,880.0,880.0,880.0,880.0,880.0,880.0,880.0,880.0,880.0,880.0,880.0,880.0,880.0,880.0,880.0,880.0,880.0,880.0,880.0,880.0,880.0,880.0,880.0,880.0,880.0,880.0,880.0,880.0,880.0,880.0,880.0,880.0,880.0,880.0,880.0,880.0,880.0,880.0,880.0,880.0,880.0,880.0,880.0,880.0,880.0,880.0,880.0,880.0,880.0,880.0,880.0,880.0,880.0,880.0,880.0,880.0,880.0,880.0,880.0,880.0,880.0,880.0,880.0,880.0,880.0,880.0,880.0,880.0,880.0,880.0,880.0,880.0,880.0,880.0,880.0,880.0,880.0,880.0,880.0,880.0,880.0,880.0,880.0,880.0,880.0,880.0,880.0,880.0,880.0,880.0,896.0,896.0,896.0,896.0,896.0,896.0,896.0,896.0,949.0,1013.0,1145.0,1275.0,1404.0,1533.0,1659.0,1785.0,1910.0,2037.0,2165.0,2293.0,2421.0,2544.0,2583.0,2583.0,2583.0,2583.0,2652.0,2788.0,2922.0,3052.0,3184.0,3317.0,3449.0,3580.0,3643.0,3678.0,3697.0,3697.0,3697.0,3697.0,3697.0,3697.0,3697.0,3752.0,3886.0,4001.0,4133.0,4260.0,4383.0,4503.0,4621.0,4721.0,4737.0,4737.0,4737.0,4737.0,4737.0,4737.0,4737.0,4737.0,4737.0,,,,,,,,,,,,,,,,,,,,,,,,,,,,,,,,,,,,,,,,,,,,,,,,,,,,,,,,,,,,,,,,,,,,,,,,,,,,,,,,,,,,,,,,,,,,,,,,,,,,,,,,,,,,,,,,,,,,,,,,,,,,,,,,,,,,,,,,,,,,,,,,,,,,,,,,,,,,,,,,,,,,,,,,,,,,,,,,,,,,,,,,,,,,,,,,,,,,,,,,,,,,,,,,,,,,,,,,,,,,,,,,,,,,,,,,,,,,,,,,,,,,,,,,,,,,,,,,,,,,,,,,,,,,,,,,,,,,,,,,,,,,,,,,,,,,,,,,,,,,,,,,,,,,,,,,,,,,,,,,,,,,,,,,,,,,,,,,,,,,,,,,,,,,,,,,,,,,,,,,,,,,,,,,,,,,,,,,,,,,,,,,,,,,,,,,,,,,,,,,,,,,,,,,,,,,,,,,,,,,,,,,,,,,,,,,,,,,,,,,,,,,,,,,,,,,,,,,,,,,,,,,,,,,,,,,,,,,,,,,,,,,,,,,,,,,,,,,,,,,,,,,,,,,,,,,,,,,,,,,,,,,,,,,,,,,,
2018-06-22,ios,,,,,,,,,,,,,,,,,,,,,,,,,,,,,,,,,,,,,,,,,,,,,,,,,,,,,,,,,,,,,,,,,,,,,,,,,,,,,,,,,,,,,,,,,,,,,,,,,,,,,,,,,,,,,,,,,,,,,,,,,,,,,,,,,,,,,,,,,,,,,,,,,,,,,,,,,,,,,,,,,,,,,,,,,,,,,,,,,,,,,,,,,,,,,,,,,,,,,,,,,,,,,,,,,,,,,,,,,,,,,,,,,,,,,,,,,,,,,,,,,,,,,,,,,,,,,,,,,,,,,,,,,,,,,,,,,,,,,,,,,,,,,,,,,,,,,,,,,,,,,,,,,,,,,,,,,,,,,,,,,,,,,,,,,,,,,,,,,,,,,,,,,,,,,,,,,,,,,,,,,,,,,,,,,,14.0,73.0,73.0,73.0,163.0,241.0,280.0,305.0,305.0,358.0,358.0,413.0,523.0,537.0,627.0,728.0,785.0,791.0,803.0,811.0,811.0,811.0,811.0,811.0,811.0,811.0,811.0,811.0,811.0,811.0,811.0,811.0,811.0,811.0,811.0,811.0,841.0,841.0,841.0,841.0,841.0,841.0,841.0,841.0,841.0,841.0,841.0,841.0,841.0,841.0,841.0,841.0,841.0,841.0,841.0,841.0,854.0,856.0,872.0,872.0,872.0,887.0,887.0,887.0,887.0,939.0,947.0,947.0,947.0,947.0,947.0,947.0,947.0,947.0,947.0,947.0,947.0,957.0,978.0,994.0,994.0,1026.0,1074.0,1074.0,1174.0,1190.0,1206.0,1208.0,1240.0,1251.0,1251.0,1251.0,1251.0,1251.0,1251.0,1251.0,1251.0,1251.0,1251.0,1251.0,1251.0,1269.0,1269.0,1269.0,1269.0,1269.0,1269.0,1269.0,1269.0,1269.0,1269.0,1269.0,1269.0,1269.0,1269.0,1290.0,1394.0,1394.0,1433.0,1433.0,1433.0,1433.0,1433.0,1433.0,1433.0,1433.0,1433.0,1433.0,1433.0,1433.0,1433.0,1433.0,1433.0,1433.0,1433.0,1433.0,1502.0,1509.0,1521.0,1521.0,1578.0,1694.0,1808.0,1928.0,2015.0,2051.0,2051.0,2051.0,2051.0,2051.0,2051.0,2051.0,2051.0,2051.0,2051.0,2051.0,2051.0,2051.0,2051.0,2051.0,2051.0,2051.0,2051.0,2051.0,2051.0,2051.0,2051.0,2051.0,2051.0,2051.0,2051.0,2051.0,2051.0,2051.0,2051.0,2051.0,2051.0,2051.0,2051.0,2051.0,2051.0,2051.0,2051.0,2051.0,2051.0,2051.0,2051.0,2051.0,2051.0,2051.0,2051.0,2051.0,2051.0,2051.0,2051.0,2051.0,2051.0,2051.0,2051.0,2051.0,2051.0,2051.0,2051.0,2051.0,2051.0,2051.0,2051.0,2051.0,2051.0,2051.0,2051.0,2051.0,2051.0,2051.0,2051.0,2051.0,2051.0,2051.0,2051.0,2051.0,2051.0,2051.0,2051.0,2051.0,2051.0,2051.0,2051.0,2051.0,2051.0,2051.0,2051.0,2051.0,2051.0,2051.0,2051.0,2080.0,2115.0,2115.0,2115.0,2115.0,2115.0,2115.0,2115.0,2115.0,2115.0,2115.0,2115.0,2115.0,2115.0,2115.0,2115.0,2115.0,2115.0,2115.0,2115.0,2115.0,2115.0,2115.0,2115.0,2115.0,2115.0,2115.0,2115.0,2115.0,2115.0,2115.0,2115.0,2115.0,2115.0,2115.0,2115.0,2115.0,2115.0,2115.0,2115.0,2115.0,2115.0,2115.0,2115.0,2115.0,2115.0,2115.0,2115.0,2115.0,2115.0,2115.0,2115.0,2115.0,2115.0,2115.0,2115.0,2115.0,2115.0,2115.0,2115.0,2115.0,2115.0,2115.0,2115.0,2115.0,2115.0,2115.0,2115.0,2115.0,2115.0,2115.0,2115.0,2149.0,2262.0,2382.0,2496.0,2611.0,2680.0,2722.0,2800.0,2800.0,2800.0,2800.0,2800.0,2800.0,2800.0,2800.0,2800.0,2800.0,2800.0,2800.0,2800.0,2800.0,2800.0,2800.0,2800.0,2800.0,2800.0,2800.0,2800.0,2800.0,2800.0,2800.0,2800.0,2800.0,2800.0,2800.0,2800.0,2800.0,2800.0,2800.0,2800.0,2853.0,2963.0,2989.0,3040.0,3040.0,3040.0,3040.0,3040.0,3040.0,3040.0,3040.0,3040.0,3040.0,3040.0,3040.0,3040.0,3040.0,3040.0,3040.0,3040.0,3040.0,3040.0,3040.0,3040.0,3040.0,3040.0,3040.0,3040.0,3040.0,3040.0,3040.0,3040.0,3040.0,3040.0,3040.0,3040.0,3040.0,3040.0,3040.0,3040.0,3040.0,3040.0,3040.0,3040.0,3040.0,3040.0,3040.0,3040.0,3040.0,3040.0,3040.0,3040.0,3040.0,3040.0,3040.0,3040.0,3040.0,3040.0,3040.0,3040.0,3040.0,3040.0,3040.0,3040.0,3040.0,3040.0,3040.0,3040.0,3040.0,3040.0,3040.0,3040.0,3040.0,3040.0,3040.0,3040.0,3040.0,3040.0,3040.0,3040.0,3040.0,3040.0,3040.0,3040.0,3040.0,3040.0,3040.0,3040.0,3040.0,3040.0,3040.0,3040.0,3040.0,3040.0,3040.0,3040.0,3040.0,3040.0,3040.0,3040.0,3040.0,3040.0,3040.0,3040.0,3040.0,3040.0,3040.0,3040.0,3040.0,3040.0,3040.0,3040.0,3040.0,3040.0,3040.0,3040.0,3040.0,3040.0,3040.0,3040.0,3040.0,3040.0,3040.0,3040.0,3040.0,3040.0,3040.0,3040.0,3040.0,3040.0,3040.0,3040.0,3040.0,3040.0,3040.0,3040.0,3040.0,3040.0,3040.0,3040.0,3059.0,3071.0,3071.0,3101.0,3101.0,3114.0,3114.0,3144.0,3147.0,3147.0,3147.0,3147.0,3147.0,3147.0,3147.0,3147.0,3166.0,3166.0,3166.0,3166.0,3178.0,3233.0,3233.0,3233.0,3233.0,3233.0,3233.0,3233.0,3233.0,3233.0,3233.0,3233.0,3233.0,3233.0,3233.0,3233.0,3233.0,3233.0,3233.0,3251.0,3319.0,3357.0,3357.0,3357.0,3371.0,3377.0,3382.0,3422.0,3422.0,3431.0,3452.0,3484.0,3575.0,3624.0,3670.0,3670.0,3670.0,3710.0,3752.0,3752.0,3799.0,3880.0,3916.0,3920.0,3961.0,4007.0,4008.0,4092.0,4173.0,4238.0,4321.0,4393.0,4394.0,4394.0,4394.0,4394.0,4394.0,4394.0,4394.0,4394.0,4394.0,4394.0,4394.0,4394.0,4394.0,4394.0,4394.0,4394.0,4394.0,4394.0,4394.0,4394.0,4394.0,4394.0,4394.0,4397.0,4401.0,4401.0,4447.0,4447.0,4447.0,4530.0,4632.0,4737.0,4833.0,4940.0,5043.0,5145.0,5246.0,5354.0,5430.0,5534.0,5635.0,5726.0,5823.0,5922.0,6019.0,6118.0,6217.0,6323.0,6399.0,6399.0,6446.0,6460.0,6460.0,6460.0,6460.0,6460.0,6460.0,6460.0,6510.0,6522.0,6522.0,6522.0,6522.0,6522.0,6572.0,6572.0,6572.0,6572.0,6572.0,6572.0,6572.0,6572.0,6572.0,6572.0,6572.0,6572.0,6572.0,6572.0,6572.0,6572.0,6572.0,6572.0,6572.0,6572.0,6572.0,6572.0,6572.0,6572.0,6572.0,6572.0,6572.0,6572.0,6572.0,6572.0,6572.0,6572.0,6572.0,6572.0,6572.0,6572.0,6572.0,6572.0,6572.0,6572.0,6572.0,6572.0,6572.0,6572.0,6572.0,6572.0,6572.0,6572.0,6572.0,6572.0,6572.0,6572.0,6572.0,6572.0,6572.0,6572.0,6580.0,6610.0,6610.0,6610.0,6610.0,6640.0,6666.0,6666.0,6666.0,6666.0,6666.0,6666.0,6686.0,6686.0,6686.0,6686.0,6686.0,6686.0,6686.0,6686.0,6795.0,6836.0,6905.0,6918.0,6918.0,6918.0,6918.0,6918.0,6918.0,6918.0,6918.0,6918.0,6918.0,6918.0,6918.0,6918.0,6918.0,6918.0,6918.0,6918.0,6918.0,6918.0,6918.0,6918.0,6918.0,6918.0,6918.0,6918.0,6918.0,6918.0,6918.0,6918.0,6918.0,6918.0,6918.0,6918.0,6918.0,6918.0,6918.0,6941.0,6941.0,6941.0,6941.0,6941.0,6941.0,6941.0,7026.0,7059.0,7082.0,7145.0,7145.0,7200.0,7232.0,7246.0,7289.0,7361.0,7431.0,7476.0,7552.0,7552.0,7605.0,7627.0,7630.0,7712.0,7712.0,7712.0,7712.0,7726.0,7726.0,7786.0,7865.0,7946.0,8017.0,8048.0,8066.0,8080.0,8080.0,8119.0,8119.0,8119.0,8119.0,8119.0,8119.0,8119.0,8119.0,8189.0,8211.0,8223.0,8249.0,8249.0,8249.0,8249.0,8249.0,8250.0,8265.0,8265.0,8288.0,8410.0,8528.0,8574.0,8574.0,8574.0,8574.0,8574.0,8574.0,8620.0,8620.0,8620.0,8620.0,8620.0,8620.0,8620.0,8620.0,8620.0,8620.0,8620.0,8620.0,8620.0,8620.0,8620.0,8620.0,8620.0,8620.0,8620.0,8620.0,8620.0,8629.0,8701.0,8701.0,8701.0,8709.0,8709.0,8709.0,8709.0,8709.0,8709.0,8727.0,8825.0,8826.0,8826.0,8826.0,8826.0,8898.0,8975.0,9068.0,9068.0,9101.0,9101.0,9109.0,9109.0,9109.0,9109.0,9109.0,9109.0,9109.0,9109.0,9109.0,9109.0,9109.0,9109.0,9109.0,9109.0,9109.0,9109.0,9117.0,9117.0,9117.0,9117.0,9117.0,9117.0,9117.0,9117.0,9117.0,9117.0,9117.0,9117.0,9117.0,9117.0,9117.0,9126.0,9126.0,9126.0,9126.0,9126.0,9126.0,9126.0,9126.0,9126.0,9126.0,9126.0,9126.0,9126.0,9126.0,9126.0,9126.0,9126.0,9126.0,9126.0,9126.0,9126.0,9126.0,9126.0,9126.0,9126.0,9126.0,9126.0,9126.0,9126.0,9126.0,9126.0,9126.0,9126.0,9126.0,9126.0,9126.0,9126.0,9126.0,9126.0,9126.0,9126.0,9126.0,9126.0,9126.0,9126.0,9126.0,9126.0,9126.0,9126.0,9126.0,9126.0,9126.0,9126.0,9126.0,9126.0,9126.0,9126.0,9126.0,9126.0,9126.0,9126.0,9126.0,9126.0,9126.0,9126.0,9126.0,9126.0,9126.0,9126.0,9126.0,9126.0,9126.0,9126.0,9126.0,9126.0,9136.0,9149.0,9149.0,9149.0,9149.0,9155.0,9198.0,9198.0,9260.0,9356.0,9457.0,9558.0,9662.0,9767.0,9865.0,9956.0,10042.0,10141.0,10241.0,10345.0,10440.0,10525.0,10615.0,10711.0,10811.0,10889.0,10979.0,11074.0,11174.0,11202.0,11237.0,11237.0,11237.0,11237.0,11237.0,11237.0,11237.0,11237.0,11237.0,11237.0,11237.0,11237.0,11237.0,11237.0,11237.0,11237.0,11237.0,11237.0,11237.0,11237.0,11237.0,11237.0,11237.0,11237.0,11237.0,11237.0,11237.0,11237.0,11237.0,11237.0,11237.0,11237.0,11237.0,11237.0,11237.0,11237.0,11237.0,11237.0,11237.0,11237.0,11237.0,11237.0,11237.0,11237.0,11237.0,11237.0,11237.0,11237.0,11237.0,11237.0,11252.0,11252.0,11252.0,11252.0,11273.0,11273.0,11273.0,11273.0,11273.0,11273.0,11273.0,11273.0,11273.0,11273.0,,,,,,,,,,,,,,,,,,,,,,,,
2018-06-23,ios,,,,,,,,,,,,,,,,,,,,,,,,,,,,,,,,,,,,,,,,,,,,,,,,,,,,,,,,,,,,,,,,,,,,,,,,,,,,,,,,,,,,,,,,,,,,,,,,,,,,,,,,,,,,,,,,,,,,,,,,,,,,,,,,,,,,,,,,,,,,,,,,,,,,,,,,,,,,,,,,,,,,,,,,,,,,,,,,,,,,,,,,,,,,,,,,,,,,,,,,,,,,,,,,,,,,,,,,,,,,,,,,,,,,,,,,,,,,,,,,,,,,,,,,,,,,,,,,,,,,,,,,,,,,,,,,,,,,,,,,,,,,,,,,,,,,,,,,,,,,,,,,,,,,,,,,,,,,,,,,,,,,,,,,,,,,,,,,,,,,,,,,,,,,,,,,,,,,,,,,,,,,,,,,,,,,,,,,,,,,,,,,,,,,,,,,,,,,,,,,,,,,,,,,,,,,,,,,,,,,,,,,,,,,,,,,,,,,,,,33.0,33.0,62.0,146.0,170.0,170.0,207.0,207.0,207.0,207.0,207.0,207.0,207.0,207.0,207.0,207.0,207.0,207.0,207.0,207.0,222.0,241.0,241.0,241.0,241.0,241.0,241.0,241.0,241.0,241.0,267.0,338.0,357.0,399.0,411.0,411.0,411.0,411.0,411.0,411.0,411.0,411.0,411.0,411.0,411.0,411.0,411.0,411.0,411.0,411.0,411.0,411.0,411.0,411.0,411.0,411.0,411.0,411.0,411.0,411.0,411.0,411.0,411.0,455.0,455.0,467.0,467.0,467.0,524.0,524.0,524.0,524.0,524.0,524.0,524.0,524.0,524.0,524.0,524.0,524.0,524.0,592.0,597.0,597.0,597.0,677.0,735.0,735.0,735.0,765.0,787.0,805.0,887.0,903.0,903.0,903.0,903.0,927.0,927.0,927.0,927.0,927.0,927.0,927.0,927.0,927.0,927.0,927.0,927.0,927.0,927.0,927.0,927.0,927.0,927.0,927.0,927.0,927.0,927.0,927.0,927.0,927.0,927.0,927.0,936.0,936.0,936.0,936.0,936.0,936.0,936.0,936.0,936.0,936.0,936.0,936.0,936.0,936.0,936.0,936.0,936.0,936.0,936.0,936.0,936.0,936.0,936.0,936.0,973.0,1058.0,1059.0,1068.0,1132.0,1150.0,1203.0,1249.0,1311.0,1398.0,1451.0,1451.0,1451.0,1451.0,1451.0,1451.0,1451.0,1451.0,1451.0,1451.0,1451.0,1451.0,1451.0,1494.0,1494.0,1494.0,1494.0,1494.0,1494.0,1556.0,1639.0,1653.0,1653.0,1653.0,1672.0,1753.0,1753.0,1762.0,1835.0,1931.0,1942.0,2016.0,2086.0,2168.0,2274.0,2356.0,2441.0,2549.0,2624.0,2727.0,2825.0,2899.0,2899.0,2899.0,2899.0,2899.0,2899.0,2899.0,2899.0,2899.0,2899.0,2899.0,2929.0,2992.0,3092.0,3142.0,3142.0,3149.0,3149.0,3149.0,3149.0,3149.0,3217.0,3289.0,3373.0,3467.0,3566.0,3629.0,3737.0,3827.0,3834.0,3834.0,3834.0,3834.0,3838.0,3887.0,3933.0,3933.0,3933.0,4000.0,4118.0,4222.0,4302.0,4401.0,4451.0,4451.0,4451.0,4451.0,4451.0,4451.0,4451.0,4451.0,4497.0,4538.0,4582.0,4597.0,4605.0,4617.0,4650.0,4673.0,4714.0,4731.0,4750.0,4765.0,4787.0,4788.0,4819.0,4832.0,4832.0,4854.0,4938.0,4950.0,4984.0,5022.0,5059.0,5112.0,5132.0,5132.0,5132.0,5132.0,5132.0,5132.0,5132.0,5132.0,5141.0,5177.0,5194.0,5194.0,5206.0,5206.0,5214.0,5214.0,5214.0,5214.0,5214.0,5214.0,5214.0,5231.0,5231.0,5240.0,5240.0,5240.0,5240.0,5240.0,5302.0,5339.0,5436.0,5490.0,5595.0,5671.0,5671.0,5671.0,5671.0,5671.0,5671.0,5705.0,5720.0,5720.0,5720.0,5720.0,5749.0,5770.0,5808.0,5829.0,5829.0,5847.0,5874.0,5874.0,5874.0,5874.0,5874.0,5951.0,5965.0,5965.0,5965.0,5965.0,5965.0,5965.0,5965.0,5965.0,5965.0,5965.0,5965.0,5965.0,5965.0,5965.0,5965.0,5965.0,5965.0,5965.0,5965.0,5965.0,5965.0,5965.0,5965.0,5965.0,5965.0,5965.0,5965.0,5965.0,5965.0,5965.0,5965.0,6030.0,6086.0,6086.0,6086.0,6086.0,6086.0,6086.0,6096.0,6096.0,6096.0,6096.0,6211.0,6280.0,6280.0,6280.0,6280.0,6280.0,6280.0,6280.0,6291.0,6291.0,6291.0,6303.0,6303.0,6303.0,6303.0,6303.0,6303.0,6303.0,6303.0,6303.0,6303.0,6303.0,6303.0,6384.0,6399.0,6399.0,6399.0,6399.0,6399.0,6399.0,6399.0,6419.0,6449.0,6449.0,6449.0,6481.0,6530.0,6538.0,6538.0,6538.0,6554.0,6554.0,6629.0,6655.0,6655.0,6688.0,6699.0,6699.0,6699.0,6699.0,6699.0,6699.0,6699.0,6699.0,6699.0,6699.0,6699.0,6709.0,6709.0,6709.0,6725.0,6725.0,6725.0,6725.0,6725.0,6725.0,6725.0,6725.0,6725.0,6725.0,6725.0,6725.0,6725.0,6725.0,6725.0,6725.0,6725.0,6725.0,6725.0,6725.0,6725.0,6725.0,6725.0,6725.0,6725.0,6725.0,6725.0,6725.0,6725.0,6725.0,6725.0,6725.0,6725.0,6725.0,6725.0,6725.0,6725.0,6725.0,6725.0,6725.0,6725.0,6725.0,6725.0,6725.0,6725.0,6725.0,6738.0,6738.0,6738.0,6738.0,6738.0,6738.0,6738.0,6759.0,6812.0,6891.0,6907.0,6907.0,6907.0,6907.0,6907.0,6907.0,6907.0,6907.0,6907.0,6907.0,6907.0,6907.0,6907.0,6907.0,6961.0,7044.0,7044.0,7044.0,7076.0,7154.0,7155.0,7155.0,7155.0,7165.0,7220.0,7230.0,7244.0,7244.0,7323.0,7323.0,7323.0,7323.0,7323.0,7323.0,7352.0,7352.0,7419.0,7424.0,7473.0,7473.0,7473.0,7473.0,7473.0,7473.0,7530.0,7634.0,7732.0,7833.0,7834.0,7931.0,8029.0,8144.0,8204.0,8276.0,8287.0,8287.0,8287.0,8287.0,8287.0,8287.0,8287.0,8287.0,8295.0,8295.0,8295.0,8295.0,8310.0,8326.0,8326.0,8326.0,8326.0,8390.0,8419.0,8419.0,8419.0,8419.0,8419.0,8419.0,8419.0,8419.0,8419.0,8419.0,8419.0,8419.0,8419.0,8419.0,8428.0,8428.0,8428.0,8446.0,8446.0,8446.0,8446.0,8446.0,8446.0,8446.0,8452.0,8470.0,8488.0,8500.0,8524.0,8574.0,8574.0,8574.0,8574.0,8574.0,8574.0,8574.0,8574.0,8574.0,8574.0,8574.0,8574.0,8574.0,8574.0,8574.0,8574.0,8574.0,8574.0,8574.0,8574.0,8574.0,8574.0,8574.0,8574.0,8574.0,8574.0,8574.0,8574.0,8656.0,8660.0,8737.0,8792.0,8792.0,8792.0,8792.0,8792.0,8792.0,8792.0,8792.0,8792.0,8792.0,8792.0,8792.0,8792.0,8792.0,8792.0,8792.0,8792.0,8792.0,8792.0,8792.0,8792.0,8792.0,8792.0,8792.0,8792.0,8792.0,8792.0,8792.0,8792.0,8792.0,8792.0,8792.0,8792.0,8792.0,8857.0,8953.0,8960.0,8982.0,8982.0,8982.0,8982.0,8982.0,8982.0,8982.0,8982.0,8982.0,8982.0,8982.0,8982.0,8982.0,8982.0,8982.0,8982.0,8982.0,8982.0,8982.0,8982.0,8982.0,8982.0,8982.0,8982.0,8982.0,8982.0,8982.0,8982.0,8982.0,8982.0,8982.0,8982.0,8982.0,8982.0,8982.0,8982.0,8982.0,8982.0,8982.0,8996.0,9017.0,9017.0,9017.0,9017.0,9025.0,9025.0,9025.0,9025.0,9025.0,9025.0,9025.0,9025.0,9025.0,9025.0,9025.0,9025.0,9025.0,9025.0,9025.0,9025.0,9025.0,9025.0,9025.0,9025.0,9025.0,9025.0,9025.0,9025.0,9025.0,9025.0,9025.0,9025.0,9025.0,9025.0,9025.0,9025.0,9025.0,9038.0,9049.0,9049.0,9049.0,9052.0,9088.0,9088.0,9088.0,9088.0,9088.0,9088.0,9088.0,9088.0,9088.0,9088.0,9088.0,9088.0,9088.0,9088.0,9088.0,9088.0,9088.0,9088.0,9088.0,9088.0,9088.0,9088.0,9088.0,9088.0,9088.0,9088.0,9088.0,9088.0,9088.0,9088.0,9088.0,9088.0,9088.0,9088.0,9088.0,9088.0,9088.0,9088.0,9088.0,9088.0,9088.0,9088.0,9088.0,9088.0,9088.0,9088.0,9088.0,9088.0,9088.0,9088.0,9088.0,9088.0,9088.0,9088.0,9088.0,9088.0,9088.0,9088.0,9088.0,9088.0,9088.0,9088.0,9088.0,9088.0,9088.0,9088.0,9088.0,9088.0,9088.0,9088.0,9088.0,9088.0,9088.0,9088.0,9088.0,9088.0,9088.0,9088.0,9088.0,9088.0,9088.0,9088.0,9088.0,9088.0,9088.0,9088.0,9088.0,9088.0,9088.0,9088.0,9088.0,9088.0,9088.0,9088.0,9088.0,9088.0,9088.0,9088.0,9088.0,9088.0,9088.0,9088.0,9088.0,9088.0,9088.0,9088.0,9088.0,9088.0,9088.0,9088.0,9088.0,9088.0,9088.0,9088.0,9088.0,9088.0,9088.0,9152.0,9195.0,9195.0,9216.0,9325.0,9433.0,9538.0,9648.0,9763.0,9881.0,9999.0,10116.0,10232.0,10340.0,10456.0,10564.0,10648.0,10747.0,10857.0,10945.0,11014.0,11082.0,11180.0,11269.0,11364.0,11426.0,11426.0,11427.0,11446.0,11461.0,11461.0,11461.0,11461.0,11461.0,11461.0,11471.0,11472.0,11472.0,11491.0,11512.0,11529.0,11555.0,11571.0,11587.0,11678.0,11759.0,11832.0,11932.0,12030.0,12126.0,12220.0,12318.0,12412.0,12501.0,12584.0,12673.0,12676.0,12687.0,12744.0,12744.0,12744.0,12744.0,12744.0,12744.0,12744.0,12744.0,12744.0,12744.0,12744.0,12744.0,12744.0,12744.0,12744.0,12744.0,12744.0,12744.0,12744.0,12744.0,12744.0,12744.0,12744.0,12744.0,12744.0,12744.0,12744.0,12744.0,12744.0,12744.0,12744.0,12744.0,12744.0,12744.0,12744.0,12744.0,12744.0,12744.0,12744.0,12744.0,12744.0,12744.0,12744.0,12744.0,12744.0,12744.0,12744.0,12744.0,12744.0,,,,,,,,,,,,,,,,,,,,,,,,,,,,,,,,,,,,,,,12744.0
2018-06-25,ios,,,,,,,,,,,,,,,,,,,,,,,,,,,,,,,,,,,,,,,,,,,,,,,,,,,,,,,,,,,,,,,,,,,,,,,,,,,,,,,,,,,,,,,,,,,,,,,,,,,,,,,,,,,,,,,,,,,,,,,,,,,,,,,,,,,,,,,,,,,,,,,,,,,,,,,,,,,,,,,,,,,,,,,,,,,,,,,,,,,,,,,,,,,,,,,,,,,,,,,,,,,,,,,,,,,,,,,,,,,,,,,,,,,,,,,,,,,,,,,,,,,,,,,,,,,,,,,,,,,,,,,,,,,,,,,,,,,,,,,,,,,,,,,,,,,,,,,,,,,,,,,,,,,,,,,,,,,,,,,,,,,,,,,,,,,,,,,,,,,,,,,,,,,,,,,,,,,,,,,,,,,,,,,,,,,,,,,,,,,,,,,,,,,,,,,,,,,,,,,,,,,,,,,,,,,,,,,,,,,,,,,,,,,,,,,,,,17.0,23.0,45.0,113.0,128.0,128.0,203.0,254.0,331.0,353.0,364.0,427.0,427.0,427.0,427.0,427.0,427.0,427.0,427.0,427.0,427.0,427.0,427.0,427.0,427.0,427.0,427.0,427.0,427.0,427.0,427.0,427.0,427.0,427.0,427.0,429.0,462.0,492.0,492.0,508.0,508.0,527.0,527.0,527.0,527.0,527.0,527.0,527.0,527.0,527.0,527.0,527.0,527.0,527.0,527.0,527.0,527.0,543.0,543.0,543.0,543.0,573.0,573.0,573.0,573.0,573.0,573.0,573.0,573.0,573.0,573.0,573.0,573.0,573.0,573.0,573.0,627.0,730.0,843.0,958.0,1078.0,1198.0,1247.0,1363.0,1448.0,1568.0,1573.0,1573.0,1573.0,1573.0,1573.0,1573.0,1573.0,1573.0,1573.0,1573.0,1573.0,1573.0,1573.0,1573.0,1573.0,1573.0,1573.0,1573.0,1573.0,1573.0,1573.0,1573.0,1573.0,1573.0,1573.0,1573.0,1573.0,1573.0,1573.0,1573.0,1573.0,1573.0,1573.0,1573.0,1573.0,1573.0,1573.0,1573.0,1573.0,1573.0,1573.0,1573.0,1573.0,1573.0,1573.0,1573.0,1573.0,1573.0,1573.0,1573.0,1573.0,1573.0,1573.0,1573.0,1573.0,1573.0,1573.0,1573.0,1573.0,1573.0,1573.0,1573.0,1573.0,1573.0,1573.0,1573.0,1573.0,1573.0,1573.0,1573.0,1573.0,1573.0,1573.0,1573.0,1573.0,1573.0,1573.0,1573.0,1573.0,1573.0,1573.0,1573.0,1573.0,1573.0,1573.0,1573.0,1573.0,1573.0,1573.0,1573.0,1573.0,1573.0,1573.0,1573.0,1573.0,1573.0,1573.0,1573.0,1573.0,1573.0,1573.0,1573.0,1573.0,1573.0,1573.0,1573.0,1573.0,1573.0,1573.0,1573.0,1573.0,1573.0,1573.0,1573.0,1573.0,1573.0,1573.0,1573.0,1573.0,1573.0,1573.0,1573.0,1573.0,1573.0,1573.0,1573.0,1573.0,1573.0,1573.0,1573.0,1573.0,1573.0,1573.0,1573.0,1573.0,1573.0,1573.0,1573.0,1573.0,1573.0,1573.0,1573.0,1573.0,1573.0,1573.0,1573.0,1573.0,1573.0,1573.0,1573.0,1573.0,1573.0,1573.0,1573.0,1573.0,1573.0,1573.0,1573.0,1573.0,1573.0,1573.0,1573.0,1573.0,1573.0,1573.0,1573.0,1573.0,1573.0,1573.0,1573.0,1573.0,1573.0,1573.0,1573.0,1573.0,1573.0,1573.0,1573.0,1573.0,1573.0,1573.0,1573.0,1573.0,1573.0,1573.0,1573.0,1573.0,1573.0,1573.0,1573.0,1573.0,1573.0,1573.0,1573.0,1573.0,1573.0,1573.0,1573.0,1573.0,1573.0,1573.0,1573.0,1573.0,1573.0,1573.0,1573.0,1573.0,1573.0,1573.0,1573.0,1573.0,1573.0,1573.0,1573.0,1573.0,1573.0,1573.0,1573.0,1573.0,1573.0,1573.0,1573.0,1573.0,1573.0,1573.0,1573.0,1573.0,1573.0,1573.0,1573.0,1573.0,1573.0,1573.0,1573.0,1573.0,1573.0,1573.0,1573.0,1573.0,1573.0,1573.0,1573.0,1573.0,1573.0,1573.0,1573.0,1573.0,1573.0,1573.0,1573.0,1573.0,1573.0,1573.0,1573.0,1573.0,1573.0,1573.0,1573.0,1573.0,1573.0,1573.0,1573.0,1573.0,1573.0,1573.0,1573.0,1573.0,1573.0,1573.0,1573.0,1573.0,1573.0,1573.0,1573.0,1573.0,1573.0,1573.0,1573.0,1573.0,1573.0,1573.0,1573.0,1573.0,1573.0,1573.0,1573.0,1573.0,1573.0,1573.0,1573.0,1573.0,1573.0,1573.0,1573.0,1573.0,1573.0,1573.0,1573.0,1573.0,1573.0,1573.0,1573.0,1573.0,1573.0,1573.0,1573.0,1573.0,1573.0,1573.0,1573.0,1573.0,1573.0,1573.0,1573.0,1573.0,1573.0,1573.0,1573.0,1573.0,1573.0,1573.0,1573.0,1573.0,1573.0,1573.0,1573.0,1573.0,1573.0,1573.0,1573.0,1573.0,1573.0,1573.0,1573.0,1573.0,1573.0,1573.0,1573.0,1573.0,1573.0,1573.0,1573.0,1573.0,1573.0,1573.0,1573.0,1573.0,1573.0,1573.0,1573.0,1573.0,1573.0,1573.0,1573.0,1573.0,1573.0,1573.0,1573.0,1573.0,1573.0,1573.0,1573.0,1573.0,1573.0,1573.0,1573.0,1573.0,1573.0,1573.0,1573.0,1573.0,1573.0,1573.0,1573.0,1573.0,1573.0,1573.0,1573.0,1573.0,1573.0,1573.0,1573.0,1573.0,1573.0,1573.0,1573.0,1573.0,1573.0,1573.0,1573.0,1573.0,1573.0,1573.0,1573.0,1573.0,1573.0,1573.0,1573.0,1573.0,1573.0,1573.0,1573.0,1573.0,1573.0,1573.0,1573.0,1573.0,1573.0,1573.0,1573.0,1573.0,1573.0,1573.0,1573.0,1573.0,1573.0,1573.0,1573.0,1622.0,1666.0,1694.0,1780.0,1867.0,1922.0,2026.0,2040.0,2040.0,2040.0,2040.0,2040.0,2064.0,2074.0,2142.0,2202.0,2222.0,2222.0,2222.0,2222.0,2222.0,2222.0,2222.0,2222.0,2222.0,2222.0,2222.0,2230.0,2242.0,2279.0,2279.0,2279.0,2279.0,2279.0,2279.0,2279.0,2279.0,2279.0,2279.0,2279.0,2279.0,2279.0,2279.0,2279.0,2279.0,2279.0,2279.0,2279.0,2279.0,2279.0,2279.0,2279.0,2279.0,2279.0,2279.0,2279.0,2279.0,2279.0,2279.0,2279.0,2279.0,2279.0,2279.0,2279.0,2279.0,2279.0,2279.0,2279.0,2279.0,2279.0,2279.0,2279.0,2279.0,2279.0,2279.0,2279.0,2279.0,2279.0,2279.0,2355.0,2446.0,2535.0,2641.0,2758.0,2865.0,2965.0,3007.0,3007.0,3007.0,3007.0,3007.0,3007.0,3007.0,3007.0,3007.0,3007.0,3007.0,3007.0,3007.0,3007.0,3007.0,3007.0,3007.0,3007.0,3007.0,3007.0,3007.0,3007.0,3007.0,3007.0,3007.0,3007.0,3007.0,3007.0,3007.0,3007.0,3007.0,3007.0,3007.0,3007.0,3007.0,3007.0,3007.0,3007.0,3007.0,3007.0,3041.0,3041.0,3041.0,3041.0,3058.0,3058.0,3058.0,3058.0,3058.0,3058.0,3058.0,3058.0,3058.0,3058.0,3128.0,3128.0,3128.0,3128.0,3128.0,3128.0,3128.0,3128.0,3128.0,3128.0,3128.0,3128.0,3128.0,3128.0,3128.0,3128.0,3128.0,3128.0,3128.0,3128.0,3128.0,3128.0,3128.0,3128.0,3151.0,3151.0,3151.0,3151.0,3175.0,3286.0,3399.0,3516.0,3569.0,3685.0,3800.0,3882.0,3984.0,4049.0,4053.0,4053.0,4053.0,4053.0,4053.0,4053.0,4053.0,4053.0,4053.0,4053.0,4053.0,4053.0,4053.0,4053.0,4053.0,4053.0,4053.0,4053.0,4053.0,4053.0,4053.0,4053.0,4053.0,4053.0,4053.0,4053.0,4053.0,4053.0,4053.0,4053.0,4053.0,4053.0,4053.0,4053.0,4053.0,4053.0,4053.0,4053.0,4053.0,4053.0,4053.0,4053.0,4053.0,4053.0,4053.0,4053.0,4053.0,4053.0,4053.0,4053.0,4053.0,4053.0,4053.0,4053.0,4053.0,4053.0,4053.0,4053.0,4053.0,4053.0,4053.0,4053.0,4053.0,4053.0,4053.0,4053.0,4053.0,4053.0,4053.0,4053.0,4053.0,4053.0,4053.0,4053.0,4053.0,4053.0,4053.0,4053.0,4053.0,4053.0,4053.0,4053.0,4053.0,4053.0,4053.0,4053.0,4053.0,4053.0,4053.0,4053.0,4053.0,4053.0,4053.0,4053.0,4053.0,4053.0,4053.0,4053.0,4053.0,4053.0,4053.0,4053.0,4053.0,4053.0,4053.0,4053.0,4053.0,4053.0,4053.0,4053.0,4053.0,4053.0,4053.0,4053.0,4053.0,4053.0,4053.0,4053.0,4053.0,4053.0,4053.0,4053.0,4069.0,4161.0,4263.0,4369.0,4418.0,4429.0,4429.0,4429.0,4429.0,4429.0,4429.0,4429.0,4429.0,4429.0,4429.0,4429.0,4429.0,4429.0,4429.0,4429.0,4429.0,4429.0,4429.0,4429.0,4429.0,4429.0,4429.0,4429.0,4429.0,4429.0,4429.0,4429.0,4429.0,4429.0,4429.0,4429.0,4429.0,4429.0,4429.0,4429.0,4429.0,4429.0,4429.0,4429.0,4429.0,4429.0,4429.0,4429.0,4429.0,4429.0,4429.0,4429.0,4429.0,4429.0,4429.0,4429.0,4429.0,4429.0,4429.0,4429.0,4429.0,4429.0,4429.0,4429.0,4429.0,4429.0,4429.0,4429.0,4429.0,4429.0,4429.0,4429.0,4429.0,4429.0,4429.0,4429.0,4429.0,4429.0,4429.0,4429.0,,,,,,,,,,,,,,,,,,,,,,,,,,,,,,,,,,,,,,,,,,,,,,,,,,,,,,,,,,,,,,,,,,,,,,,,,,,,,,,,,,,,,,,,,,,,,,,,,,,,,,,,,,,,,,,,,,,,,,,,,,,
2018-06-26,ios,,,,,,,,,,,,,,,,,,,,,,,,,,,,,,,,,,,,,,,,,,,,,,,,,,,,,,,,,,,,,,,,,,,,,,,,,,,,,,,,,,,,,,,,,,,,,,,,,,,,,,,,,,,,,,,,,,,,,,,,,,,,,,,,,,,,,,,,,,,,,,,,,,,,,,,,,,,,,,,,,,,,,,,,,,,,,,,,,,,,,,,,,,,,,,,,,,,,,,,,,,,,,,,,,,,,,,,,,,,,,,,,,,,,,,,,,,,,,,,,,,,,,14.0,14.0,14.0,14.0,14.0,14.0,14.0,14.0,14.0,14.0,14.0,14.0,14.0,14.0,14.0,14.0,14.0,14.0,14.0,14.0,14.0,14.0,14.0,14.0,14.0,14.0,14.0,14.0,14.0,14.0,14.0,14.0,14.0,14.0,14.0,14.0,14.0,14.0,14.0,14.0,14.0,14.0,14.0,14.0,14.0,14.0,14.0,14.0,14.0,14.0,14.0,14.0,14.0,14.0,14.0,14.0,14.0,14.0,14.0,14.0,14.0,14.0,14.0,14.0,14.0,14.0,14.0,14.0,14.0,14.0,14.0,14.0,14.0,14.0,14.0,14.0,14.0,14.0,14.0,14.0,14.0,14.0,14.0,14.0,14.0,14.0,14.0,14.0,14.0,14.0,14.0,14.0,14.0,14.0,14.0,14.0,14.0,14.0,14.0,14.0,14.0,14.0,14.0,14.0,14.0,14.0,14.0,14.0,14.0,14.0,14.0,14.0,14.0,14.0,14.0,14.0,14.0,14.0,14.0,14.0,14.0,14.0,14.0,14.0,14.0,14.0,14.0,14.0,14.0,14.0,14.0,14.0,14.0,22.0,85.0,85.0,85.0,85.0,85.0,85.0,85.0,85.0,85.0,126.0,225.0,317.0,399.0,478.0,590.0,621.0,637.0,651.0,651.0,745.0,852.0,916.0,999.0,1038.0,1038.0,1038.0,1038.0,1076.0,1156.0,1156.0,1156.0,1156.0,1156.0,1156.0,1156.0,1156.0,1156.0,1188.0,1275.0,1295.0,1373.0,1411.0,1411.0,1411.0,1411.0,1411.0,1411.0,1411.0,1411.0,1411.0,1411.0,1411.0,1411.0,1411.0,1411.0,1411.0,1411.0,1411.0,1411.0,1411.0,1411.0,1411.0,1411.0,1411.0,1411.0,1411.0,1411.0,1411.0,1411.0,1411.0,1411.0,1411.0,1411.0,1411.0,1411.0,1411.0,1411.0,1411.0,1411.0,1411.0,1411.0,1411.0,1411.0,1411.0,1411.0,1411.0,1411.0,1411.0,1411.0,1411.0,1411.0,1411.0,1411.0,1411.0,1411.0,1411.0,1411.0,1411.0,1411.0,1411.0,1411.0,1411.0,1411.0,1411.0,1411.0,1411.0,1411.0,1411.0,1427.0,1441.0,1441.0,1441.0,1441.0,1441.0,1441.0,1441.0,1441.0,1441.0,1441.0,1441.0,1441.0,1441.0,1441.0,1441.0,1441.0,1441.0,1441.0,1441.0,1467.0,1467.0,1467.0,1467.0,1467.0,1467.0,1467.0,1467.0,1467.0,1467.0,1467.0,1467.0,1467.0,1491.0,1491.0,1491.0,1491.0,1491.0,1491.0,1491.0,1491.0,1491.0,1491.0,1491.0,1491.0,1491.0,1491.0,1491.0,1491.0,1491.0,1491.0,1491.0,1491.0,1491.0,1491.0,1491.0,1491.0,1491.0,1491.0,1491.0,1491.0,1493.0,1510.0,1510.0,1510.0,1510.0,1510.0,1520.0,1520.0,1536.0,1545.0,1545.0,1549.0,1553.0,1553.0,1571.0,1571.0,1571.0,1571.0,1571.0,1579.0,1587.0,1587.0,1587.0,1587.0,1587.0,1587.0,1587.0,1587.0,1587.0,1587.0,1587.0,1587.0,1587.0,1587.0,1587.0,1587.0,1587.0,1587.0,1587.0,1660.0,1668.0,1739.0,1785.0,1785.0,1785.0,1801.0,1801.0,1801.0,1801.0,1801.0,1801.0,1801.0,1801.0,1810.0,1907.0,1933.0,2018.0,2113.0,2216.0,2229.0,2229.0,2229.0,2229.0,2229.0,2244.0,2244.0,2244.0,2244.0,2244.0,2244.0,2244.0,2244.0,2244.0,2244.0,2244.0,2244.0,2244.0,2244.0,2244.0,2244.0,2244.0,2244.0,2244.0,2244.0,2244.0,2244.0,2244.0,2244.0,2244.0,2244.0,2244.0,2244.0,2244.0,2244.0,2244.0,2244.0,2244.0,2244.0,2244.0,2244.0,2244.0,2244.0,2244.0,2244.0,2244.0,2244.0,2244.0,2244.0,2244.0,2244.0,2244.0,2244.0,2244.0,2244.0,2244.0,2244.0,2244.0,2244.0,2244.0,2244.0,2244.0,2244.0,2244.0,2244.0,2244.0,2244.0,2244.0,2244.0,2244.0,2244.0,2244.0,2244.0,2244.0,2244.0,2244.0,2244.0,2244.0,2244.0,2244.0,2244.0,2244.0,2244.0,2244.0,2244.0,2244.0,2244.0,2244.0,2244.0,2244.0,2244.0,2244.0,2244.0,2244.0,2244.0,2244.0,2244.0,2283.0,2365.0,2377.0,2478.0,2571.0,2662.0,2748.0,2802.0,2802.0,2802.0,2802.0,2802.0,2869.0,2969.0,3066.0,3151.0,3241.0,3312.0,3352.0,3364.0,3364.0,3364.0,3364.0,3364.0,3364.0,3364.0,3364.0,3364.0,3364.0,3364.0,3364.0,3364.0,3364.0,3364.0,3364.0,3364.0,3364.0,3364.0,3364.0,3364.0,3364.0,3364.0,3364.0,3364.0,3364.0,3364.0,3364.0,3364.0,3364.0,3364.0,3364.0,3364.0,3364.0,3364.0,3364.0,3364.0,3364.0,3364.0,3380.0,3454.0,3523.0,3629.0,3737.0,3808.0,3850.0,3866.0,3918.0,3967.0,4073.0,4164.0,4277.0,4290.0,4290.0,4290.0,4290.0,4290.0,4290.0,4290.0,4290.0,4290.0,4290.0,4290.0,4290.0,4290.0,4292.0,4342.0,4347.0,4347.0,4347.0,4347.0,4347.0,4347.0,4347.0,4378.0,4399.0,4399.0,4499.0,4588.0,4641.0,4744.0,4774.0,4774.0,4774.0,4774.0,4774.0,4802.0,4857.0,4858.0,4858.0,4858.0,4881.0,4944.0,4970.0,4970.0,4970.0,4970.0,4970.0,4970.0,4970.0,4970.0,4970.0,4970.0,4970.0,4970.0,4970.0,4970.0,4970.0,4970.0,4970.0,4970.0,4970.0,4970.0,4970.0,4970.0,4970.0,4970.0,4970.0,4970.0,4970.0,4970.0,4970.0,4970.0,4988.0,4988.0,4988.0,4988.0,4988.0,4988.0,4988.0,4988.0,4988.0,4988.0,4988.0,4988.0,4988.0,4988.0,4988.0,4988.0,4988.0,4988.0,4988.0,4988.0,4988.0,4988.0,4988.0,4988.0,4988.0,4988.0,4988.0,4988.0,4988.0,4988.0,4988.0,4988.0,4988.0,4988.0,4988.0,4988.0,4988.0,4988.0,4988.0,4988.0,4988.0,4988.0,4988.0,4988.0,4988.0,4988.0,4988.0,4988.0,4988.0,4988.0,4988.0,4988.0,4988.0,4988.0,4988.0,4988.0,4988.0,4988.0,4988.0,4988.0,4988.0,4988.0,4988.0,4988.0,4988.0,4988.0,4988.0,4988.0,4988.0,4988.0,4988.0,4988.0,4988.0,4988.0,4988.0,4988.0,4988.0,4988.0,4988.0,4988.0,4988.0,4988.0,4988.0,4988.0,4988.0,4988.0,4988.0,4988.0,4988.0,4988.0,4988.0,4988.0,4988.0,4988.0,4988.0,4988.0,5016.0,5084.0,5116.0,5234.0,5261.0,5362.0,5483.0,5539.0,5561.0,5635.0,5748.0,5793.0,5841.0,5841.0,5841.0,5841.0,5841.0,5841.0,5841.0,5841.0,5841.0,5841.0,5841.0,5841.0,5841.0,5841.0,5841.0,5841.0,5841.0,5841.0,5841.0,5841.0,5849.0,5849.0,5908.0,5908.0,5908.0,5926.0,5926.0,5926.0,5926.0,5926.0,5926.0,5926.0,5926.0,5926.0,5926.0,5926.0,5926.0,5926.0,5926.0,5926.0,5926.0,5926.0,5926.0,5926.0,5926.0,5926.0,5926.0,5962.0,5962.0,5962.0,5962.0,5962.0,5962.0,5962.0,5962.0,5962.0,5992.0,5999.0,5999.0,5999.0,5999.0,5999.0,5999.0,5999.0,5999.0,5999.0,5999.0,5999.0,5999.0,5999.0,5999.0,5999.0,5999.0,5999.0,5999.0,5999.0,5999.0,5999.0,5999.0,5999.0,5999.0,5999.0,6021.0,6021.0,6021.0,6021.0,6021.0,6021.0,6021.0,6021.0,6021.0,6021.0,6021.0,6021.0,6021.0,6021.0,6021.0,6021.0,6021.0,6021.0,6021.0,6021.0,6021.0,6021.0,6021.0,6021.0,6021.0,6021.0,6021.0,6021.0,6021.0,6021.0,6021.0,6021.0,6021.0,6021.0,6021.0,6061.0,6061.0,6061.0,6061.0,6061.0,6061.0,6061.0,6061.0,6061.0,6071.0,6100.0,6100.0,6113.0,6163.0,6181.0,6181.0,6181.0,6181.0,6181.0,6181.0,6190.0,6190.0,6201.0,6202.0,6215.0,6293.0,6348.0,6468.0,6592.0,6716.0,6778.0,6811.0,6844.0,6852.0,6852.0,6852.0,6852.0,6852.0,6852.0,6852.0,6852.0,6852.0,6852.0,6852.0,6852.0,6852.0,6852.0,6852.0,6852.0,6852.0,6852.0,6852.0,6860.0,6880.0,6882.0,6882.0,6882.0,6882.0,6882.0,6882.0,6882.0,6882.0,6882.0,6882.0,6882.0,6882.0,6890.0,6890.0,6890.0,6890.0,6890.0,6890.0,6890.0,6890.0,6890.0,6903.0,6903.0,6903.0,6927.0,7056.0,7086.0,7182.0,7195.0,7195.0,7203.0,7207.0,7212.0,7236.0,7236.0,7236.0,7246.0,7246.0,7246.0,7246.0,7246.0,7246.0,7246.0,7246.0,7246.0,7246.0,7275.0,7275.0,7275.0,7275.0,7275.0,7275.0,7275.0,7275.0,7275.0,7275.0,7275.0,7275.0,7280.0,7378.0,7398.0,7398.0,7414.0,7414.0,7414.0,7414.0,7414.0,7414.0,7414.0,7414.0,7414.0,7414.0,7414.0,7414.0,7414.0,7414.0,7414.0,7414.0,7414.0,7414.0,7414.0,7414.0,7414.0,7414.0,7414.0,7414.0,7414.0,7414.0,7414.0,7414.0,7414.0,7414.0,7414.0,7414.0,7414.0,7414.0,7414.0,7414.0,7414.0,,,,,,,,,,,,,,,,,,,,,,,,,,,,,,,,,,,,,,,,,,,,,,,,,,,,,,,,,,,,,,,,,,,,,,,,,,,,,,,,,,,,,,,,,,,,,,,,,,,,,,,,,,,,,,,,,,,,,,,,,,,,,,,,,,,,,,,,,,,,,,,,,,,,,,,,,,,,,,,,,,,,,,,,,,,,,,,,,,,,,,,,,,,,,,,,,,,,,,,,,,,,,,,,,,,,,,,,,
2018-06-27,ios,,,,,,,,,,,,,,,,,,,,,,,,,,,,,,,,,,,,,,,,,,,,,,,,,,,,,,,,,,,,,,,,,,,,,,,,,,,,,,,,,,,,,,,,,,,,,,,,,,,,,,,,,,,,,,,,,,,,,,,,,,,,,,,,,,,,,,,,,,,,,,,,,,,,,,,,,,,,,,,,,,,,,,,,,,,,,,,,,,,,,,,,,,,,,,,,,,,,,,,,,,,,,,,,,,,,,,,,,,,,,,,,,,,,,,,,,,,,,,,,,,,,,,,,,,,,,,,,,,,,,,,,,,,,,,,,,,,,,,,,,,,,,,,,,,,,,,,,,,,,,,,,,,,,,,,,,,,,,,,,,,,,,,,,,,,,,,,,,,,,,,,,,,,,,,,,,,,,,,,,,,,,,,,,,,,,,,,,,,,,,,,,,,,,,,,,,,,,,,,,,,,,,,,,,,,,,,,,,,,,,,,,,,,,,,,17.0,17.0,17.0,17.0,17.0,17.0,17.0,17.0,17.0,17.0,17.0,17.0,17.0,17.0,17.0,17.0,17.0,17.0,17.0,17.0,17.0,17.0,17.0,17.0,17.0,17.0,17.0,17.0,17.0,17.0,17.0,17.0,17.0,17.0,17.0,17.0,17.0,17.0,17.0,17.0,17.0,17.0,17.0,17.0,17.0,17.0,17.0,17.0,17.0,17.0,17.0,17.0,17.0,17.0,17.0,17.0,17.0,17.0,17.0,25.0,25.0,25.0,25.0,25.0,25.0,25.0,25.0,25.0,25.0,25.0,25.0,25.0,25.0,25.0,25.0,25.0,25.0,37.0,37.0,37.0,37.0,37.0,37.0,37.0,37.0,37.0,37.0,37.0,37.0,37.0,37.0,37.0,72.0,115.0,220.0,297.0,305.0,305.0,305.0,305.0,305.0,305.0,305.0,305.0,305.0,305.0,305.0,305.0,305.0,305.0,305.0,305.0,305.0,305.0,305.0,305.0,305.0,305.0,305.0,305.0,305.0,305.0,305.0,305.0,305.0,305.0,305.0,305.0,305.0,305.0,305.0,305.0,305.0,305.0,305.0,305.0,305.0,305.0,305.0,305.0,305.0,305.0,305.0,305.0,305.0,305.0,305.0,305.0,305.0,305.0,305.0,305.0,305.0,305.0,305.0,305.0,305.0,305.0,305.0,305.0,305.0,305.0,305.0,305.0,305.0,305.0,305.0,305.0,305.0,305.0,305.0,305.0,305.0,305.0,305.0,305.0,305.0,305.0,305.0,305.0,305.0,305.0,305.0,305.0,305.0,305.0,305.0,305.0,305.0,305.0,305.0,305.0,305.0,305.0,305.0,305.0,305.0,305.0,305.0,305.0,305.0,305.0,305.0,305.0,305.0,305.0,305.0,305.0,305.0,305.0,322.0,414.0,514.0,548.0,548.0,548.0,548.0,548.0,548.0,548.0,548.0,548.0,548.0,548.0,548.0,576.0,615.0,679.0,684.0,684.0,684.0,684.0,684.0,684.0,684.0,684.0,684.0,684.0,684.0,684.0,684.0,684.0,684.0,697.0,697.0,737.0,832.0,930.0,955.0,955.0,955.0,955.0,955.0,955.0,1005.0,1064.0,1075.0,1134.0,1134.0,1134.0,1134.0,1134.0,1134.0,1134.0,1134.0,1134.0,1134.0,1134.0,1134.0,1134.0,1134.0,1134.0,1134.0,1134.0,1134.0,1134.0,1134.0,1134.0,1134.0,1134.0,1134.0,1134.0,1134.0,1134.0,1134.0,1134.0,1134.0,1134.0,1134.0,1134.0,1134.0,1134.0,1134.0,1134.0,1134.0,1134.0,1134.0,1134.0,1134.0,1134.0,1134.0,1134.0,1134.0,1134.0,1154.0,1154.0,1154.0,1154.0,1154.0,1154.0,1154.0,1154.0,1154.0,1154.0,1154.0,1154.0,1154.0,1154.0,1154.0,1154.0,1154.0,1154.0,1154.0,1154.0,1154.0,1154.0,1154.0,1154.0,1154.0,1154.0,1154.0,1154.0,1154.0,1154.0,1154.0,1154.0,1154.0,1154.0,1154.0,1154.0,1154.0,1154.0,1154.0,1154.0,1154.0,1154.0,1154.0,1154.0,1154.0,1154.0,1154.0,1154.0,1154.0,1154.0,1154.0,1154.0,1186.0,1186.0,1209.0,1233.0,1259.0,1343.0,1374.0,1374.0,1374.0,1374.0,1374.0,1374.0,1374.0,1374.0,1374.0,1374.0,1374.0,1374.0,1374.0,1374.0,1374.0,1374.0,1374.0,1374.0,1374.0,1374.0,1374.0,1436.0,1455.0,1489.0,1546.0,1546.0,1546.0,1546.0,1633.0,1720.0,1720.0,1720.0,1720.0,1720.0,1720.0,1720.0,1720.0,1720.0,1720.0,1720.0,1720.0,1720.0,1728.0,1728.0,1728.0,1728.0,1728.0,1728.0,1728.0,1728.0,1728.0,1728.0,1728.0,1728.0,1728.0,1728.0,1728.0,1728.0,1728.0,1728.0,1792.0,1874.0,1874.0,1874.0,1874.0,1941.0,1941.0,1941.0,1941.0,1941.0,1941.0,1941.0,1941.0,1941.0,1941.0,1941.0,1941.0,1941.0,1941.0,1941.0,1941.0,1941.0,1941.0,1941.0,1941.0,1949.0,1949.0,1949.0,1949.0,1949.0,1949.0,1949.0,1949.0,1958.0,1958.0,1958.0,1958.0,1966.0,1966.0,1966.0,1966.0,1966.0,1966.0,1966.0,1966.0,1966.0,1966.0,1966.0,1966.0,1966.0,1966.0,1966.0,1966.0,1966.0,1966.0,1966.0,1966.0,1974.0,1974.0,1974.0,1974.0,1974.0,1974.0,1974.0,1974.0,1974.0,1989.0,1989.0,1989.0,2007.0,2054.0,2055.0,2055.0,2055.0,2055.0,2055.0,2055.0,2055.0,2055.0,2063.0,2083.0,2155.0,2261.0,2302.0,2302.0,2302.0,2302.0,2302.0,2302.0,2302.0,2302.0,2302.0,2302.0,2302.0,2302.0,2302.0,2302.0,2302.0,2302.0,2302.0,2302.0,2302.0,2302.0,2302.0,2302.0,2302.0,2302.0,2302.0,2302.0,2302.0,2302.0,2302.0,2302.0,2302.0,2302.0,2302.0,2302.0,2302.0,2302.0,2302.0,2302.0,2302.0,2302.0,2302.0,2302.0,2302.0,2302.0,2302.0,2302.0,2302.0,2302.0,2302.0,2302.0,2302.0,2302.0,2302.0,2302.0,2302.0,2302.0,2302.0,2302.0,2302.0,2302.0,2302.0,2302.0,2302.0,2302.0,2302.0,2302.0,2302.0,2302.0,2302.0,2302.0,2302.0,2302.0,2302.0,2302.0,2302.0,2302.0,2302.0,2302.0,2302.0,2302.0,2302.0,2302.0,2302.0,2302.0,2302.0,2302.0,2302.0,2302.0,2302.0,2302.0,2302.0,2302.0,2302.0,2302.0,2302.0,2302.0,2302.0,2302.0,2302.0,2302.0,2302.0,2302.0,2302.0,2302.0,2302.0,2302.0,2302.0,2302.0,2302.0,2302.0,2302.0,2302.0,2302.0,2302.0,2302.0,2302.0,2302.0,2302.0,2302.0,2302.0,2302.0,2302.0,2302.0,2302.0,2302.0,2302.0,2329.0,2387.0,2498.0,2534.0,2534.0,2534.0,2534.0,2534.0,2534.0,2534.0,2534.0,2534.0,2534.0,2534.0,2534.0,2534.0,2534.0,2534.0,2534.0,2534.0,2534.0,2534.0,2534.0,2534.0,2534.0,2534.0,2534.0,2534.0,2534.0,2534.0,2534.0,2534.0,2534.0,2534.0,2534.0,2534.0,2534.0,2534.0,2534.0,2534.0,2534.0,2534.0,2534.0,2534.0,2534.0,2534.0,2534.0,2534.0,2534.0,2534.0,2534.0,2534.0,2534.0,2534.0,2534.0,2534.0,2534.0,2534.0,2534.0,2534.0,2534.0,2534.0,2534.0,2534.0,2534.0,2534.0,2534.0,2534.0,2534.0,2534.0,2534.0,2534.0,2534.0,2534.0,2534.0,2534.0,2534.0,2534.0,2534.0,2534.0,2534.0,2534.0,2534.0,2534.0,2534.0,2534.0,2534.0,2534.0,2534.0,2534.0,2534.0,2534.0,2534.0,2534.0,2534.0,2534.0,2534.0,2534.0,2534.0,2534.0,2534.0,2534.0,2534.0,2534.0,2564.0,2564.0,2564.0,2564.0,2564.0,2564.0,2564.0,2564.0,2564.0,2564.0,2564.0,2564.0,2564.0,2564.0,2564.0,2564.0,2564.0,2564.0,2564.0,2564.0,2564.0,2564.0,2564.0,2564.0,2564.0,2564.0,2564.0,2564.0,2564.0,2564.0,2564.0,2564.0,2564.0,2564.0,2564.0,2564.0,2564.0,2564.0,2564.0,2564.0,2564.0,2564.0,2564.0,2564.0,2564.0,2564.0,2564.0,2564.0,2564.0,2564.0,2564.0,2564.0,2564.0,2564.0,2564.0,2564.0,2564.0,2580.0,2598.0,2632.0,2632.0,2632.0,2632.0,2644.0,2644.0,2644.0,2644.0,2644.0,2689.0,2706.0,2706.0,2706.0,2728.0,2728.0,2735.0,2735.0,2735.0,2735.0,2735.0,2735.0,2735.0,2773.0,2858.0,2859.0,2859.0,2874.0,2885.0,2885.0,2885.0,2885.0,2885.0,2885.0,2885.0,2885.0,2885.0,2885.0,2885.0,2885.0,2885.0,2885.0,2885.0,2885.0,2885.0,2885.0,2885.0,2885.0,2885.0,2885.0,2885.0,2885.0,2885.0,2885.0,2885.0,2885.0,2885.0,2885.0,2885.0,2885.0,2885.0,2885.0,2885.0,2885.0,2885.0,2885.0,2885.0,2885.0,2885.0,2885.0,2885.0,2885.0,2885.0,2885.0,2885.0,2885.0,2885.0,2885.0,2885.0,2885.0,2885.0,2885.0,2885.0,2885.0,2885.0,2885.0,2885.0,2885.0,2885.0,2885.0,2885.0,2885.0,2885.0,2885.0,2885.0,2885.0,2885.0,2905.0,2905.0,2905.0,2905.0,2905.0,2905.0,2905.0,2905.0,2905.0,2905.0,2905.0,2905.0,2911.0,2926.0,2926.0,2926.0,2926.0,2926.0,2926.0,2926.0,2926.0,2926.0,2926.0,2926.0,2926.0,2926.0,2926.0,2926.0,2926.0,2926.0,2926.0,2926.0,2926.0,2926.0,2926.0,2926.0,2926.0,2926.0,2926.0,2926.0,2926.0,2926.0,2926.0,2926.0,2926.0,2926.0,2926.0,2926.0,2926.0,2926.0,2926.0,2926.0,2926.0,2926.0,2926.0,2926.0,2926.0,2926.0,2926.0,2926.0,2926.0,2926.0,2926.0,2926.0,2926.0,2926.0,2926.0,2926.0,2926.0,2926.0,2926.0,2926.0,2926.0,2926.0,2926.0,2926.0,2926.0,2926.0,2926.0,2926.0,2926.0,2926.0,2926.0,2926.0,2926.0,2926.0,2926.0,2926.0,2926.0,2926.0,2926.0,2926.0,2926.0,2926.0,2926.0,2926.0,2926.0,2926.0,2926.0,2926.0,2926.0,2946.0,2955.0,2955.0,2955.0,2955.0,2955.0,2955.0,,,,,,,,,,,,
2018-06-28,ios,,,,,,,,,,,,,,,,,,,,,,,,,,,,,,,,,,,,,,,,,,,,,,,,,,,,,,,,,,,,,,,,,,,,,,,,,,,,,,,,,,,,,,,,,,,,,,,,,,,,,,,,,,,,,,,,,,,,,,,,,,,,,,,,,,,,,,,,,,,,,,,,,,,,,,,,,,,,,,,,,,,,,,,,,,,,,,,,,,,,,,,,,,,,,,,,,,,,,,,,,,,,,,,,,,,,,,,,,,,,,,,,,,,,,,,,,,,,,,,,,,,,,,,,,,,,,,,,,,,,,,,,,,,,,,,,,,,,,,,,,,,,,,,,,,,,,,,,,,,,,,,,,,,,,,,,,,,,,,,,,,,,,,,,,,,,,,,,,,,,,,,,,,,,,,,,,,,,,,,,,,,,,,,,,,,,,,,,,,,,,,,,,,,,,,,,,,,,,,,,,,,,,,,,,,,,,,,,,,,,,,,,,,,,,,,,,,,,,,,,,,,,,,,,,,,,,,,,,,,,,,,,,,,,,,,,,,,,,,,,,,,,,,,,,,,,,,,,,,,,,,,,,,,,,,,,,,,,,,,,,,,,,,,,,18.0,18.0,18.0,28.0,36.0,36.0,36.0,36.0,36.0,36.0,36.0,36.0,36.0,36.0,36.0,36.0,36.0,36.0,36.0,36.0,36.0,36.0,36.0,36.0,36.0,36.0,36.0,36.0,36.0,36.0,36.0,45.0,97.0,205.0,228.0,228.0,228.0,228.0,283.0,392.0,473.0,473.0,473.0,482.0,482.0,482.0,482.0,482.0,482.0,482.0,482.0,482.0,482.0,482.0,482.0,482.0,482.0,482.0,482.0,482.0,482.0,482.0,482.0,482.0,482.0,482.0,482.0,482.0,482.0,482.0,482.0,482.0,482.0,482.0,482.0,482.0,482.0,482.0,482.0,482.0,482.0,482.0,482.0,482.0,482.0,482.0,482.0,482.0,510.0,626.0,739.0,846.0,922.0,1008.0,1122.0,1208.0,1309.0,1381.0,1465.0,1481.0,1516.0,1516.0,1516.0,1516.0,1516.0,1516.0,1516.0,1516.0,1516.0,1516.0,1516.0,1516.0,1516.0,1516.0,1516.0,1526.0,1526.0,1526.0,1526.0,1526.0,1526.0,1526.0,1526.0,1526.0,1526.0,1526.0,1526.0,1526.0,1526.0,1526.0,1526.0,1526.0,1526.0,1526.0,1526.0,1526.0,1526.0,1526.0,1526.0,1526.0,1526.0,1526.0,1526.0,1526.0,1526.0,1526.0,1526.0,1526.0,1526.0,1526.0,1526.0,1526.0,1526.0,1526.0,1526.0,1526.0,1526.0,1526.0,1526.0,1526.0,1526.0,1526.0,1526.0,1526.0,1526.0,1526.0,1526.0,1526.0,1526.0,1526.0,1526.0,1526.0,1526.0,1526.0,1526.0,1526.0,1526.0,1526.0,1526.0,1526.0,1526.0,1526.0,1526.0,1526.0,1526.0,1526.0,1526.0,1526.0,1526.0,1526.0,1526.0,1526.0,1526.0,1526.0,1526.0,1526.0,1526.0,1526.0,1526.0,1526.0,1526.0,1526.0,1526.0,1526.0,1526.0,1526.0,1542.0,1542.0,1563.0,1589.0,1589.0,1589.0,1589.0,1589.0,1589.0,1589.0,1589.0,1589.0,1589.0,1589.0,1589.0,1589.0,1589.0,1589.0,1589.0,1589.0,1589.0,1589.0,1589.0,1589.0,1589.0,1589.0,1589.0,1589.0,1589.0,1589.0,1589.0,1589.0,1589.0,1589.0,1589.0,1589.0,1589.0,1589.0,1589.0,1589.0,1589.0,1589.0,1589.0,1589.0,1589.0,1589.0,1589.0,1589.0,1589.0,1589.0,1589.0,1589.0,1589.0,1589.0,1589.0,1589.0,1589.0,1589.0,1589.0,1589.0,1589.0,1589.0,1589.0,1589.0,1589.0,1589.0,1589.0,1589.0,1589.0,1589.0,1589.0,1589.0,1589.0,1589.0,1589.0,1589.0,1589.0,1589.0,1589.0,1589.0,1589.0,1589.0,1589.0,1589.0,1618.0,1621.0,1655.0,1656.0,1656.0,1656.0,1656.0,1656.0,1656.0,1656.0,1656.0,1656.0,1656.0,1656.0,1656.0,1656.0,1656.0,1656.0,1656.0,1656.0,1656.0,1656.0,1656.0,1656.0,1656.0,1656.0,1656.0,1656.0,1656.0,1656.0,1656.0,1656.0,1656.0,1656.0,1656.0,1656.0,1656.0,1656.0,1656.0,1656.0,1656.0,1656.0,1656.0,1656.0,1656.0,1656.0,1656.0,1656.0,1656.0,1656.0,1656.0,1656.0,1656.0,1656.0,1656.0,1656.0,1656.0,1656.0,1656.0,1656.0,1656.0,1656.0,1656.0,1656.0,1656.0,1656.0,1656.0,1656.0,1656.0,1656.0,1656.0,1656.0,1656.0,1656.0,1656.0,1656.0,1656.0,1656.0,1656.0,1656.0,1656.0,1656.0,1656.0,1656.0,1656.0,1656.0,1656.0,1656.0,1656.0,1656.0,1656.0,1656.0,1656.0,1656.0,1656.0,1656.0,1656.0,1656.0,1656.0,1656.0,1656.0,1656.0,1656.0,1656.0,1664.0,1664.0,1664.0,1664.0,1664.0,1664.0,1664.0,1664.0,1664.0,1664.0,1664.0,1664.0,1664.0,1664.0,1664.0,1664.0,1664.0,1664.0,1664.0,1664.0,1664.0,1664.0,1664.0,1664.0,1664.0,1664.0,1664.0,1664.0,1664.0,1664.0,1664.0,1664.0,1664.0,1664.0,1664.0,1664.0,1664.0,1664.0,1664.0,1664.0,1664.0,1664.0,1664.0,1664.0,1664.0,1664.0,1664.0,1664.0,1664.0,1664.0,1664.0,1664.0,1664.0,1664.0,1664.0,1664.0,1664.0,1664.0,1664.0,1664.0,1664.0,1664.0,1664.0,1664.0,1664.0,1664.0,1664.0,1664.0,1664.0,1664.0,1664.0,1664.0,1664.0,1664.0,1664.0,1664.0,1664.0,1664.0,1664.0,1664.0,1664.0,1664.0,1664.0,1664.0,1664.0,1664.0,1664.0,1664.0,1664.0,1664.0,1664.0,1664.0,1664.0,1664.0,1664.0,1664.0,1664.0,1664.0,1664.0,1664.0,1664.0,1664.0,1664.0,1664.0,1664.0,1664.0,1664.0,1664.0,1664.0,1664.0,1664.0,1664.0,1664.0,1664.0,1664.0,1664.0,1664.0,1664.0,1664.0,1664.0,1664.0,1664.0,1664.0,1664.0,1664.0,1664.0,1664.0,1664.0,1664.0,1664.0,1664.0,1664.0,1664.0,1664.0,1664.0,1664.0,1664.0,1664.0,1664.0,1664.0,1664.0,1664.0,1664.0,1664.0,1664.0,1664.0,1664.0,1664.0,1664.0,1664.0,1664.0,1664.0,1664.0,1664.0,1664.0,1664.0,1707.0,1707.0,1707.0,1707.0,1707.0,1707.0,1729.0,1729.0,1772.0,1860.0,1948.0,2011.0,2040.0,2040.0,2040.0,2040.0,2040.0,2040.0,2040.0,2040.0,2040.0,2040.0,2040.0,2040.0,2040.0,2040.0,2040.0,2040.0,2040.0,2040.0,2040.0,2040.0,2040.0,2040.0,2040.0,2040.0,2040.0,2040.0,2040.0,2040.0,2040.0,2040.0,2040.0,2040.0,2040.0,2040.0,2040.0,2040.0,2040.0,2040.0,2040.0,2040.0,2040.0,2040.0,2040.0,2040.0,2040.0,2040.0,2040.0,2040.0,2040.0,2040.0,2040.0,2040.0,2040.0,2040.0,2040.0,2040.0,2040.0,2040.0,2040.0,2040.0,2040.0,2040.0,2040.0,2040.0,2040.0,2040.0,2040.0,2040.0,2040.0,2040.0,2040.0,2040.0,2040.0,2040.0,2040.0,2040.0,2040.0,2040.0,2040.0,2040.0,2040.0,2040.0,2040.0,2040.0,2040.0,2040.0,2040.0,2040.0,2040.0,2040.0,2040.0,2040.0,2040.0,2040.0,2040.0,2040.0,2040.0,2040.0,2056.0,2109.0,2164.0,2260.0,2308.0,2308.0,2384.0,2384.0,2384.0,2384.0,2384.0,2384.0,2384.0,2384.0,2384.0,2384.0,2384.0,2384.0,2384.0,2384.0,2384.0,2384.0,2384.0,2384.0,2384.0,2384.0,2384.0,2384.0,2384.0,2384.0,2409.0,2438.0,2438.0,2438.0,2438.0,2438.0,2438.0,2438.0,2438.0,2438.0,2438.0,2438.0,2438.0,2438.0,2438.0,2438.0,2438.0,2438.0,2438.0,2438.0,2438.0,2438.0,2438.0,2438.0,2438.0,2438.0,2438.0,2438.0,2438.0,2438.0,2438.0,2438.0,2438.0,2438.0,2438.0,2438.0,2438.0,2438.0,2438.0,2483.0,2511.0,2569.0,2569.0,2616.0,2641.0,2690.0,2717.0,2769.0,2769.0,2769.0,2777.0,2777.0,2777.0,2777.0,2777.0,2777.0,2777.0,2777.0,2777.0,2777.0,2777.0,2777.0,2777.0,2777.0,2777.0,2777.0,2777.0,2777.0,2777.0,2777.0,2777.0,2777.0,2777.0,2777.0,2777.0,2777.0,2777.0,2777.0,2777.0,2777.0,2777.0,2777.0,2777.0,2777.0,2777.0,2777.0,2777.0,2777.0,2777.0,2777.0,2777.0,2777.0,2777.0,2777.0,2786.0,2798.0,2801.0,2801.0,2801.0,2801.0,2801.0,2801.0,2801.0,2801.0,2801.0,2801.0,2801.0,2801.0,2801.0,2801.0,2801.0,2801.0,2801.0,2801.0,2801.0,2801.0,2801.0,2801.0,2801.0,2801.0,2823.0,2823.0,2823.0,2823.0,2823.0,2834.0,2836.0,2836.0,2836.0,2836.0,2836.0,2836.0,2836.0,2836.0,2836.0,2836.0,2836.0,2836.0,2836.0,2836.0,2836.0,2836.0,2836.0,2836.0,2836.0,2836.0,2836.0,2836.0,2836.0,2836.0,2836.0,2836.0,2836.0,2836.0,2836.0,2836.0,2836.0,2836.0,2836.0,,,,,,,,,,,,,,,,,,,,,,,,,,,,,,,,,,,,,,,,,,,,,,,,,,,,,,,,,,,,,,,
2018-06-29,ios,,,,,,,,,,,,,,,,,,,,,,,,,,,,,,,,,,,,,,,,,,,,,,,,,,,,,,,,,,,,,,,,,,,,,,,,,,,,,,,,,,,,,,,,,,,,,,,,,,,,,,,,,,,,,,,,,,,,,,,,,,,,,,,,,,,,,,,,,,,,,,,,,,,,,,,,,,,,,,,,,,,,,,,,,,,,,,,,,,,,,,,,,,,,,,,,,,,,,,,,,,,,,,,,,,,,,,,,,,,,,,,,,,,,,,,,,,,,,,,,,,,,,,,,,,,,,,,,,,,,,,,,,,,,,,,,,,,,,,,,,,,,,,,,,,,,,,,,,,,,,,,,,,,,,,,,,,,,,,,,,,,,,,,,,,,,,,,,,,,,,,,,,,,,,,,,,,,,,,,,,,,,,,,,,,,,,,,,,,,,,,,,,,,,,,,,,,,,,,,,,,,,,,,,,,,,,,,,,,,,,,,,,,,,,,,,,,,,,,,,,,,,,,,,,,,,,,,,,,,,,,,,,,,,,,,,,,,,,,,,,,,,,,,,,,,,,,,,,,,8.0,8.0,8.0,8.0,40.0,40.0,40.0,40.0,40.0,40.0,40.0,40.0,40.0,40.0,40.0,40.0,40.0,40.0,40.0,40.0,40.0,40.0,40.0,40.0,40.0,40.0,40.0,40.0,40.0,40.0,40.0,40.0,40.0,40.0,40.0,40.0,40.0,40.0,40.0,40.0,40.0,40.0,40.0,40.0,40.0,40.0,40.0,75.0,171.0,220.0,253.0,288.0,373.0,484.0,592.0,703.0,807.0,919.0,1035.0,1132.0,1234.0,1343.0,1441.0,1492.0,1492.0,1492.0,1492.0,1492.0,1492.0,1492.0,1492.0,1492.0,1492.0,1492.0,1492.0,1492.0,1492.0,1492.0,1492.0,1492.0,1492.0,1492.0,1492.0,1492.0,1492.0,1492.0,1492.0,1492.0,1492.0,1492.0,1492.0,1492.0,1492.0,1492.0,1492.0,1492.0,1492.0,1492.0,1492.0,1508.0,1568.0,1646.0,1740.0,1848.0,1957.0,2068.0,2177.0,2289.0,2396.0,2423.0,2423.0,2423.0,2423.0,2423.0,2524.0,2620.0,2728.0,2837.0,2942.0,2988.0,2988.0,2999.0,2999.0,2999.0,3044.0,3044.0,3044.0,3044.0,3044.0,3044.0,3044.0,3044.0,3044.0,3044.0,3044.0,3044.0,3044.0,3044.0,3044.0,3044.0,3044.0,3044.0,3044.0,3044.0,3044.0,3044.0,3044.0,3044.0,3044.0,3044.0,3044.0,3044.0,3044.0,3044.0,3044.0,3044.0,3044.0,3044.0,3044.0,3044.0,3044.0,3044.0,3044.0,3044.0,3044.0,3044.0,3044.0,3044.0,3044.0,3044.0,3044.0,3044.0,3044.0,3044.0,3044.0,3044.0,3044.0,3044.0,3044.0,3044.0,3044.0,3044.0,3044.0,3044.0,3044.0,3044.0,3044.0,3044.0,3044.0,3044.0,3044.0,3044.0,3044.0,3044.0,3044.0,3044.0,3044.0,3044.0,3044.0,3044.0,3044.0,3044.0,3044.0,3044.0,3044.0,3044.0,3044.0,3044.0,3044.0,3044.0,3044.0,3044.0,3044.0,3044.0,3044.0,3044.0,3044.0,3044.0,3044.0,3044.0,3044.0,3044.0,3044.0,3044.0,3044.0,3044.0,3044.0,3044.0,3044.0,3044.0,3044.0,3044.0,3044.0,3044.0,3044.0,3044.0,3044.0,3044.0,3044.0,3044.0,3044.0,3044.0,3044.0,3044.0,3044.0,3044.0,3044.0,3044.0,3044.0,3044.0,3044.0,3044.0,3044.0,3044.0,3044.0,3044.0,3078.0,3161.0,3181.0,3181.0,3181.0,3181.0,3181.0,3181.0,3181.0,3181.0,3181.0,3181.0,3181.0,3181.0,3181.0,3181.0,3181.0,3181.0,3181.0,3181.0,3181.0,3181.0,3181.0,3181.0,3181.0,3181.0,3181.0,3181.0,3181.0,3181.0,3181.0,3181.0,3181.0,3181.0,3181.0,3181.0,3181.0,3181.0,3181.0,3181.0,3181.0,3181.0,3181.0,3181.0,3181.0,3181.0,3181.0,3181.0,3181.0,3181.0,3181.0,3181.0,3181.0,3181.0,3181.0,3181.0,3181.0,3181.0,3181.0,3181.0,3181.0,3181.0,3181.0,3181.0,3181.0,3181.0,3181.0,3181.0,3181.0,3181.0,3181.0,3181.0,3181.0,3181.0,3181.0,3181.0,3181.0,3181.0,3181.0,3181.0,3245.0,3287.0,3310.0,3312.0,3312.0,3312.0,3312.0,3312.0,3312.0,3312.0,3312.0,3312.0,3312.0,3312.0,3312.0,3312.0,3312.0,3320.0,3320.0,3320.0,3320.0,3320.0,3320.0,3320.0,3320.0,3320.0,3320.0,3320.0,3320.0,3320.0,3320.0,3320.0,3320.0,3320.0,3320.0,3320.0,3320.0,3320.0,3320.0,3320.0,3320.0,3320.0,3320.0,3320.0,3320.0,3320.0,3320.0,3320.0,3320.0,3328.0,3328.0,3328.0,3328.0,3328.0,3328.0,3328.0,3328.0,3328.0,3328.0,3328.0,3328.0,3328.0,3328.0,3328.0,3328.0,3328.0,3328.0,3328.0,3328.0,3328.0,3328.0,3328.0,3328.0,3328.0,3328.0,3328.0,3328.0,3328.0,3328.0,3328.0,3328.0,3328.0,3328.0,3328.0,3328.0,3328.0,3328.0,3328.0,3328.0,3328.0,3328.0,3328.0,3328.0,3328.0,3328.0,3328.0,3328.0,3328.0,3328.0,3328.0,3328.0,3328.0,3328.0,3328.0,3328.0,3328.0,3328.0,3328.0,3328.0,3328.0,3328.0,3328.0,3328.0,3328.0,3328.0,3328.0,3328.0,3328.0,3328.0,3328.0,3328.0,3339.0,3339.0,3339.0,3339.0,3339.0,3339.0,3339.0,3339.0,3339.0,3339.0,3339.0,3339.0,3339.0,3339.0,3339.0,3339.0,3339.0,3339.0,3339.0,3339.0,3339.0,3339.0,3339.0,3339.0,3339.0,3339.0,3339.0,3339.0,3339.0,3339.0,3339.0,3339.0,3339.0,3339.0,3339.0,3339.0,3339.0,3339.0,3339.0,3339.0,3339.0,3339.0,3339.0,3339.0,3339.0,3339.0,3339.0,3339.0,3339.0,3339.0,3339.0,3339.0,3339.0,3339.0,3339.0,3339.0,3339.0,3339.0,3339.0,3339.0,3339.0,3339.0,3339.0,3396.0,3396.0,3406.0,3439.0,3460.0,3460.0,3460.0,3460.0,3460.0,3460.0,3460.0,3460.0,3460.0,3460.0,3460.0,3460.0,3460.0,3460.0,3460.0,3460.0,3460.0,3460.0,3460.0,3460.0,3460.0,3460.0,3460.0,3460.0,3460.0,3460.0,3460.0,3460.0,3460.0,3460.0,3460.0,3460.0,3460.0,3460.0,3460.0,3460.0,3460.0,3460.0,3460.0,3460.0,3460.0,3460.0,3460.0,3460.0,3460.0,3460.0,3460.0,3460.0,3460.0,3460.0,3460.0,3460.0,3460.0,3460.0,3460.0,3460.0,3460.0,3460.0,3460.0,3460.0,3460.0,3460.0,3460.0,3460.0,3460.0,3460.0,3477.0,3477.0,3492.0,3492.0,3492.0,3513.0,3557.0,3571.0,3571.0,3629.0,3629.0,3629.0,3629.0,3629.0,3629.0,3629.0,3629.0,3629.0,3629.0,3629.0,3629.0,3629.0,3629.0,3629.0,3629.0,3629.0,3629.0,3629.0,3629.0,3629.0,3629.0,3629.0,3629.0,3629.0,3629.0,3629.0,3629.0,3629.0,3629.0,3645.0,3645.0,3645.0,3645.0,3645.0,3645.0,3645.0,3645.0,3714.0,3752.0,3752.0,3752.0,3752.0,3752.0,3752.0,3766.0,3766.0,3766.0,3766.0,3766.0,3766.0,3774.0,3774.0,3774.0,3774.0,3774.0,3774.0,3774.0,3774.0,3774.0,3774.0,3774.0,3774.0,3774.0,3774.0,3793.0,3793.0,3793.0,3793.0,3793.0,3793.0,3793.0,3793.0,3793.0,3793.0,3793.0,3793.0,3793.0,3793.0,3793.0,3793.0,3793.0,3793.0,3793.0,3793.0,3828.0,3843.0,3899.0,3943.0,3943.0,3943.0,3943.0,3943.0,3943.0,3943.0,3943.0,3943.0,3943.0,3943.0,3943.0,3943.0,3943.0,3943.0,3943.0,3943.0,3943.0,3943.0,3943.0,3943.0,3943.0,3943.0,3943.0,3943.0,3943.0,3943.0,3943.0,3943.0,3943.0,3943.0,3943.0,3943.0,3943.0,3943.0,3943.0,3943.0,3943.0,3943.0,3943.0,3943.0,3943.0,3943.0,3943.0,3943.0,3943.0,3962.0,4003.0,4023.0,4106.0,4123.0,4123.0,4123.0,4123.0,4123.0,4123.0,4123.0,4123.0,4123.0,4123.0,4123.0,4123.0,4123.0,4123.0,4123.0,4123.0,4123.0,4123.0,4123.0,4123.0,4123.0,4123.0,4123.0,4123.0,4123.0,4123.0,4123.0,4123.0,4123.0,4123.0,4123.0,4123.0,4123.0,4123.0,4123.0,4123.0,4123.0,4123.0,4123.0,4135.0,4135.0,4135.0,4135.0,4135.0,4135.0,4135.0,4135.0,4135.0,4135.0,4135.0,4135.0,4135.0,4135.0,4135.0,4135.0,4135.0,4135.0,4135.0,4135.0,4135.0,4135.0,4135.0,4135.0,4135.0,4135.0,4135.0,4135.0,4135.0,4135.0,4135.0,4135.0,4135.0,4142.0,4142.0,4142.0,4142.0,4142.0,,,,,,,,,,,,,,,,,,,,,,,,,,,,,,,,,,,,,,,,,,,,,,,,,,,,,,,,,,,,,,,,,,,,,,,,,,,,,,,,,,,,,,,,,,,,,,,,,,,,,,,,,,,,,,,,,,,,,,,,,,,,,,,,
2018-06-30,ios,,,,,,,,,,,,,,,,,,,,,,,,,,,,,,,,,,,,,,,,,,,,,,,,,,,,,,,,,,,,,,,,,,,,,,,,,,,,,,,,,,,,,,,,,,,,,,,,,,,,,,,,,,,,,,,,,,,,,,,,,,,,,,,,,,,,,,,,,,,,,,,,,,,,,,,,,,,,,,,,,,,,,,,,,,,,,,,,,,,,,,,,,,,,,,,,,,,,,,,,,,,,,,,,,,,,,,,,,,,,,,,,,,,,,,,,,,,,,,,,,,,,,,,,,,,,,,,,,,,,,,,,,,,,,,,,,,,,,,,,,,,,,,,,,,,,,,,,,,,,,,,,,,,,,,,,,,,,,,,,,,,,,,,,,,,,,,,,,,,,,,,,,,,,,,,,,,,,,,,,,,,,,,,,,,,,,,,,,,,,,,,,,,,,,,,,,,,,,,,,,,,,,,,,,,,,,,,,,,,,,,,,,,,,,,,,,,,,,,,,,,,,,,,,,,,,,,,,,,,,,,,,,,,,,,,,,,,,,,,,,,,,,,,,,,,,,55.0,55.0,80.0,88.0,88.0,88.0,88.0,112.0,120.0,120.0,120.0,120.0,120.0,120.0,120.0,120.0,120.0,120.0,120.0,120.0,120.0,120.0,120.0,120.0,120.0,120.0,120.0,120.0,120.0,120.0,120.0,120.0,120.0,143.0,219.0,326.0,440.0,542.0,657.0,769.0,877.0,965.0,1033.0,1139.0,1248.0,1336.0,1382.0,1444.0,1458.0,1465.0,1565.0,1668.0,1744.0,1806.0,1903.0,1995.0,2060.0,2124.0,2236.0,2297.0,2367.0,2403.0,2403.0,2444.0,2483.0,2584.0,2608.0,2667.0,2727.0,2808.0,2864.0,2946.0,3000.0,3000.0,3033.0,3127.0,3236.0,3345.0,3452.0,3549.0,3652.0,3735.0,3845.0,3953.0,4062.0,4161.0,4161.0,4170.0,4185.0,4204.0,4204.0,4204.0,4204.0,4204.0,4204.0,4204.0,4204.0,4204.0,4204.0,4204.0,4204.0,4204.0,4204.0,4204.0,4204.0,4204.0,4204.0,4204.0,4204.0,4204.0,4204.0,4204.0,4204.0,4204.0,4204.0,4204.0,4204.0,4204.0,4204.0,4204.0,4204.0,4204.0,4204.0,4204.0,4204.0,4204.0,4204.0,4204.0,4204.0,4204.0,4204.0,4204.0,4204.0,4204.0,4204.0,4204.0,4204.0,4204.0,4204.0,4204.0,4204.0,4204.0,4204.0,4204.0,4204.0,4204.0,4204.0,4204.0,4204.0,4204.0,4204.0,4204.0,4204.0,4204.0,4204.0,4204.0,4204.0,4204.0,4204.0,4204.0,4204.0,4204.0,4204.0,4204.0,4204.0,4204.0,4204.0,4204.0,4204.0,4204.0,4204.0,4204.0,4204.0,4204.0,4204.0,4204.0,4204.0,4204.0,4204.0,4218.0,4258.0,4258.0,4258.0,4258.0,4258.0,4258.0,4258.0,4258.0,4258.0,4258.0,4258.0,4258.0,4258.0,4258.0,4258.0,4258.0,4258.0,4258.0,4258.0,4258.0,4258.0,4258.0,4258.0,4258.0,4258.0,4258.0,4258.0,4258.0,4258.0,4258.0,4258.0,4258.0,4258.0,4258.0,4258.0,4258.0,4258.0,4258.0,4258.0,4258.0,4258.0,4258.0,4258.0,4258.0,4258.0,4265.0,4306.0,4306.0,4351.0,4444.0,4556.0,4671.0,4722.0,4722.0,4722.0,4722.0,4722.0,4730.0,4730.0,4730.0,4730.0,4730.0,4730.0,4730.0,4730.0,4730.0,4730.0,4730.0,4730.0,4730.0,4730.0,4730.0,4730.0,4730.0,4730.0,4730.0,4730.0,4763.0,4869.0,4971.0,5051.0,5130.0,5130.0,5130.0,5130.0,5130.0,5130.0,5130.0,5130.0,5130.0,5130.0,5130.0,5130.0,5130.0,5130.0,5130.0,5130.0,5130.0,5130.0,5130.0,5130.0,5130.0,5130.0,5130.0,5130.0,5130.0,5130.0,5130.0,5130.0,5130.0,5130.0,5130.0,5130.0,5130.0,5130.0,5130.0,5138.0,5138.0,5138.0,5138.0,5138.0,5138.0,5138.0,5156.0,5156.0,5156.0,5156.0,5156.0,5156.0,5156.0,5156.0,5156.0,5156.0,5156.0,5156.0,5156.0,5156.0,5156.0,5156.0,5156.0,5156.0,5156.0,5156.0,5156.0,5156.0,5156.0,5156.0,5156.0,5156.0,5156.0,5164.0,5184.0,5184.0,5184.0,5184.0,5184.0,5184.0,5184.0,5184.0,5223.0,5232.0,5232.0,5232.0,5232.0,5232.0,5232.0,5232.0,,,,,,,,,,,,,,,,,,,,,,,,,,,,,,,,,,,,,,,,,,,,,,,,,,,,,,,,,,,,,,,,,,,,,,,,,,,,,,,,,,,,,,,,,,,,,,,,,,,,,,,,,,,,,,,,,,,,,,,,,,,,,,,,,,,,,,,,,,,,,,,,,,,,,,,,,,,,,,,,,,,,,,,,,,,,,,,,,,,,,,,,,,,,,,,,,,,,,,,,,,,,,,,,,,,,,,,,,,,,,,,,,,,,,,,,,,,,,,,,,,,,,,,,,,,,,,,,,,,,,,,,,,,,,,,,,,,,,,,,,,,,,,,,,,,,,,,,,,,,,,,,,,,,,,,,,,,,,,,,,,,,,,,,,,,,,,,,,,,,,,,,,,,,,,,,,,,,,,,,,,,,,,,,,,,,,,,,,,,,,,,,,,,,,,,,,,,,,,,,,,,,,,,,,,,,,,,,,,,,,,,,,,,,,,,,,,,,,,,,,,,,,,,,,,,,,,,,,,,,,,,,,,,,,,,,,,,,,,,,,,,,,,,,,,,,,,,,,,,,,,,,,,,,,,,,,,,,,,,,,,,,,,,,,,,,,,,,,,,,,,,,,,,,,,,,,,,,,,,,,,,,,,,,,,,,,,,,,,,,,,,,,,,,,,,,,,,,,,,,,
2018-07-01,ios,,,,,,,,,,,,,,,,,,,,,,,,,,,,,,,,,,,,,,,,,,,,,,,,,,,,,,,,,,,,,,,,,,,,,,,,,,,,,,,,,,,,,,,,,,,,,,,,,,,,,,,,,,,,,,,,,,,,,,,,,,,,,,,,,,,,,,,,,,,,,,,,,,,,,,,,,,,,,,,,,,,,,,,,,,,,,,,,,,,,,,,,,,,,,,,,,,,,,,,,,,,,,,,,,,,,,,,,,,,,,,,,,,,,,,,,,,,,,,,,,,,,,,,,,,,,,,,,,,,,,,,,,,,,,,,,,,,,,,,,,,,,,,,,,,,,,,,,,,,,,,,,,,,,,,,,,,,,,,,,,,,,,,,,,,,,,,,,,,,,,,,,,,,,,,,,,,,,,,,,,,,,,,,,,,,,,,,,,,,,,,,,,,,,,,,,,,,,,,,,,,,,,,,,,,,,,10.0,10.0,10.0,10.0,10.0,10.0,25.0,68.0,79.0,134.0,161.0,168.0,168.0,181.0,192.0,192.0,192.0,192.0,227.0,235.0,259.0,259.0,259.0,281.0,310.0,333.0,333.0,333.0,333.0,333.0,333.0,333.0,333.0,333.0,333.0,333.0,333.0,333.0,333.0,333.0,333.0,333.0,333.0,333.0,333.0,333.0,349.0,416.0,511.0,631.0,746.0,862.0,979.0,1098.0,1215.0,1333.0,1450.0,1563.0,1576.0,1576.0,1576.0,1576.0,1576.0,1576.0,1576.0,1576.0,1576.0,1576.0,1576.0,1576.0,1576.0,1576.0,1576.0,1576.0,1576.0,1576.0,1576.0,1576.0,1576.0,1576.0,1576.0,1576.0,1576.0,1576.0,1576.0,1576.0,1576.0,1576.0,1576.0,1576.0,1632.0,1654.0,1654.0,1689.0,1816.0,1943.0,2061.0,2188.0,2315.0,2445.0,2571.0,2599.0,2717.0,2833.0,2949.0,3070.0,3186.0,3306.0,3421.0,3493.0,3604.0,3720.0,3804.0,3910.0,4030.0,4087.0,4185.0,4262.0,4262.0,4262.0,4300.0,4300.0,4365.0,4387.0,4387.0,4387.0,4401.0,4448.0,4485.0,4485.0,4485.0,4556.0,4671.0,4782.0,4890.0,4986.0,5077.0,5182.0,5295.0,5411.0,5529.0,5644.0,5745.0,5852.0,5960.0,6063.0,6171.0,6278.0,6387.0,6495.0,6529.0,6531.0,6531.0,6531.0,6544.0,6544.0,6560.0,6560.0,6560.0,6560.0,6560.0,6560.0,6560.0,6560.0,6560.0,6560.0,6560.0,6560.0,6560.0,6560.0,6560.0,6560.0,6560.0,6560.0,6560.0,6560.0,6560.0,6560.0,6560.0,6560.0,6560.0,6560.0,6560.0,6560.0,6560.0,6560.0,6560.0,6560.0,6560.0,6560.0,6560.0,6560.0,6560.0,6560.0,6560.0,6560.0,6560.0,6560.0,6560.0,6560.0,6560.0,6560.0,6560.0,6560.0,6560.0,6560.0,6560.0,6560.0,6560.0,6560.0,6560.0,6560.0,6560.0,6560.0,6560.0,6560.0,6560.0,6560.0,6560.0,6560.0,6560.0,6560.0,6560.0,6560.0,6560.0,6560.0,6560.0,6560.0,6560.0,6560.0,6560.0,6587.0,6587.0,6587.0,6595.0,6595.0,6595.0,6636.0,6660.0,6660.0,6691.0,6700.0,6700.0,6733.0,6733.0,6733.0,6733.0,6733.0,6737.0,6759.0,6759.0,6759.0,6759.0,6759.0,6759.0,6759.0,6759.0,6759.0,6759.0,6759.0,6759.0,6759.0,6759.0,6759.0,6759.0,6759.0,6759.0,6759.0,6759.0,6759.0,6759.0,6759.0,6759.0,6759.0,6759.0,6759.0,6759.0,6759.0,6759.0,6759.0,6759.0,6759.0,6759.0,6759.0,6759.0,6759.0,6759.0,6759.0,6759.0,6759.0,6759.0,6759.0,6801.0,6801.0,6801.0,6801.0,6801.0,6801.0,6801.0,6801.0,6801.0,6801.0,6801.0,6801.0,6801.0,6801.0,6801.0,6801.0,6801.0,6801.0,6801.0,6812.0,6890.0,6890.0,6890.0,6890.0,6890.0,6890.0,6890.0,7003.0,7126.0,7244.0,7356.0,7359.0,7359.0,7359.0,7359.0,7359.0,7359.0,7359.0,7359.0,7359.0,7359.0,7359.0,7359.0,7359.0,7359.0,7359.0,7359.0,7359.0,7359.0,7359.0,7359.0,7359.0,7359.0,7359.0,7359.0,7359.0,7359.0,7359.0,7359.0,7359.0,7359.0,7410.0,7410.0,7410.0,7410.0,7410.0,7410.0,7410.0,7410.0,7410.0,7410.0,7410.0,7410.0,7410.0,7410.0,7410.0,7410.0,7410.0,7410.0,7410.0,7410.0,7410.0,7410.0,7410.0,7410.0,7410.0,7410.0,7410.0,7410.0,7485.0,7500.0,7531.0,7531.0,7531.0,7531.0,7531.0,7531.0,7531.0,7531.0,7531.0,7531.0,7531.0,7531.0,7531.0,7531.0,7593.0,7599.0,7599.0,7599.0,7599.0,7673.0,7731.0,7796.0,7855.0,7855.0,7887.0,7908.0,7908.0,7908.0,7908.0,7908.0,7908.0,7908.0,7908.0,7926.0,7986.0,7986.0,8006.0,8061.0,8061.0,8061.0,8061.0,8061.0,8061.0,8061.0,8061.0,8081.0,8081.0,8081.0,8132.0,8132.0,8192.0,8234.0,8234.0,8234.0,8234.0,8234.0,8234.0,8234.0,8234.0,8234.0,8234.0,8234.0,8234.0,8234.0,8234.0,8234.0,8234.0,8234.0,8234.0,8234.0,8234.0,8234.0,8234.0,8234.0,8234.0,8234.0,8234.0,8234.0,8234.0,8234.0,8234.0,8234.0,8234.0,8234.0,8234.0,8234.0,8234.0,8234.0,8234.0,8234.0,8234.0,8234.0,8234.0,8234.0,8234.0,8234.0,8234.0,8234.0,8234.0,8234.0,8234.0,8234.0,8234.0,8234.0,8234.0,8234.0,8234.0,8234.0,8234.0,8234.0,8234.0,8234.0,8234.0,8234.0,8234.0,8234.0,8234.0,8234.0,8234.0,8234.0,8234.0,8234.0,8234.0,8234.0,8234.0,8234.0,8234.0,8234.0,8234.0,8234.0,8234.0,8234.0,8234.0,8234.0,8234.0,8234.0,8234.0,8234.0,8234.0,8234.0,8234.0,8234.0,8234.0,8234.0,8234.0,8234.0,8234.0,8234.0,8234.0,8234.0,8234.0,8234.0,8234.0,8234.0,8234.0,8234.0,8234.0,8234.0,8234.0,8234.0,8234.0,8234.0,8234.0,8234.0,8234.0,8234.0,8234.0,8234.0,8234.0,8234.0,8234.0,8234.0,8234.0,8234.0,8234.0,8234.0,8234.0,8234.0,8234.0,8234.0,8234.0,8234.0,8234.0,8234.0,8234.0,8234.0,8234.0,8234.0,8234.0,8234.0,8234.0,8234.0,8234.0,8234.0,8234.0,8234.0,8234.0,8234.0,8234.0,8234.0,8234.0,8234.0,8234.0,8234.0,8234.0,8234.0,8234.0,8234.0,8234.0,8234.0,8234.0,8234.0,8234.0,8234.0,8234.0,8234.0,8234.0,8234.0,8234.0,8234.0,8234.0,8234.0,8234.0,8234.0,8234.0,8234.0,8234.0,8234.0,8234.0,8234.0,8234.0,8234.0,8234.0,8234.0,8234.0,8234.0,8234.0,8234.0,8234.0,8234.0,8234.0,8234.0,8234.0,8234.0,8234.0,8234.0,8234.0,8234.0,8234.0,8234.0,8234.0,8234.0,8234.0,8234.0,8234.0,8234.0,8234.0,8234.0,8234.0,8234.0,8234.0,8234.0,8234.0,8234.0,8234.0,8234.0,8234.0,8234.0,8234.0,8234.0,8234.0,8234.0,8234.0,8234.0,8234.0,8234.0,8260.0,8346.0,8445.0,8447.0,8447.0,8447.0,8447.0,8447.0,8447.0,8470.0,8571.0,8571.0,8571.0,8571.0,8571.0,8571.0,8596.0,8596.0,8630.0,8630.0,8630.0,8630.0,8630.0,8630.0,8630.0,8630.0,8630.0,8630.0,8630.0,8630.0,8638.0,8638.0,8638.0,8638.0,8638.0,8638.0,8638.0,8638.0,8638.0,8638.0,8638.0,8638.0,8638.0,8638.0,8638.0,8638.0,8638.0,8638.0,8638.0,8638.0,8638.0,8638.0,8638.0,8638.0,8638.0,8638.0,8638.0,8638.0,8638.0,8638.0,8638.0,8638.0,8638.0,8638.0,8638.0,8638.0,8638.0,8638.0,8638.0,8638.0,8638.0,8638.0,8638.0,8638.0,8638.0,8638.0,8638.0,8638.0,8638.0,8638.0,8638.0,8638.0,8638.0,8638.0,8638.0,8638.0,8638.0,8638.0,8752.0,8834.0,8838.0,8838.0,8838.0,8838.0,8838.0,8838.0,8838.0,8838.0,8838.0,8838.0,8838.0,8838.0,8838.0,8838.0,8838.0,8838.0,8838.0,8838.0,8838.0,8838.0,8838.0,8838.0,8838.0,8838.0,8838.0,8838.0,8838.0,8838.0,8838.0,8838.0,8838.0,8838.0,8838.0,8838.0,8838.0,8838.0,8838.0,8838.0,8838.0,8838.0,8838.0,8838.0,8838.0,8838.0,8838.0,8838.0,8838.0,8838.0,8838.0,8838.0,8838.0,8838.0,8838.0,8838.0,8838.0,8838.0,8838.0,8838.0,8838.0,8838.0,8838.0,8838.0,8838.0,8838.0,8838.0,8838.0,8838.0,8838.0,8838.0,8838.0,8838.0,8838.0,8838.0,8838.0,8838.0,8838.0,8838.0,8838.0,8838.0,8838.0,8838.0,8838.0,8838.0,8838.0,8838.0,8838.0,8838.0,8838.0,8838.0,8838.0,8838.0,8838.0,8838.0,8838.0,8838.0,8838.0,8838.0,8838.0,8838.0,8838.0,8838.0,8838.0,8838.0,8838.0,8838.0,8838.0,8838.0,8838.0,8838.0,8838.0,,,,,,,,,,,,,,,,,,,,,,,,,,,,,,,,,,,,,,,,,,,,,,,,,,,,,,,,,,,,,,,,,,,,,,,,,,,,,,,,,,,,,,,,,,,,,,,,,,,,,,,,,,,,,,,,,,,,,,,,,,,,,,,,,,,,,,,,,,,,,,,,,,,,,,,,,,,,,,,,,,,,,,,,,
2018-07-02,ios,,,,,,,,,,,,,,,,,,,,,,,,,,,,,,,,,,,,,,,,,,,,,,,,,,,,,,,,,,,,,,,,,,,,,,,,,,,,,,,,,,,,,,,,,,,,,,,,,,,,,,,,,,,,,,,,,,,,,,,,,,,,,,,,,,,,,,,,,,,,,,,,,,,,,,,,,,,,,,,,,,,,,,,,,,,,,,,,,,,,,,,,,,,,,,,,,,,,,,,,,,,,,,,,,,,,,,,,,,,,,,,,,,,,,,,,,,,,,,,,,,,,,,,,,,,,,,,,,,,,,,,,,,,,,,,,,,,,,,,,,,,,,,,,,,,,,,,,,,,,,,,,,,,,,,,,,,,,,,,,,,,,,,,,,,,,,,,,,,,,,,,,,,,,,,,,,,,,,,,,,,,,,,,,,,,,,,,,,,,,,,,,,,,,,,,,,,,,,,,,,,,,,,,,,,,,,,,,,,,,,,,,,,,,,,,,,,,,,,,,,,,,,,,,,,,,,,,,,,,,,,,1.0,19.0,19.0,29.0,29.0,29.0,130.0,256.0,371.0,504.0,637.0,764.0,888.0,1016.0,1139.0,1256.0,1380.0,1504.0,1599.0,1657.0,1783.0,1906.0,2038.0,2169.0,2267.0,2267.0,2267.0,2278.0,2296.0,2296.0,2296.0,2296.0,2296.0,2296.0,2296.0,2296.0,2296.0,2296.0,2296.0,2296.0,2296.0,2296.0,2296.0,2296.0,2296.0,2296.0,2296.0,2296.0,2296.0,2296.0,2402.0,2460.0,2527.0,2527.0,2527.0,2527.0,2527.0,2527.0,2527.0,2527.0,2527.0,2527.0,2527.0,2527.0,2527.0,2527.0,2527.0,2527.0,2547.0,2648.0,2772.0,2884.0,3018.0,3154.0,3252.0,3294.0,3333.0,3357.0,3357.0,3357.0,3357.0,3357.0,3357.0,3357.0,3357.0,3357.0,3357.0,3357.0,3357.0,3357.0,3357.0,3357.0,3367.0,3367.0,3444.0,3532.0,3643.0,3764.0,3886.0,3977.0,4098.0,4170.0,4207.0,4210.0,4210.0,4210.0,4210.0,4210.0,4210.0,4210.0,4210.0,4210.0,4210.0,4210.0,4210.0,4210.0,4210.0,4235.0,4313.0,4313.0,4364.0,4479.0,4557.0,4557.0,4557.0,4557.0,4557.0,4557.0,4557.0,4557.0,4557.0,4557.0,4557.0,4557.0,4557.0,4557.0,4557.0,4557.0,4557.0,4557.0,4557.0,4557.0,4557.0,4575.0,4654.0,4778.0,4836.0,4846.0,4854.0,4854.0,4915.0,5029.0,5142.0,5252.0,5345.0,5388.0,5390.0,5390.0,5412.0,5412.0,5412.0,5412.0,5412.0,5495.0,5564.0,5575.0,5586.0,5607.0,5607.0,5615.0,5615.0,5615.0,5615.0,5615.0,5615.0,5625.0,5625.0,5669.0,5684.0,5684.0,5684.0,5684.0,5695.0,5695.0,5695.0,5695.0,5695.0,5695.0,5695.0,5711.0,5715.0,5773.0,5773.0,5786.0,5786.0,5786.0,5786.0,5786.0,5786.0,5786.0,5786.0,5786.0,5786.0,5786.0,5819.0,5819.0,5859.0,5911.0,5960.0,6022.0,6133.0,6251.0,6274.0,6340.0,6340.0,6412.0,6526.0,6645.0,6758.0,6874.0,6996.0,7113.0,7228.0,7340.0,7456.0,7566.0,7683.0,7794.0,7913.0,8025.0,8062.0,8062.0,8062.0,8062.0,8062.0,8062.0,8062.0,8062.0,8062.0,8062.0,8062.0,8062.0,8062.0,8062.0,8062.0,8062.0,8062.0,8062.0,8062.0,8062.0,8062.0,8062.0,8062.0,8062.0,8062.0,8062.0,8062.0,8062.0,8062.0,8062.0,8062.0,8062.0,8062.0,8062.0,8062.0,8062.0,8062.0,8062.0,8062.0,8062.0,8062.0,8062.0,8062.0,8062.0,8062.0,8062.0,8062.0,8062.0,8062.0,8062.0,8062.0,8062.0,8062.0,8062.0,8062.0,8062.0,8062.0,8062.0,8062.0,8062.0,8062.0,8062.0,8062.0,8062.0,8062.0,8062.0,8062.0,8062.0,8062.0,8062.0,8062.0,8062.0,8062.0,8062.0,8062.0,8062.0,8062.0,8062.0,8062.0,8062.0,8062.0,8062.0,8062.0,8062.0,8062.0,8062.0,8062.0,8062.0,8062.0,8062.0,8062.0,8062.0,8062.0,8062.0,8062.0,8062.0,8062.0,8062.0,8062.0,8062.0,8062.0,8062.0,8062.0,8062.0,8062.0,8062.0,8062.0,8073.0,8073.0,8073.0,8073.0,8073.0,8083.0,8151.0,8207.0,8207.0,8207.0,8207.0,8207.0,8207.0,8207.0,8207.0,8229.0,8243.0,8243.0,8243.0,8243.0,8243.0,8243.0,8243.0,8243.0,8243.0,8243.0,8243.0,8243.0,8243.0,8243.0,8243.0,8243.0,8243.0,8243.0,8243.0,8243.0,8243.0,8243.0,8243.0,8243.0,8243.0,8243.0,8243.0,8243.0,8243.0,8243.0,8243.0,8243.0,8243.0,8243.0,8243.0,8243.0,8243.0,8243.0,8243.0,8259.0,8259.0,8259.0,8259.0,8259.0,8259.0,8259.0,8259.0,8300.0,8313.0,8314.0,8314.0,8314.0,8314.0,8314.0,8314.0,8314.0,8314.0,8314.0,8314.0,8319.0,8335.0,8343.0,8343.0,8343.0,8343.0,8343.0,8343.0,8417.0,8435.0,8435.0,8454.0,8454.0,8454.0,8454.0,8454.0,8454.0,8454.0,8454.0,8454.0,8463.0,8463.0,8463.0,8463.0,8463.0,8463.0,8463.0,8463.0,8463.0,8463.0,8463.0,8463.0,8463.0,8463.0,8463.0,8463.0,8463.0,8463.0,8463.0,8463.0,8463.0,8498.0,8584.0,8660.0,8743.0,8778.0,8778.0,8778.0,8778.0,8814.0,8814.0,8856.0,8885.0,8885.0,8885.0,8885.0,8885.0,8885.0,8885.0,8885.0,8885.0,8885.0,8885.0,8885.0,8885.0,8885.0,8885.0,8909.0,8909.0,8909.0,8909.0,8909.0,8909.0,8909.0,8909.0,8918.0,8974.0,9037.0,9086.0,9086.0,9086.0,9160.0,9160.0,9160.0,9160.0,9160.0,9160.0,9160.0,9160.0,9160.0,9160.0,9194.0,9270.0,9324.0,9324.0,9324.0,9324.0,9332.0,9332.0,9338.0,9346.0,9374.0,9374.0,9374.0,9387.0,9387.0,9387.0,9387.0,9387.0,9387.0,9387.0,9387.0,9387.0,9387.0,9387.0,9387.0,9387.0,9414.0,9414.0,9414.0,9414.0,9509.0,9568.0,9568.0,9690.0,9764.0,9764.0,9764.0,9764.0,9764.0,9764.0,9764.0,9764.0,9773.0,9773.0,9773.0,9773.0,9773.0,9773.0,9773.0,9773.0,9773.0,9773.0,9773.0,,,,,,,,,,,,,,,,,,,,,,,,,,,,,,,,,,,,,,,,,,,,,,,,,,,,,,,,,,,,,,,,,,,,,,,,,,,,,,,,,,,,,,,,,,,,,,,,,,,,,,,,,,,,,,,,,,,,,,,,,,,,,,,,,,,,,,,,,,,,,,,,,,,,,,,,,,,,,,,,,,,,,,,,,,,,,,,,,,,,,,,,,,,,,,,,,,,,,,,,,,,,,,,,,,,,,,,,,,,,,,,,,,,,,,,,,,,,,,,,,,,,,,,,,,,,,,,,,,,,,,,,,,,,,,,,,,,,,,,,,,,,,,,,,,,,,,,,,,,,,,,,,,,,,,,,,,,,,,,,,,,,,,,,,,,,,,,,,,,,,,,,,,,,,,,,,,,,,,,,,,,,,,,,,,,,,,,,,,,,,,,,,,,,,,,,,,,,,,,,,,,,,,,,,,,,,,,,,,,,,,
2018-07-03,ios,,,,,,,,,,,,,,,,,,,,,,,,,,,,,,,,,,,,,,,,,,,,,,,,,,,,,,,,,,,,,,,,,,,,,,,,,,,,,,,,,,,,,,,,,,,,,,,,,,,,,,,,,,,,,,,,,,,,,,,,,,,,,,,,,,,,,,,,,,,,,,,,,,,,,,,,,,,,,,,,,,,,,,,,,,,,,,,,,,,,,,,,,,,,,,,,,,,,,,,,,,,,,,,,,,,,,,,,,,,,,,,,,,,,,,,,,,,,,,,,,,,,,,,,,,,,,,,,,,,,,,,,,,,,,,,,,,,,,,,,,,,,,,,,,,,,,,,,,,,,,,,,,,,,,,,,,,,,,,,,,,,,,,,,,,,,,,,,,,,,,,,,,,,,,,,,,,,,,,,,,,,,,,,,,,,,,,,,,,,,,,,,,,,,,,,,,,,,,,,,,,,,,,,,,,,,,,,,,,,,,,,,,,,,,,,,,,,,,,,,,,,,,,,,,,,,,,,,,,,,,,,,,,,,,,,,,,,,,,,,,,,,,,,,,,,,,,,,,,,,,,,13.0,13.0,13.0,13.0,24.0,90.0,174.0,226.0,226.0,226.0,226.0,226.0,226.0,226.0,226.0,228.0,293.0,293.0,293.0,293.0,293.0,293.0,293.0,293.0,293.0,293.0,293.0,293.0,293.0,293.0,293.0,293.0,293.0,293.0,293.0,293.0,293.0,293.0,293.0,293.0,293.0,293.0,293.0,293.0,293.0,293.0,293.0,293.0,293.0,293.0,293.0,293.0,293.0,293.0,293.0,293.0,293.0,293.0,293.0,293.0,293.0,293.0,293.0,293.0,293.0,293.0,293.0,293.0,293.0,293.0,293.0,293.0,293.0,293.0,293.0,293.0,293.0,293.0,293.0,293.0,293.0,293.0,293.0,293.0,293.0,293.0,293.0,293.0,293.0,293.0,293.0,293.0,293.0,293.0,293.0,293.0,293.0,293.0,293.0,293.0,293.0,293.0,293.0,293.0,293.0,293.0,293.0,293.0,293.0,293.0,293.0,293.0,293.0,293.0,293.0,293.0,293.0,293.0,293.0,293.0,293.0,293.0,293.0,293.0,293.0,293.0,293.0,293.0,293.0,293.0,293.0,293.0,293.0,293.0,293.0,293.0,293.0,293.0,293.0,293.0,293.0,293.0,293.0,293.0,293.0,293.0,293.0,293.0,293.0,293.0,293.0,293.0,293.0,293.0,293.0,293.0,293.0,293.0,293.0,293.0,293.0,293.0,293.0,293.0,293.0,293.0,293.0,293.0,293.0,293.0,293.0,293.0,293.0,293.0,293.0,293.0,293.0,293.0,293.0,293.0,293.0,293.0,293.0,293.0,293.0,293.0,293.0,293.0,293.0,293.0,293.0,293.0,293.0,293.0,293.0,293.0,293.0,293.0,293.0,293.0,293.0,293.0,293.0,293.0,293.0,293.0,293.0,293.0,293.0,293.0,293.0,293.0,293.0,311.0,316.0,331.0,331.0,331.0,331.0,331.0,331.0,331.0,331.0,412.0,510.0,605.0,723.0,828.0,828.0,828.0,828.0,828.0,828.0,854.0,967.0,1076.0,1179.0,1275.0,1362.0,1417.0,1418.0,1429.0,1429.0,1455.0,1455.0,1455.0,1455.0,1455.0,1455.0,1455.0,1455.0,1455.0,1455.0,1455.0,1455.0,1455.0,1455.0,1455.0,1455.0,1455.0,1455.0,1455.0,1455.0,1455.0,1455.0,1455.0,1455.0,1455.0,1455.0,1455.0,1455.0,1455.0,1455.0,1455.0,1455.0,1455.0,1455.0,1455.0,1455.0,1455.0,1455.0,1455.0,1455.0,1455.0,1455.0,1455.0,1455.0,1455.0,1455.0,1455.0,1455.0,1455.0,1455.0,1455.0,1455.0,1455.0,1455.0,1455.0,1455.0,1455.0,1455.0,1455.0,1455.0,1455.0,1455.0,1455.0,1455.0,1455.0,1455.0,1455.0,1455.0,1455.0,1455.0,1455.0,1455.0,1455.0,1455.0,1455.0,1455.0,1472.0,1472.0,1487.0,1487.0,1487.0,1487.0,1487.0,1487.0,1487.0,1487.0,1487.0,1487.0,1511.0,1554.0,1584.0,1594.0,1594.0,1602.0,1602.0,1633.0,1718.0,1718.0,1718.0,1718.0,1718.0,1718.0,1718.0,1718.0,1745.0,1745.0,1745.0,1745.0,1745.0,1745.0,1745.0,1745.0,1745.0,1745.0,1745.0,1745.0,1745.0,1745.0,1745.0,1745.0,1745.0,1745.0,1745.0,1745.0,1745.0,1745.0,1745.0,1745.0,1745.0,1745.0,1745.0,1745.0,1745.0,1745.0,1745.0,1745.0,1745.0,1745.0,1745.0,1745.0,1745.0,1745.0,1745.0,1745.0,1745.0,1745.0,1745.0,1745.0,1745.0,1745.0,1745.0,1745.0,1745.0,1745.0,1745.0,1745.0,1745.0,1745.0,1745.0,1745.0,1745.0,1745.0,1745.0,1745.0,1745.0,1745.0,1745.0,1745.0,1745.0,1745.0,1745.0,1745.0,1745.0,1745.0,1745.0,1745.0,1745.0,1745.0,1745.0,1745.0,1745.0,1745.0,1745.0,1745.0,1745.0,1745.0,1745.0,1745.0,1745.0,1745.0,1745.0,1745.0,1745.0,1745.0,1745.0,1745.0,1745.0,1745.0,1745.0,1745.0,1745.0,1745.0,1745.0,1745.0,1745.0,1745.0,1745.0,1745.0,1745.0,1745.0,1745.0,1745.0,1745.0,1745.0,1745.0,1745.0,1745.0,1745.0,1745.0,1745.0,1745.0,1745.0,1745.0,1745.0,1745.0,1745.0,1745.0,1745.0,1745.0,1745.0,1745.0,1745.0,1745.0,1745.0,1745.0,1745.0,1745.0,1745.0,1745.0,1745.0,1745.0,1745.0,1745.0,1745.0,1745.0,1745.0,1745.0,1745.0,1745.0,1745.0,1745.0,1745.0,1745.0,1745.0,1745.0,1745.0,1745.0,1745.0,1745.0,1745.0,1745.0,1745.0,1745.0,1745.0,1745.0,1745.0,1745.0,1745.0,1745.0,1745.0,1745.0,1745.0,1745.0,1745.0,1745.0,1745.0,1745.0,1745.0,1768.0,1768.0,1768.0,1768.0,1768.0,1768.0,1768.0,1778.0,1778.0,1778.0,1778.0,1778.0,1778.0,1778.0,1778.0,1778.0,1778.0,1778.0,1778.0,1778.0,1778.0,1778.0,1778.0,1778.0,1778.0,1778.0,1778.0,1778.0,1778.0,1778.0,1778.0,1778.0,1778.0,1778.0,1778.0,1830.0,1830.0,1830.0,1830.0,1830.0,1830.0,1830.0,1830.0,1830.0,1830.0,1837.0,1938.0,2031.0,2056.0,2067.0,2067.0,2067.0,2067.0,2067.0,2067.0,2067.0,2067.0,2067.0,2067.0,2067.0,2067.0,2067.0,2067.0,2067.0,2067.0,2067.0,2067.0,2067.0,2067.0,2067.0,2067.0,2067.0,2067.0,2067.0,2067.0,2067.0,2067.0,2067.0,2067.0,2067.0,2067.0,2067.0,2067.0,2067.0,2067.0,2067.0,2067.0,2067.0,2067.0,2067.0,2067.0,2067.0,2067.0,2067.0,2067.0,2067.0,2067.0,2067.0,2067.0,2067.0,2067.0,2067.0,2067.0,2067.0,2067.0,2067.0,2067.0,2067.0,2067.0,2067.0,2067.0,2067.0,2067.0,2067.0,2067.0,2067.0,2067.0,2067.0,2067.0,2067.0,2067.0,2067.0,2067.0,2067.0,2067.0,2067.0,2067.0,2067.0,2067.0,2067.0,2067.0,2067.0,2067.0,2124.0,2212.0,2212.0,2212.0,2219.0,2230.0,2230.0,2243.0,2243.0,2243.0,2243.0,2243.0,2243.0,2313.0,2331.0,2331.0,2347.0,2355.0,2355.0,2370.0,2370.0,2370.0,2370.0,2370.0,2370.0,2393.0,2486.0,2569.0,2635.0,2746.0,2886.0,3032.0,3195.0,3359.0,3487.0,3653.0,3820.0,3981.0,4147.0,4301.0,4369.0,4532.0,4679.0,4817.0,4978.0,5144.0,5316.0,5483.0,5653.0,5823.0,5988.0,6148.0,6319.0,6475.0,6646.0,6805.0,6965.0,7062.0,7225.0,7374.0,7536.0,7674.0,7846.0,8009.0,8173.0,8329.0,8490.0,8645.0,8811.0,8972.0,9118.0,9218.0,9379.0,9542.0,9708.0,9878.0,10047.0,10218.0,10388.0,10555.0,10728.0,10894.0,11052.0,11219.0,11384.0,11512.0,11658.0,11826.0,11997.0,12170.0,12340.0,12510.0,12676.0,12852.0,13007.0,13173.0,13330.0,13496.0,13665.0,13803.0,13826.0,13826.0,13826.0,13826.0,13826.0,13826.0,13826.0,13826.0,13826.0,13826.0,13888.0,13916.0,13916.0,13916.0,13916.0,13916.0,13921.0,13974.0,13974.0,13974.0,13974.0,13974.0,13974.0,14005.0,14096.0,14096.0,14096.0,14096.0,14096.0,14096.0,14096.0,14106.0,14128.0,14143.0,14143.0,14143.0,14143.0,14143.0,14143.0,14143.0,14143.0,14143.0,14143.0,14143.0,,,,,,,,,,,,,,,,,,,,,,,,,,,,,,,,,,,,,,,,,,,,,,,,,,,,,,,,,,,,,,,,,,,,,,,,,,,,,,,,,,,,,,,,,,,,,,,,,,,,,,,,,,,,,,,,,,,,,,,,,,,,,,,,,,,,,,,,,,,,
2018-07-04,ios,,,,,,,,,,,,,,,,,,,,,,,,,,,,,,,,,,,,,,,,,,,,,,,,,,,,,,,,,,,,,,,,,,,,,,,,,,,,,,,,,,,,,,,,,,,,,,,,,,,,,,,,,,,,,,,,,,,,,,,,,,,,,,,,,,,,,,,,,,,,,,,,,,,,,,,,,,,,,,,,,,,,,,,,,,,,,,,,,,,,,,,,,,,,,,,,,,,,,,,,,,,,,,,,,,,,,,,,,,,,,,,,,,,,,,,,,,,,,,,,,,,,,,,,,,,,,,,,,,,,,,,,,,,,,,,,,,,,,,,,,,,,,,,,,,,,,,,,,,,,,,,,,,,,,,,,,,,,,,,,,,,,,,,,,,,,,,,,,,,,,,,,,,,,,,,,,,,,,,,,,,,,,,,,,,,,,,,,,,,,,,,,,,,,,,,,,,,,,,,,,,,,,,,,,,,,,,,,,,,,,,,,,,,,,,,,,,,,,,,,18.0,18.0,18.0,18.0,18.0,18.0,18.0,18.0,18.0,18.0,18.0,18.0,18.0,18.0,18.0,18.0,18.0,18.0,18.0,18.0,18.0,18.0,57.0,57.0,57.0,57.0,57.0,57.0,57.0,57.0,57.0,57.0,57.0,57.0,57.0,57.0,57.0,57.0,57.0,65.0,65.0,65.0,65.0,65.0,65.0,65.0,65.0,65.0,65.0,65.0,65.0,65.0,65.0,65.0,65.0,65.0,65.0,65.0,65.0,84.0,112.0,141.0,230.0,303.0,303.0,303.0,303.0,303.0,303.0,303.0,303.0,303.0,303.0,303.0,347.0,347.0,347.0,347.0,347.0,347.0,347.0,347.0,347.0,347.0,347.0,347.0,347.0,347.0,347.0,347.0,347.0,347.0,347.0,347.0,347.0,347.0,347.0,347.0,347.0,347.0,347.0,347.0,347.0,347.0,347.0,347.0,347.0,347.0,347.0,347.0,347.0,347.0,347.0,347.0,347.0,347.0,347.0,347.0,347.0,347.0,347.0,347.0,347.0,347.0,347.0,347.0,347.0,347.0,347.0,347.0,347.0,347.0,347.0,347.0,347.0,347.0,347.0,347.0,347.0,347.0,347.0,347.0,347.0,347.0,347.0,347.0,347.0,347.0,347.0,347.0,347.0,347.0,347.0,347.0,347.0,347.0,347.0,347.0,347.0,347.0,347.0,347.0,347.0,347.0,347.0,347.0,347.0,347.0,347.0,347.0,347.0,347.0,347.0,347.0,347.0,347.0,347.0,347.0,347.0,347.0,347.0,347.0,347.0,347.0,347.0,347.0,347.0,347.0,347.0,347.0,347.0,347.0,347.0,347.0,347.0,347.0,347.0,347.0,347.0,347.0,347.0,347.0,347.0,347.0,347.0,347.0,347.0,347.0,347.0,347.0,347.0,347.0,347.0,347.0,347.0,347.0,347.0,347.0,347.0,347.0,347.0,347.0,347.0,347.0,347.0,347.0,347.0,347.0,347.0,347.0,347.0,347.0,347.0,347.0,347.0,347.0,347.0,347.0,347.0,347.0,347.0,347.0,347.0,347.0,347.0,347.0,347.0,347.0,347.0,347.0,372.0,405.0,405.0,434.0,483.0,483.0,483.0,483.0,483.0,483.0,483.0,483.0,483.0,483.0,483.0,483.0,483.0,483.0,483.0,483.0,483.0,483.0,483.0,483.0,483.0,483.0,483.0,483.0,483.0,483.0,483.0,483.0,483.0,483.0,483.0,483.0,483.0,483.0,483.0,483.0,483.0,483.0,483.0,483.0,483.0,483.0,483.0,483.0,581.0,628.0,689.0,725.0,725.0,725.0,725.0,725.0,725.0,725.0,725.0,725.0,725.0,725.0,725.0,725.0,725.0,725.0,725.0,725.0,725.0,733.0,733.0,733.0,733.0,733.0,733.0,733.0,749.0,756.0,756.0,756.0,756.0,756.0,756.0,756.0,782.0,805.0,805.0,805.0,849.0,849.0,872.0,884.0,884.0,884.0,884.0,884.0,884.0,903.0,925.0,925.0,927.0,945.0,945.0,945.0,957.0,957.0,957.0,957.0,957.0,957.0,968.0,976.0,976.0,976.0,976.0,1013.0,1040.0,1127.0,1199.0,1260.0,1329.0,1343.0,1343.0,1343.0,1343.0,1343.0,1343.0,1343.0,1343.0,1343.0,1343.0,1343.0,1343.0,1369.0,1369.0,1369.0,1369.0,1369.0,1369.0,1369.0,1369.0,1369.0,1369.0,1369.0,1369.0,1369.0,1387.0,1387.0,1387.0,1387.0,1437.0,1440.0,1453.0,1453.0,1453.0,1453.0,1453.0,1453.0,1453.0,1453.0,1453.0,1453.0,1453.0,1502.0,1533.0,1533.0,1533.0,1533.0,1533.0,1539.0,1541.0,1541.0,1541.0,1561.0,1561.0,1574.0,1620.0,1661.0,1758.0,1859.0,1901.0,1969.0,1986.0,1993.0,2002.0,2002.0,2002.0,2002.0,2002.0,2002.0,2002.0,2002.0,2002.0,2002.0,2002.0,2002.0,2002.0,2002.0,2002.0,2002.0,2002.0,2002.0,2002.0,2002.0,2002.0,2002.0,2002.0,2002.0,2002.0,2002.0,2002.0,2002.0,2002.0,2002.0,2002.0,2002.0,2002.0,2002.0,2002.0,2002.0,2002.0,2002.0,2002.0,2002.0,2002.0,2002.0,2002.0,2002.0,2002.0,2002.0,2002.0,2002.0,2002.0,2063.0,2096.0,2172.0,2189.0,2189.0,2199.0,2200.0,2200.0,2200.0,2247.0,2282.0,2282.0,2282.0,2282.0,2282.0,2282.0,2282.0,2282.0,2282.0,2313.0,2313.0,2313.0,2313.0,2313.0,2313.0,2325.0,2325.0,2325.0,2346.0,2364.0,2387.0,2387.0,2387.0,2423.0,2445.0,2462.0,2462.0,2482.0,2535.0,2536.0,2555.0,2579.0,2579.0,2586.0,2602.0,2637.0,2638.0,2660.0,2660.0,2660.0,2660.0,2660.0,2682.0,2682.0,2682.0,2682.0,2682.0,2682.0,2690.0,2732.0,2800.0,2808.0,2808.0,2808.0,2855.0,2899.0,2946.0,2946.0,2946.0,2946.0,2946.0,2946.0,2946.0,2946.0,2946.0,2946.0,2946.0,2946.0,2946.0,2946.0,2946.0,2946.0,2946.0,2946.0,2946.0,2946.0,2946.0,2946.0,2946.0,2946.0,2946.0,2946.0,2946.0,2946.0,2946.0,2946.0,2946.0,2946.0,2946.0,2946.0,2946.0,2946.0,2946.0,2946.0,2946.0,2946.0,2946.0,2946.0,2946.0,2946.0,2946.0,2946.0,2946.0,2946.0,2971.0,3003.0,3003.0,3003.0,3003.0,3003.0,3003.0,3003.0,3003.0,3003.0,3003.0,3003.0,3003.0,3003.0,3003.0,3003.0,3003.0,3003.0,3003.0,3003.0,3003.0,3003.0,3003.0,3003.0,3003.0,3003.0,3003.0,3003.0,3003.0,3003.0,3003.0,3003.0,3003.0,3003.0,3003.0,3003.0,3003.0,3003.0,3003.0,3003.0,3003.0,3003.0,3003.0,3003.0,3003.0,3003.0,3003.0,3003.0,3003.0,3003.0,3003.0,3003.0,3003.0,3003.0,3003.0,3003.0,3003.0,3003.0,3003.0,3003.0,3003.0,3003.0,3076.0,3199.0,3323.0,3442.0,3564.0,3641.0,3724.0,3748.0,3765.0,3788.0,3788.0,3788.0,3788.0,3821.0,3823.0,3823.0,3823.0,3823.0,3823.0,3823.0,3823.0,3823.0,3823.0,3823.0,3823.0,3823.0,3823.0,3823.0,3823.0,3823.0,3823.0,3823.0,3823.0,3823.0,3823.0,3823.0,3823.0,3823.0,3823.0,3823.0,3823.0,3823.0,3823.0,3823.0,3823.0,3823.0,3823.0,3823.0,3823.0,3823.0,3823.0,3823.0,3823.0,3823.0,3823.0,3823.0,3823.0,3823.0,3823.0,3823.0,3823.0,3823.0,3823.0,3823.0,3823.0,3823.0,3823.0,3823.0,3823.0,3823.0,3823.0,3823.0,3823.0,3823.0,3823.0,3823.0,3823.0,3823.0,3823.0,3823.0,3823.0,3823.0,3823.0,3823.0,3823.0,3823.0,3823.0,3921.0,4037.0,4146.0,4263.0,4376.0,4491.0,4605.0,4690.0,4690.0,4690.0,4690.0,4690.0,4690.0,4690.0,4707.0,4707.0,4707.0,4707.0,4707.0,4707.0,4707.0,4707.0,4707.0,4707.0,4707.0,4707.0,4707.0,4707.0,4707.0,4707.0,4707.0,4707.0,4707.0,4707.0,4707.0,4707.0,4707.0,4707.0,4707.0,4707.0,4707.0,4707.0,4707.0,4707.0,4722.0,4746.0,4746.0,4746.0,4746.0,4746.0,4746.0,4746.0,4746.0,4746.0,4746.0,4746.0,4746.0,4746.0,4746.0,4746.0,4746.0,4746.0,4757.0,4757.0,4757.0,4773.0,4784.0,4784.0,4784.0,4795.0,4840.0,4870.0,4870.0,4887.0,4890.0,4919.0,4926.0,4947.0,4947.0,4947.0,4947.0,4947.0,4947.0,4947.0,4947.0,4947.0,4947.0,4947.0,4947.0,4947.0,4947.0,4947.0,4947.0,4947.0,4947.0,4947.0,4947.0,4947.0,4947.0,4947.0,4947.0,4947.0,4965.0,4965.0,4965.0,4965.0,4980.0,5006.0,5006.0,5058.0,5058.0,5058.0,5072.0,5079.0,5196.0,5287.0,5288.0,5336.0,5336.0,5336.0,5336.0,5336.0,5336.0,5336.0,5336.0,5336.0,5336.0,5336.0,5336.0,5366.0,5366.0,5366.0,5366.0,5366.0,5366.0,5366.0,5366.0,5366.0,5366.0,5366.0,5366.0,5366.0,5366.0,5366.0,5366.0,5366.0,5366.0,5366.0,5366.0,5366.0,5366.0,5366.0,5366.0,5366.0,5366.0,5366.0,5366.0,5366.0,5366.0,5366.0,5381.0,5381.0,5381.0,5381.0,5381.0,5381.0,5381.0,5381.0,5381.0,5381.0,5381.0,5381.0,5381.0,5381.0,5381.0,5381.0,5381.0,5381.0,5381.0,5381.0,5381.0,5400.0,5400.0,5400.0,5400.0,5400.0,5400.0,5400.0,5400.0,5400.0,5400.0,5400.0,5400.0,5400.0,5400.0,,,,,,,,,,,,,,,,,,,,,,,,,,,,,,,,,,,,,,,,,,,,,,,,,,,,,,,,,,,,
2018-07-05,ios,,,,,,,,,,,,,,,,,,,,,,,,,,,,,,,,,,,,,,,,,,,,,,,,,,,,,,,,,,,,,,,,,,,,,,,,,,,,,,,,,,,,,,,,,,,,,,,,,,,,,,,,,,,,,,,,,,,,,,,,,,,,,,,,,,,,,,,,,,,,,,,,,,,,,,,,,,,,,,,,,,,,,,,,,,,,,,,,,,,,,,,,,,,,,,,,,,,,,,,,,,,,,,,,,,,,,,,,,,,,,,,,,,,,,,,,,,,,,,,,,,,,,,,,,,,,,,,,,,,,,,,,,,,,,,,,,,,,,,,,,,,,,,,,,,,,,,,,,,,,,,,,,,,,,,,,,,,,,,,,,,,,,,,,,,,,,,,,,,,,,,,,,,,,,,,,,,,,,,,,,,,,,,,,,,,,,,,,,,,,,,,,,,,,,,,,,,,,,,,,,,,,,,,,,,,,,,,,,,,,,,,,,,,,,,,,,,,,,,,,,,,,,,,,,1.0,48.0,48.0,48.0,69.0,69.0,69.0,69.0,69.0,69.0,69.0,78.0,109.0,109.0,109.0,109.0,109.0,109.0,109.0,109.0,109.0,109.0,109.0,109.0,109.0,109.0,109.0,109.0,109.0,109.0,109.0,109.0,109.0,109.0,109.0,109.0,109.0,109.0,109.0,109.0,109.0,109.0,109.0,109.0,109.0,109.0,109.0,109.0,109.0,109.0,109.0,109.0,109.0,109.0,109.0,109.0,109.0,109.0,109.0,109.0,109.0,109.0,109.0,109.0,109.0,109.0,109.0,109.0,109.0,109.0,109.0,109.0,109.0,109.0,109.0,109.0,109.0,109.0,109.0,109.0,123.0,133.0,179.0,300.0,306.0,306.0,306.0,306.0,306.0,306.0,306.0,306.0,306.0,333.0,333.0,333.0,333.0,333.0,333.0,333.0,333.0,333.0,333.0,333.0,333.0,333.0,333.0,333.0,333.0,333.0,357.0,397.0,397.0,416.0,442.0,469.0,577.0,701.0,827.0,953.0,1045.0,1045.0,1045.0,1045.0,1045.0,1045.0,1045.0,1045.0,1045.0,1045.0,1045.0,1045.0,1045.0,1045.0,1045.0,1045.0,1045.0,1045.0,1060.0,1075.0,1075.0,1075.0,1075.0,1075.0,1075.0,1075.0,1075.0,1075.0,1075.0,1075.0,1075.0,1075.0,1075.0,1075.0,1075.0,1075.0,1102.0,1109.0,1109.0,1109.0,1109.0,1109.0,1109.0,1109.0,1109.0,1109.0,1109.0,1146.0,1269.0,1389.0,1511.0,1631.0,1736.0,1767.0,1800.0,1850.0,1883.0,1883.0,1883.0,1883.0,1883.0,1883.0,1883.0,1883.0,1883.0,1883.0,1883.0,1883.0,1883.0,1883.0,1883.0,1883.0,1883.0,1883.0,1883.0,1883.0,1883.0,1883.0,1883.0,1883.0,1883.0,1883.0,1883.0,1883.0,1883.0,1883.0,1883.0,1883.0,1883.0,1883.0,1883.0,1883.0,1950.0,2010.0,2010.0,2010.0,2010.0,2010.0,2010.0,2010.0,2010.0,2010.0,2010.0,2010.0,2010.0,2010.0,2010.0,2010.0,2010.0,2010.0,2010.0,2010.0,2010.0,2010.0,2010.0,2010.0,2010.0,2010.0,2010.0,2010.0,2010.0,2010.0,2010.0,2010.0,2010.0,2010.0,2010.0,2010.0,2010.0,2010.0,2010.0,2010.0,2010.0,2010.0,2010.0,2010.0,2010.0,2010.0,2010.0,2010.0,2010.0,2010.0,2010.0,2010.0,2010.0,2010.0,2010.0,2010.0,2010.0,2010.0,2010.0,2010.0,2010.0,2010.0,2010.0,2010.0,2010.0,2010.0,2010.0,2010.0,2010.0,2010.0,2010.0,2010.0,2010.0,2010.0,2010.0,2010.0,2010.0,2058.0,2161.0,2282.0,2400.0,2472.0,2521.0,2530.0,2570.0,2570.0,2570.0,2570.0,2570.0,2570.0,2570.0,2570.0,2570.0,2570.0,2570.0,2570.0,2570.0,2570.0,2570.0,2612.0,2684.0,2792.0,2908.0,3024.0,3132.0,3185.0,3190.0,3193.0,3219.0,3219.0,3219.0,3219.0,3219.0,3219.0,3219.0,3219.0,3219.0,3219.0,3219.0,3219.0,3219.0,3219.0,3219.0,3219.0,3219.0,3219.0,3219.0,3219.0,3219.0,3219.0,3219.0,3219.0,3219.0,3219.0,3219.0,3219.0,3219.0,3219.0,3219.0,3219.0,3219.0,3219.0,3219.0,3219.0,3219.0,3219.0,3219.0,3219.0,3219.0,3219.0,3219.0,3219.0,3219.0,3219.0,3219.0,3219.0,3219.0,3219.0,3219.0,3219.0,3219.0,3219.0,3219.0,3219.0,3219.0,3219.0,3219.0,3219.0,3219.0,3219.0,3219.0,3219.0,3219.0,3219.0,3219.0,3219.0,3219.0,3219.0,3219.0,3219.0,3219.0,3219.0,3219.0,3219.0,3219.0,3219.0,3219.0,3219.0,3219.0,3219.0,3219.0,3219.0,3219.0,3219.0,3219.0,3219.0,3219.0,3219.0,3219.0,3219.0,3219.0,3219.0,3219.0,3219.0,3219.0,3219.0,3219.0,3219.0,3219.0,3219.0,3219.0,3219.0,3219.0,3219.0,3219.0,3219.0,3219.0,3219.0,3219.0,3219.0,3219.0,3219.0,3219.0,3219.0,3219.0,3219.0,3219.0,3219.0,3219.0,3219.0,3219.0,3219.0,3219.0,3219.0,3219.0,3219.0,3219.0,3219.0,3219.0,3219.0,3219.0,3219.0,3219.0,3219.0,3219.0,3219.0,3219.0,3219.0,3219.0,3219.0,3219.0,3219.0,3219.0,3219.0,3219.0,3219.0,3219.0,3219.0,3219.0,3219.0,3219.0,3219.0,3219.0,3219.0,3219.0,3219.0,3219.0,3219.0,3219.0,3219.0,3219.0,3219.0,3219.0,3219.0,3219.0,3219.0,3219.0,3219.0,3219.0,3219.0,3219.0,3219.0,3219.0,3219.0,3219.0,3219.0,3219.0,3219.0,3219.0,3219.0,3219.0,3219.0,3219.0,3219.0,3219.0,3219.0,3219.0,3219.0,3219.0,3219.0,3219.0,3219.0,3219.0,3219.0,3219.0,3219.0,3219.0,3219.0,3219.0,3219.0,3219.0,3219.0,3219.0,3219.0,3219.0,3226.0,3330.0,3398.0,3398.0,3450.0,3450.0,3450.0,3450.0,3450.0,3450.0,3450.0,3563.0,3617.0,3633.0,3682.0,3682.0,3695.0,3780.0,3860.0,3932.0,3993.0,4061.0,4104.0,4104.0,4104.0,4104.0,4104.0,4137.0,4225.0,4225.0,4225.0,4225.0,4313.0,4341.0,4341.0,4341.0,4341.0,4341.0,4341.0,4341.0,4341.0,4341.0,4413.0,4478.0,4571.0,4575.0,4575.0,4575.0,4575.0,4575.0,4575.0,4575.0,4575.0,4575.0,4575.0,4575.0,4575.0,4575.0,4575.0,4575.0,4575.0,4575.0,4575.0,4575.0,4575.0,4575.0,4575.0,4575.0,4575.0,4575.0,4575.0,4575.0,4575.0,4575.0,4575.0,4575.0,4575.0,4575.0,4575.0,4575.0,4575.0,4575.0,4575.0,4575.0,4575.0,4580.0,4668.0,4751.0,4751.0,4751.0,4751.0,4818.0,4845.0,4870.0,4870.0,4870.0,4870.0,4870.0,4870.0,4870.0,4870.0,4870.0,4899.0,4899.0,4911.0,4911.0,4911.0,4911.0,4911.0,4911.0,4911.0,4939.0,4940.0,4940.0,4940.0,4940.0,4940.0,4940.0,4940.0,4943.0,4972.0,4972.0,4972.0,4972.0,4972.0,4972.0,4972.0,4972.0,4972.0,4972.0,4972.0,4972.0,4972.0,4972.0,4972.0,4972.0,4972.0,4972.0,4972.0,4972.0,4972.0,4972.0,4972.0,4972.0,4972.0,4972.0,4972.0,4972.0,4972.0,4972.0,4972.0,4972.0,4972.0,4972.0,4972.0,4972.0,4972.0,4972.0,4972.0,4972.0,4972.0,4972.0,4972.0,4972.0,4972.0,4972.0,4972.0,4972.0,4978.0,4978.0,4978.0,4978.0,4978.0,4978.0,4978.0,4978.0,4978.0,4978.0,4978.0,4978.0,4978.0,4978.0,4978.0,4978.0,4978.0,4978.0,5047.0,5071.0,5071.0,5071.0,5071.0,5071.0,5071.0,5071.0,5071.0,5092.0,5165.0,5248.0,5263.0,5263.0,5283.0,5297.0,5297.0,5297.0,5297.0,5297.0,5297.0,5297.0,5297.0,5297.0,5297.0,5297.0,5297.0,5297.0,5297.0,5297.0,5297.0,5297.0,5297.0,5297.0,5297.0,5297.0,5297.0,5297.0,5297.0,5297.0,5297.0,5297.0,5297.0,5297.0,5297.0,5297.0,5297.0,5297.0,5297.0,5297.0,5297.0,5297.0,5297.0,5297.0,5297.0,5297.0,5297.0,5297.0,5297.0,5297.0,5297.0,5297.0,5297.0,5297.0,5297.0,5297.0,5297.0,5321.0,5416.0,5507.0,5507.0,5507.0,5507.0,5507.0,5507.0,5507.0,5507.0,5507.0,5507.0,5563.0,5657.0,5742.0,5756.0,5767.0,5767.0,5767.0,5767.0,5767.0,5837.0,5926.0,5926.0,5926.0,6031.0,6093.0,6093.0,6108.0,6108.0,6108.0,6108.0,6108.0,6108.0,6108.0,6108.0,6108.0,6108.0,6108.0,6108.0,6108.0,6108.0,6108.0,6108.0,6108.0,6108.0,6108.0,6108.0,6108.0,6108.0,6108.0,6108.0,6108.0,6108.0,6108.0,6108.0,6108.0,6108.0,6108.0,6108.0,6108.0,6108.0,6108.0,6108.0,6130.0,6153.0,6153.0,6153.0,6153.0,6153.0,6153.0,6153.0,6153.0,6153.0,6153.0,6153.0,6153.0,6153.0,6153.0,6153.0,6173.0,6173.0,6173.0,6173.0,6173.0,6173.0,6173.0,6173.0,6173.0,6173.0,6173.0,6173.0,6173.0,6173.0,6173.0,6173.0,6173.0,,,,,,,,,,,,,,,,,,,,,,,,,,,,,,,,,,,,,,,,,,,,,,,,,,,,,,,,,,,,,,,,,,,,,,,,,,,,,,,,,,,,,,,,,,,,,,,,,,,,,,,,,,,,,,,,,,,
2018-07-06,ios,,,,,,,,,,,,,,,,,,,,,,,,,,,,,,,,,,,,,,,,,,,,,,,,,,,,,,,,,,,,,,,,,,,,,,,,,,,,,,,,,,,,,,,,,,,,,,,,,,,,,,,,,,,,,,,,,,,,,,,,,,,,,,,,,,,,,,,,,,,,,,,,,,,,,,,,,,,,,,,,,,,,,,,,,,,,,,,,,,,,,,,,,,,,,,,,,,,,,,,,,,,,,,,,,,,,,,,,,,,,,,,,,,,,,,,,,,,,,,,,,,,,,,,,,,,,,,,,,,,,,,,,,,,,,,,,,,,,,,,,,,,,,,,,,,,,,,,,,,,,,,,,,,,,,,,,,,,,,,,,,,,,,,,,,,,,,,,,,,,,,,,,,,,,,,,,,,,,,,,,,,,,,,,,,,,,,,,,,,,,,,,,,,,,,,,,,,,,,,,,,,,,,,,,,,,,,,,,,,,,,,,,,,,,,,,,,,,,23.0,23.0,23.0,23.0,23.0,23.0,23.0,23.0,23.0,23.0,23.0,23.0,23.0,23.0,34.0,56.0,89.0,89.0,89.0,89.0,89.0,89.0,89.0,89.0,89.0,89.0,89.0,89.0,89.0,142.0,151.0,151.0,151.0,151.0,151.0,151.0,151.0,151.0,151.0,151.0,151.0,151.0,151.0,151.0,151.0,151.0,151.0,151.0,151.0,151.0,151.0,151.0,151.0,151.0,151.0,151.0,183.0,210.0,210.0,210.0,233.0,363.0,403.0,403.0,403.0,403.0,403.0,403.0,403.0,403.0,403.0,403.0,403.0,403.0,498.0,529.0,529.0,529.0,529.0,529.0,529.0,531.0,617.0,618.0,618.0,618.0,618.0,618.0,618.0,618.0,618.0,618.0,670.0,670.0,670.0,670.0,670.0,670.0,670.0,670.0,670.0,670.0,670.0,689.0,760.0,797.0,797.0,797.0,797.0,797.0,797.0,797.0,797.0,797.0,797.0,797.0,807.0,807.0,807.0,824.0,896.0,912.0,912.0,912.0,912.0,912.0,928.0,956.0,956.0,972.0,986.0,1012.0,1012.0,1012.0,1012.0,1012.0,1012.0,1012.0,1012.0,1012.0,1012.0,1012.0,1012.0,1012.0,1012.0,1012.0,1012.0,1012.0,1012.0,1012.0,1012.0,1012.0,1012.0,1012.0,1012.0,1012.0,1012.0,1012.0,1012.0,1012.0,1012.0,1012.0,1012.0,1012.0,1012.0,1012.0,1012.0,1012.0,1012.0,1012.0,1012.0,1012.0,1012.0,1012.0,1012.0,1012.0,1012.0,1012.0,1012.0,1012.0,1012.0,1012.0,1012.0,1012.0,1012.0,1012.0,1012.0,1012.0,1012.0,1012.0,1012.0,1012.0,1012.0,1012.0,1012.0,1012.0,1012.0,1012.0,1012.0,1012.0,1012.0,1012.0,1012.0,1012.0,1012.0,1012.0,1012.0,1012.0,1012.0,1012.0,1012.0,1012.0,1012.0,1012.0,1012.0,1012.0,1012.0,1012.0,1012.0,1012.0,1012.0,1012.0,1012.0,1012.0,1012.0,1012.0,1012.0,1012.0,1012.0,1012.0,1012.0,1012.0,1012.0,1012.0,1012.0,1012.0,1012.0,1012.0,1012.0,1012.0,1012.0,1012.0,1012.0,1012.0,1012.0,1012.0,1012.0,1012.0,1038.0,1053.0,1053.0,1053.0,1053.0,1053.0,1053.0,1053.0,1053.0,1053.0,1053.0,1092.0,1092.0,1092.0,1092.0,1111.0,1159.0,1159.0,1159.0,1159.0,1159.0,1159.0,1235.0,1235.0,1235.0,1235.0,1235.0,1235.0,1235.0,1235.0,1235.0,1235.0,1235.0,1235.0,1235.0,1235.0,1235.0,1235.0,1235.0,1235.0,1235.0,1235.0,1235.0,1235.0,1235.0,1235.0,1235.0,1235.0,1235.0,1235.0,1235.0,1235.0,1235.0,1235.0,1235.0,1235.0,1235.0,1235.0,1235.0,1235.0,1235.0,1235.0,1235.0,1235.0,1235.0,1235.0,1235.0,1235.0,1235.0,1235.0,1235.0,1235.0,1235.0,1235.0,1235.0,1235.0,1235.0,1235.0,1235.0,1235.0,1235.0,1235.0,1235.0,1235.0,1235.0,1235.0,1235.0,1235.0,1235.0,1235.0,1235.0,1235.0,1235.0,1235.0,1235.0,1235.0,1235.0,1235.0,1235.0,1235.0,1235.0,1235.0,1235.0,1235.0,1235.0,1299.0,1334.0,1334.0,1334.0,1334.0,1334.0,1334.0,1334.0,1350.0,1482.0,1531.0,1531.0,1531.0,1531.0,1531.0,1531.0,1531.0,1531.0,1531.0,1531.0,1531.0,1531.0,1531.0,1531.0,1545.0,1593.0,1593.0,1593.0,1593.0,1593.0,1593.0,1593.0,1602.0,1602.0,1602.0,1602.0,1602.0,1602.0,1602.0,1602.0,1602.0,1602.0,1602.0,1602.0,1602.0,1602.0,1602.0,1602.0,1602.0,1602.0,1602.0,1602.0,1602.0,1602.0,1602.0,1602.0,1602.0,1602.0,1709.0,1828.0,1871.0,1871.0,1871.0,1871.0,1871.0,1871.0,1871.0,1871.0,1904.0,1907.0,1907.0,1907.0,1907.0,1907.0,1907.0,1907.0,1907.0,1907.0,1907.0,1907.0,1907.0,1907.0,1907.0,1907.0,1907.0,1907.0,1907.0,1930.0,1950.0,1988.0,2097.0,2218.0,2304.0,2378.0,2403.0,2439.0,2453.0,2468.0,2503.0,2532.0,2574.0,2610.0,2705.0,2745.0,2845.0,2909.0,2950.0,2950.0,2996.0,2996.0,2996.0,2996.0,2996.0,2996.0,2996.0,2996.0,2996.0,2996.0,2996.0,2996.0,2996.0,2996.0,2996.0,2996.0,2996.0,2996.0,2996.0,2996.0,2996.0,2996.0,2996.0,2996.0,2996.0,2996.0,2996.0,2996.0,2996.0,2996.0,2996.0,2996.0,2996.0,2996.0,2996.0,2996.0,2996.0,2996.0,2996.0,2996.0,2996.0,2996.0,2996.0,2996.0,2996.0,2996.0,2996.0,2996.0,2996.0,2996.0,2996.0,2996.0,2996.0,2996.0,2996.0,2996.0,2996.0,2996.0,2996.0,2996.0,2996.0,2996.0,2996.0,2996.0,2996.0,2996.0,2996.0,2996.0,2996.0,2996.0,2996.0,2996.0,2996.0,2996.0,2996.0,2996.0,2996.0,2996.0,2996.0,2996.0,2996.0,2996.0,2996.0,2996.0,2996.0,2996.0,2996.0,2996.0,2996.0,2996.0,2996.0,2996.0,2996.0,2996.0,2996.0,2996.0,2996.0,3008.0,3008.0,3008.0,3008.0,3008.0,3034.0,3148.0,3173.0,3209.0,3209.0,3209.0,3231.0,3231.0,3282.0,3322.0,3351.0,3379.0,3487.0,3517.0,3517.0,3517.0,3517.0,3517.0,3517.0,3517.0,3541.0,3649.0,3674.0,3674.0,3674.0,3674.0,3674.0,3674.0,3674.0,3674.0,3674.0,3674.0,3674.0,3674.0,3674.0,3674.0,3674.0,3674.0,3674.0,3674.0,3674.0,3674.0,3674.0,3674.0,3674.0,3674.0,3674.0,3674.0,3692.0,3692.0,3692.0,3692.0,3692.0,3692.0,3692.0,3692.0,3692.0,3692.0,3692.0,3692.0,3692.0,3692.0,3692.0,3692.0,3692.0,3692.0,3692.0,3692.0,3692.0,3692.0,3692.0,3692.0,3692.0,3692.0,3692.0,3735.0,3784.0,3784.0,3784.0,3784.0,3784.0,3784.0,3784.0,3784.0,3784.0,3784.0,3784.0,3784.0,3784.0,3784.0,3784.0,3784.0,3784.0,3784.0,3784.0,3784.0,3784.0,3784.0,3784.0,3784.0,3784.0,3784.0,3784.0,3784.0,3784.0,3784.0,3784.0,3784.0,3784.0,3784.0,3784.0,3784.0,3784.0,3784.0,3784.0,3784.0,3784.0,3784.0,3784.0,3784.0,3784.0,3784.0,3784.0,3784.0,3784.0,3784.0,3784.0,3784.0,3784.0,3784.0,3784.0,3784.0,3784.0,3784.0,3784.0,3784.0,3784.0,3784.0,3784.0,3784.0,3784.0,3784.0,3784.0,3784.0,3784.0,3784.0,3784.0,3784.0,3784.0,3784.0,3784.0,3784.0,3784.0,3784.0,3784.0,3784.0,3784.0,3784.0,3784.0,3784.0,3784.0,3784.0,3784.0,3784.0,3784.0,3784.0,3784.0,3784.0,3784.0,3784.0,3784.0,3784.0,3784.0,3784.0,3784.0,3784.0,3784.0,3784.0,3784.0,3784.0,3784.0,3784.0,3784.0,3784.0,3784.0,3784.0,3784.0,3784.0,3784.0,3784.0,3784.0,3784.0,3784.0,3784.0,3784.0,3784.0,3784.0,3784.0,3784.0,3784.0,3784.0,3784.0,3803.0,3830.0,3847.0,3847.0,3847.0,3923.0,3930.0,3931.0,3990.0,3990.0,3990.0,3990.0,3990.0,3990.0,3990.0,3990.0,3990.0,3990.0,3990.0,3990.0,3990.0,3990.0,3990.0,3990.0,3990.0,3990.0,3990.0,3990.0,3990.0,3990.0,3990.0,3990.0,4036.0,4129.0,4168.0,4196.0,4208.0,4208.0,4208.0,4208.0,4208.0,4208.0,4208.0,4208.0,4208.0,4208.0,4208.0,4208.0,4208.0,4208.0,4208.0,4208.0,4208.0,4208.0,4208.0,4208.0,4208.0,4208.0,4208.0,4208.0,4208.0,4208.0,4208.0,4208.0,4208.0,4208.0,4208.0,4208.0,4208.0,4208.0,4208.0,4208.0,4208.0,4208.0,4208.0,4208.0,4208.0,4208.0,4208.0,4208.0,4208.0,4208.0,4208.0,4208.0,4208.0,4208.0,4208.0,4208.0,4208.0,4208.0,4208.0,4208.0,4208.0,4208.0,4208.0,4208.0,4208.0,4208.0,4208.0,4208.0,4208.0,4208.0,4208.0,4208.0,4208.0,4208.0,4208.0,4208.0,4208.0,4208.0,4208.0,4208.0,4208.0,4208.0,4208.0,4208.0,4208.0,4208.0,4208.0,4208.0,4208.0,4208.0,4208.0,4208.0,4208.0,4208.0,4208.0,4208.0,4208.0,4208.0,4208.0,4208.0,4208.0,4208.0,4208.0,4208.0,4208.0,4208.0,4208.0,4208.0,4208.0,4208.0,4208.0,4208.0,4208.0,4208.0,4208.0,4208.0,4208.0,4208.0,4208.0,4208.0,4208.0,4208.0,4208.0,4208.0,4208.0,4208.0,4208.0,4208.0,4208.0,4208.0,4208.0,4208.0,4208.0,4208.0,4208.0,4208.0,4208.0,4208.0,4208.0,4208.0,4208.0,4208.0,4208.0,4208.0,4208.0,4208.0,4208.0,4208.0,4208.0,4208.0,4208.0,4208.0,4208.0,4208.0,4208.0,,,,,,,,,,,,,,,,,,,,,,,,,,,,,,,,,,,,,,,,,,,,,,,,,,,,,
2018-07-07,ios,,,,,,,,,,,,,,,,,,,8.0,8.0,8.0,8.0,8.0,8.0,8.0,8.0,8.0,8.0,8.0,8.0,8.0,8.0,8.0,8.0,8.0,8.0,8.0,8.0,8.0,8.0,8.0,8.0,8.0,8.0,8.0,8.0,8.0,8.0,8.0,8.0,8.0,8.0,8.0,8.0,8.0,8.0,8.0,8.0,8.0,8.0,8.0,8.0,8.0,8.0,8.0,8.0,8.0,8.0,8.0,8.0,8.0,8.0,8.0,8.0,8.0,8.0,8.0,8.0,8.0,8.0,8.0,8.0,8.0,8.0,8.0,8.0,8.0,8.0,8.0,8.0,8.0,8.0,8.0,8.0,8.0,8.0,8.0,8.0,8.0,8.0,8.0,8.0,8.0,8.0,8.0,8.0,8.0,8.0,8.0,8.0,8.0,8.0,8.0,8.0,8.0,8.0,8.0,8.0,8.0,8.0,8.0,8.0,8.0,8.0,8.0,8.0,8.0,8.0,8.0,8.0,8.0,8.0,8.0,8.0,8.0,8.0,8.0,8.0,8.0,8.0,8.0,8.0,8.0,8.0,8.0,8.0,8.0,8.0,8.0,8.0,8.0,8.0,8.0,8.0,8.0,8.0,8.0,8.0,8.0,8.0,8.0,8.0,8.0,8.0,8.0,8.0,8.0,8.0,8.0,8.0,8.0,8.0,8.0,8.0,8.0,8.0,8.0,8.0,8.0,8.0,8.0,8.0,8.0,8.0,8.0,8.0,8.0,8.0,8.0,8.0,8.0,8.0,8.0,8.0,8.0,8.0,8.0,8.0,8.0,8.0,8.0,8.0,8.0,8.0,8.0,8.0,8.0,8.0,8.0,8.0,8.0,8.0,8.0,8.0,8.0,8.0,8.0,8.0,8.0,8.0,8.0,8.0,8.0,8.0,8.0,8.0,8.0,8.0,8.0,8.0,8.0,8.0,8.0,8.0,8.0,8.0,8.0,8.0,8.0,8.0,8.0,8.0,8.0,8.0,8.0,8.0,8.0,8.0,8.0,8.0,8.0,8.0,8.0,8.0,8.0,8.0,8.0,8.0,8.0,8.0,8.0,8.0,8.0,8.0,8.0,8.0,8.0,8.0,8.0,8.0,8.0,8.0,8.0,8.0,8.0,8.0,8.0,8.0,8.0,8.0,8.0,8.0,8.0,8.0,8.0,8.0,8.0,8.0,8.0,8.0,8.0,8.0,8.0,8.0,8.0,8.0,8.0,8.0,8.0,8.0,8.0,8.0,8.0,8.0,8.0,8.0,8.0,8.0,8.0,8.0,8.0,8.0,8.0,8.0,8.0,8.0,8.0,8.0,8.0,8.0,8.0,8.0,8.0,8.0,8.0,8.0,8.0,8.0,8.0,8.0,8.0,8.0,8.0,8.0,8.0,8.0,8.0,8.0,8.0,8.0,8.0,8.0,8.0,8.0,8.0,8.0,8.0,8.0,8.0,8.0,8.0,8.0,8.0,8.0,8.0,8.0,8.0,8.0,8.0,8.0,8.0,8.0,8.0,8.0,8.0,8.0,8.0,8.0,8.0,8.0,8.0,8.0,8.0,8.0,8.0,8.0,8.0,8.0,8.0,8.0,8.0,8.0,8.0,8.0,8.0,8.0,8.0,8.0,8.0,8.0,8.0,8.0,8.0,8.0,8.0,8.0,8.0,8.0,8.0,8.0,8.0,8.0,8.0,8.0,8.0,8.0,8.0,8.0,8.0,8.0,8.0,8.0,8.0,8.0,8.0,8.0,8.0,8.0,8.0,8.0,8.0,8.0,8.0,8.0,8.0,8.0,8.0,8.0,8.0,8.0,8.0,8.0,8.0,8.0,8.0,8.0,8.0,8.0,8.0,8.0,8.0,8.0,8.0,8.0,8.0,8.0,8.0,8.0,8.0,8.0,8.0,8.0,8.0,8.0,8.0,8.0,8.0,8.0,8.0,8.0,8.0,8.0,8.0,8.0,8.0,8.0,8.0,8.0,8.0,8.0,8.0,8.0,8.0,8.0,8.0,8.0,8.0,8.0,8.0,8.0,8.0,8.0,8.0,8.0,8.0,8.0,8.0,8.0,8.0,8.0,8.0,8.0,8.0,8.0,8.0,8.0,8.0,8.0,8.0,8.0,8.0,8.0,8.0,8.0,8.0,8.0,8.0,8.0,8.0,8.0,8.0,8.0,8.0,8.0,8.0,8.0,8.0,8.0,8.0,8.0,8.0,8.0,8.0,8.0,8.0,8.0,8.0,8.0,8.0,8.0,8.0,8.0,8.0,8.0,8.0,8.0,8.0,22.0,34.0,34.0,96.0,194.0,194.0,194.0,194.0,194.0,194.0,194.0,194.0,194.0,194.0,194.0,194.0,194.0,194.0,194.0,195.0,279.0,400.0,521.0,641.0,767.0,888.0,1004.0,1104.0,1147.0,1269.0,1370.0,1468.0,1564.0,1627.0,1710.0,1752.0,1792.0,1845.0,1890.0,1890.0,1890.0,1890.0,1894.0,1918.0,1935.0,1977.0,1977.0,1977.0,1977.0,1977.0,1977.0,2044.0,2063.0,2063.0,2063.0,2063.0,2063.0,2063.0,2063.0,2063.0,2063.0,2063.0,2091.0,2091.0,2091.0,2091.0,2111.0,2166.0,2236.0,2293.0,2332.0,2357.0,2357.0,2357.0,2357.0,2357.0,2388.0,2388.0,2388.0,2388.0,2388.0,2388.0,2388.0,2388.0,2388.0,2388.0,2388.0,2388.0,2388.0,2404.0,2495.0,2536.0,2536.0,2536.0,2543.0,2559.0,2559.0,2559.0,2559.0,2559.0,2559.0,2559.0,2559.0,2559.0,2559.0,2559.0,2559.0,2559.0,2559.0,2559.0,2559.0,2559.0,2559.0,2559.0,2559.0,2559.0,2559.0,2559.0,2559.0,2559.0,2559.0,2559.0,2559.0,2559.0,2559.0,2559.0,2559.0,2559.0,2559.0,2559.0,2559.0,2559.0,2559.0,2559.0,2559.0,2559.0,2559.0,2559.0,2559.0,2559.0,2559.0,2559.0,2559.0,2559.0,2559.0,2559.0,2559.0,2559.0,2559.0,2559.0,2559.0,2559.0,2559.0,2559.0,2559.0,2559.0,2559.0,2559.0,2559.0,2559.0,2559.0,2559.0,2559.0,2559.0,2559.0,2559.0,2559.0,2559.0,2559.0,2559.0,2559.0,2559.0,2559.0,2559.0,2559.0,2559.0,2559.0,2559.0,2559.0,2559.0,2559.0,2559.0,2559.0,2559.0,2559.0,2559.0,2559.0,2559.0,2559.0,2559.0,2559.0,2559.0,2559.0,2559.0,2559.0,2559.0,2559.0,2559.0,2559.0,2559.0,2663.0,2737.0,2737.0,2737.0,2737.0,2737.0,2737.0,2737.0,2737.0,2737.0,2737.0,2737.0,2737.0,2747.0,2760.0,2760.0,2821.0,2937.0,2993.0,3068.0,3163.0,3204.0,3207.0,3301.0,3301.0,3301.0,3301.0,3301.0,3301.0,3301.0,3301.0,3301.0,3301.0,3301.0,3301.0,3301.0,3301.0,3301.0,3301.0,3301.0,3301.0,3301.0,3301.0,3301.0,3301.0,3301.0,3301.0,3301.0,3301.0,3301.0,3301.0,3301.0,3301.0,3301.0,3301.0,3301.0,3301.0,3301.0,3301.0,3301.0,3301.0,3301.0,3301.0,3301.0,3301.0,3301.0,3301.0,3301.0,3301.0,3301.0,3301.0,3301.0,3301.0,3301.0,3301.0,3301.0,3301.0,3301.0,3301.0,3301.0,3301.0,3301.0,3301.0,3301.0,3301.0,3301.0,3301.0,3301.0,3301.0,3301.0,3301.0,3301.0,3301.0,3301.0,3301.0,3314.0,3314.0,3314.0,3314.0,3314.0,3314.0,3314.0,3314.0,3314.0,3314.0,3314.0,3314.0,3314.0,3314.0,3314.0,3314.0,3314.0,3314.0,3314.0,3314.0,3314.0,3314.0,3314.0,3314.0,3314.0,3314.0,3314.0,3314.0,3314.0,3314.0,3314.0,3314.0,3314.0,3314.0,3314.0,3314.0,3314.0,3314.0,3314.0,3314.0,3314.0,3314.0,3314.0,3314.0,3342.0,3425.0,3480.0,3555.0,3636.0,3731.0,3811.0,3811.0,3811.0,3811.0,3811.0,3811.0,3811.0,3811.0,3811.0,3811.0,3811.0,3811.0,3811.0,3811.0,3860.0,3892.0,3892.0,3892.0,3899.0,3986.0,3986.0,3986.0,3986.0,4039.0,4058.0,4058.0,4146.0,4146.0,4146.0,4146.0,4175.0,4175.0,4175.0,4175.0,4175.0,4175.0,4193.0,4218.0,4228.0,4228.0,4249.0,4249.0,4280.0,4281.0,4281.0,4301.0,4309.0,4309.0,4309.0,4309.0,4309.0,4327.0,4417.0,4532.0,4609.0,4609.0,4638.0,4752.0,4771.0,4821.0,4927.0,4995.0,5040.0,5113.0,5204.0,5273.0,5313.0,5398.0,5399.0,5399.0,5399.0,5399.0,5399.0,5399.0,5399.0,5399.0,5399.0,5399.0,5421.0,5460.0,5560.0,5619.0,5619.0,5619.0,5619.0,5619.0,5619.0,5619.0,5619.0,5619.0,5619.0,5619.0,5619.0,5619.0,5619.0,5619.0,5619.0,5619.0,5619.0,5619.0,5619.0,5619.0,5619.0,5619.0,5619.0,5619.0,5619.0,5619.0,5619.0,5619.0,5619.0,5619.0,5619.0,5629.0,5629.0,5705.0,5812.0,5849.0,5849.0,5849.0,5849.0,5849.0,5849.0,5849.0,5849.0,5849.0,5849.0,5849.0,5849.0,5849.0,5849.0,5849.0,5849.0,5849.0,5849.0,5849.0,5849.0,5849.0,5849.0,5849.0,5849.0,5849.0,5849.0,5849.0,5849.0,5849.0,5849.0,5849.0,5849.0,5849.0,5849.0,5849.0,5849.0,5860.0,5860.0,5904.0,5905.0,5921.0,5949.0,5962.0,6004.0,6035.0,6035.0,6035.0,6050.0,6051.0,6115.0,6146.0,6146.0,6146.0,6146.0,6146.0,6146.0,6146.0,6146.0,6146.0,6146.0,6146.0,6146.0,6146.0,6146.0,6146.0,6146.0,6146.0,6146.0,6146.0,6146.0,6146.0,6146.0,6146.0,6146.0,6146.0,6146.0,6146.0,6146.0,6146.0,6146.0,6146.0,6146.0,6146.0,6146.0,6146.0,6146.0,6146.0,6146.0,6146.0,6146.0,6146.0,6146.0,6146.0,6146.0,6146.0,6146.0,6146.0,6146.0,6146.0,6146.0,6146.0,6146.0,6146.0,6146.0,6146.0,6146.0,6146.0,6146.0,6146.0,6146.0,6146.0,6146.0,6146.0,6146.0,6146.0,6146.0,6146.0,6146.0,6146.0,6146.0,6146.0,6146.0,6146.0,6146.0,6146.0,6146.0,6146.0,6146.0,6146.0,6146.0,6146.0,6146.0,6189.0,6204.0,6236.0,6244.0,6269.0,6309.0,6335.0,6424.0,6424.0,6424.0,6424.0,6424.0,6424.0,6424.0,6424.0,6424.0,6424.0,6424.0,6424.0,6424.0,6424.0,6424.0,6424.0,6424.0,6424.0,6424.0,6424.0,6424.0,6424.0,6424.0,6424.0,6424.0,6424.0,6424.0,6424.0,6424.0,6424.0,6424.0,6424.0,6424.0,6424.0,6491.0,6500.0,6500.0,6500.0,6500.0,6500.0,6500.0,6500.0,6500.0,6500.0,6500.0,6500.0,6500.0,6542.0,6564.0,6564.0,6564.0,6564.0,6564.0,6564.0,6564.0,6564.0,6564.0,6564.0,6564.0,6564.0,6564.0,6564.0,6564.0,6564.0,6564.0,6564.0,6564.0,6564.0,6564.0,6564.0,6564.0,6564.0,6564.0,6564.0,6564.0,6564.0,6564.0,6564.0,6564.0,6564.0,6564.0,6564.0,6564.0,6564.0,6564.0,6564.0,6564.0,6564.0,6564.0,6564.0,6564.0,6564.0,6564.0,6564.0,6564.0,6564.0,6564.0,6564.0,6564.0,6564.0,6564.0,6564.0,6564.0,6564.0,6564.0,6564.0,6564.0,6564.0,6564.0,6564.0,6564.0,6564.0,6564.0,6564.0,6564.0,6564.0,6564.0,6564.0,6564.0,6564.0,6564.0,6564.0,6564.0,6564.0,6564.0,6564.0,6564.0,6564.0,6564.0,6564.0,6564.0,6564.0,6564.0,6564.0,6564.0,6585.0,6585.0,6606.0,6606.0,6606.0,6629.0,6701.0,6701.0,6701.0,6764.0,6859.0,6871.0,6871.0,6871.0,6871.0,6871.0,6871.0,6871.0,6871.0,6871.0,6871.0,6871.0,6871.0,6871.0,6871.0,6871.0,6871.0,6871.0,6871.0,6871.0,6871.0,6871.0,6871.0,6871.0,6871.0,6871.0,6871.0,6871.0,6871.0,6871.0,6871.0,6893.0,6893.0,6893.0,6893.0,6893.0,6893.0,6914.0,6940.0,6958.0,6996.0,7011.0,7011.0,7011.0,7011.0,7011.0,7011.0,7011.0,7011.0,7011.0,7011.0,7011.0,7011.0,7011.0,7011.0,7011.0,7011.0,7011.0,7011.0,7011.0,7011.0,7011.0,7011.0,7011.0,7011.0,7011.0,7011.0,7011.0,7011.0,7011.0,7011.0,7011.0,7011.0,7011.0,7011.0,7011.0,7011.0,7011.0,7011.0,7011.0,7011.0,7011.0,7025.0,7026.0,7026.0,7026.0,7026.0,7026.0,7026.0,7026.0,7026.0,7026.0,7026.0,7026.0,7026.0,7026.0,7026.0,7026.0,7026.0,7026.0,7026.0,7026.0,7026.0,7026.0,7026.0,7026.0,7026.0,7026.0,7026.0,7026.0,7026.0,7026.0,7026.0,7026.0,7026.0,7026.0,7026.0,7026.0,7026.0,7026.0,7026.0,7026.0,7026.0,7026.0,7026.0,7026.0,7026.0,7026.0,7026.0,7026.0,7026.0,7026.0,7026.0,7026.0,7026.0,7026.0,7026.0,7026.0,7026.0,7026.0,,,,,,,,,,,,,,,,,
2018-07-08,ios,,,,,,,,,,,,,,,,,,,,,,,,,,,,,,,,,,,,,,,,,,,,,,,,,,,,,,,,,,,,,,,,,,,,,,,,,,,,,,,,,,,,,,,,,,,,,,,,,,,,,,,,,,,,,,,,,,,,,,,,,,,,,,,,,,,,,,,,,,,,,,,,,,,,,,,,,,,,,,,,,,,,,,,,,,,,,,,,,,,,,,,,,,,,,,,,,,,,,,,,,,,,,,,,,,,,,,,,,,,,,,,,,,,,,,,,,,,,,,,,,,,,,,,,,,,,,,,,,,,,,,,,,,,,,,,,,,,,,,,,,,,,,,,,,,,,,,,,,,,,,,,,,,,,,,,,,,,,,,,,,,,,,,,,,,,,,,,,,,,,,,,,,,,,,,,,,,,,,,,,,,,,,,,,,,,,,,,,,,,,,,,,,,,,,,,,,,,,,,,,,,,,,,,,,,,,,,,,,,,,,,,,,,,,,,,,,,,,,,,,,,,,,,,,,,,,,,,,,,,,,,,,,,,,,,,,,,,,,,,,,,,,,,,,,,,,,,,,,,,,,,,22.0,52.0,52.0,52.0,52.0,52.0,52.0,52.0,52.0,52.0,52.0,52.0,52.0,52.0,52.0,52.0,52.0,52.0,52.0,52.0,52.0,52.0,52.0,52.0,52.0,52.0,52.0,52.0,52.0,52.0,52.0,52.0,52.0,52.0,52.0,52.0,52.0,52.0,52.0,52.0,52.0,52.0,52.0,52.0,52.0,52.0,52.0,52.0,52.0,52.0,52.0,52.0,52.0,52.0,52.0,52.0,52.0,52.0,52.0,52.0,52.0,52.0,52.0,52.0,52.0,52.0,52.0,52.0,52.0,52.0,52.0,52.0,52.0,52.0,52.0,52.0,52.0,52.0,52.0,52.0,52.0,52.0,52.0,52.0,52.0,52.0,52.0,52.0,52.0,52.0,52.0,52.0,52.0,52.0,52.0,52.0,52.0,52.0,52.0,52.0,52.0,52.0,52.0,52.0,52.0,52.0,52.0,52.0,52.0,52.0,52.0,52.0,52.0,52.0,52.0,52.0,52.0,52.0,52.0,52.0,52.0,52.0,52.0,52.0,52.0,52.0,52.0,52.0,52.0,52.0,52.0,52.0,52.0,62.0,62.0,62.0,62.0,62.0,62.0,62.0,62.0,62.0,62.0,95.0,95.0,95.0,95.0,95.0,95.0,95.0,95.0,95.0,95.0,95.0,105.0,150.0,150.0,150.0,150.0,150.0,150.0,150.0,150.0,162.0,162.0,198.0,291.0,410.0,533.0,624.0,624.0,624.0,675.0,769.0,876.0,882.0,882.0,882.0,882.0,882.0,882.0,882.0,882.0,882.0,909.0,1019.0,1141.0,1192.0,1297.0,1381.0,1381.0,1462.0,1470.0,1470.0,1470.0,1521.0,1594.0,1691.0,1708.0,1735.0,1797.0,1851.0,1864.0,1917.0,1950.0,1999.0,2062.0,2102.0,2143.0,2196.0,2251.0,2251.0,2251.0,2296.0,2357.0,2380.0,2405.0,2483.0,2491.0,2491.0,2491.0,2491.0,2491.0,2491.0,2491.0,2491.0,2523.0,2540.0,2651.0,2752.0,2752.0,2752.0,2752.0,2841.0,2904.0,3035.0,3102.0,3102.0,3102.0,3102.0,3102.0,3102.0,3102.0,3102.0,3102.0,3102.0,3102.0,3102.0,3102.0,3110.0,3194.0,3305.0,3394.0,3443.0,3458.0,3492.0,3504.0,3542.0,3567.0,3567.0,3579.0,3594.0,3594.0,3594.0,3594.0,3594.0,3594.0,3594.0,3594.0,3594.0,3594.0,3594.0,3594.0,3594.0,3594.0,3594.0,3594.0,3594.0,3595.0,3651.0,3771.0,3886.0,3923.0,4028.0,4130.0,4220.0,4243.0,4243.0,4243.0,4243.0,4243.0,4243.0,4243.0,4243.0,4243.0,4243.0,4243.0,4243.0,4243.0,4243.0,4243.0,4243.0,4243.0,4243.0,4325.0,4417.0,4439.0,4439.0,4439.0,4492.0,4500.0,4500.0,4500.0,4500.0,4500.0,4500.0,4500.0,4500.0,4500.0,4500.0,4500.0,4500.0,4500.0,4500.0,4500.0,4500.0,4500.0,4500.0,4500.0,4500.0,4500.0,4500.0,4500.0,4500.0,4500.0,4500.0,4500.0,4500.0,4500.0,4500.0,4500.0,4500.0,4500.0,4500.0,4500.0,4500.0,4500.0,4500.0,4500.0,4500.0,4500.0,4500.0,4500.0,4500.0,4500.0,4500.0,4500.0,4500.0,4500.0,4500.0,4500.0,4500.0,4500.0,4500.0,4500.0,4500.0,4500.0,4500.0,4500.0,4500.0,4500.0,4500.0,4510.0,4510.0,4560.0,4629.0,4629.0,4629.0,4681.0,4724.0,4724.0,4724.0,4762.0,4819.0,4819.0,4835.0,4842.0,4850.0,4897.0,4897.0,4897.0,4897.0,4913.0,4913.0,4913.0,4913.0,4913.0,4913.0,4913.0,4913.0,4913.0,4913.0,4956.0,5010.0,5035.0,5091.0,5119.0,5134.0,5144.0,5144.0,5144.0,5164.0,5175.0,5202.0,5202.0,5210.0,5210.0,5210.0,5210.0,5210.0,5210.0,5210.0,5231.0,5273.0,5286.0,5286.0,5286.0,5286.0,5286.0,5286.0,5286.0,5352.0,5352.0,5352.0,5352.0,,,,,,,,,,,,,,,,,,,,,,,,,,,,,,,,,,,,,,,,,,,,,,,,,,,,,,,,,,,,,,,,,,,,,,,,,,,,,,,,,,,,,,,,,,,,,,,,,,,,,,,,,,,,,,,,,,,,,,,,,,,,,,,,,,,,,,,,,,,,,,,,,,,,,,,,,,,,,,,,,,,,,,,,,,,,,,,,,,,,,,,,,,,,,,,,,,,,,,,,,,,,,,,,,,,,,,,,,,,,,,,,,,,,,,,,,,,,,,,,,,,,,,,,,,,,,,,,,,,,,,,,,,,,,,,,,,,,,,,,,,,,,,,,,,,,,,,,,,,,,,,,,,,,,,,,,,,,,,,,,,,,,,,,,,,,,,,,,,,,,,,,,,,,,,,,,,,,,,,,,,,,,,,,,,,,,,,,,,,,,,,,,,,,,,,,,,,,,,,,,,,,,,,,,,,,,,,,,,,,,,,,,,,,,,,,,,,,,,,,,,,,,,,,,,,,,,,,,,,,,,,,,,,,,,,,,,,,,,,,,,,,,,,,,,,,,,,,,,,,,,,
2018-07-09,ios,,,,,,,,,,,,,,,,,,,,,,,,,,,,,,,,,,,,,,,,,,,,,,,,,,,,,,,,,,,,,,,,,,,,,,,,,,,,,,,,,,,,,,,,,,,,,,,,,,,,,,,,,,,,,,,,,,,,,,,,,,,,,,,,,,,,,,,,,,,,,,,,,,,,,,,,,,,,,,,,,,,,,,,,,,,,,,,,,,,,,,,,,,,,,,,,,,,,,,,,,,,,,,,,,,,,,,,,,,,,,,,,,,,,,,,,,,,,,,,,,,,,,,,,,,,,,,,,,,,,,,,,,,,,,,,,,,,,,,,,,,,,,,,,,,,,,,,,,,,,,,,,,,,,,,,,,,,,,,,,,,,,,,,,,,,,,,,,,,,,,,,,,,,,,,,,,,,,,,,,,,,,,,,,,,,,,,,,,,,,,,,,,,,,,,,,,,,,,,,,,,,,,,,,,,,,,,,,,,,,,,,,,,,,,,,,,,,,,,,,,,,,,,,,,,,,,,,,,,,,,,,,,,,,,,,,,,,,,,,,,,,,,,,,,,17.0,17.0,17.0,17.0,17.0,17.0,17.0,17.0,17.0,17.0,17.0,17.0,17.0,17.0,17.0,17.0,17.0,17.0,17.0,34.0,34.0,34.0,34.0,34.0,34.0,34.0,34.0,34.0,34.0,34.0,34.0,62.0,62.0,62.0,75.0,75.0,75.0,75.0,75.0,75.0,98.0,99.0,99.0,99.0,99.0,99.0,99.0,99.0,99.0,99.0,99.0,99.0,99.0,99.0,99.0,99.0,99.0,99.0,99.0,109.0,109.0,109.0,141.0,165.0,201.0,308.0,385.0,385.0,385.0,385.0,385.0,385.0,385.0,385.0,385.0,385.0,416.0,416.0,416.0,416.0,416.0,416.0,416.0,462.0,462.0,514.0,522.0,522.0,536.0,536.0,536.0,536.0,536.0,536.0,536.0,536.0,536.0,536.0,536.0,536.0,536.0,536.0,536.0,576.0,695.0,804.0,923.0,1020.0,1151.0,1259.0,1375.0,1492.0,1604.0,1717.0,1814.0,1819.0,1819.0,1819.0,1819.0,1819.0,1875.0,2002.0,2126.0,2246.0,2365.0,2486.0,2602.0,2722.0,2835.0,2945.0,3058.0,3172.0,3296.0,3417.0,3538.0,3658.0,3776.0,3899.0,4013.0,4119.0,4235.0,4357.0,4479.0,4590.0,4594.0,4594.0,4594.0,4594.0,4612.0,4701.0,4828.0,4951.0,5078.0,5203.0,5329.0,5452.0,5577.0,5703.0,5829.0,5952.0,6073.0,6196.0,6320.0,6444.0,6517.0,6517.0,6517.0,6517.0,6517.0,6517.0,6517.0,6517.0,6517.0,6517.0,6517.0,6517.0,6517.0,6517.0,6517.0,6517.0,6517.0,6517.0,6517.0,6517.0,6517.0,6517.0,6517.0,6517.0,6517.0,6517.0,6517.0,6517.0,6517.0,6517.0,6517.0,6517.0,6517.0,6517.0,6517.0,6560.0,6569.0,6569.0,6569.0,6569.0,6569.0,6569.0,6569.0,6569.0,6569.0,6577.0,6596.0,6609.0,6609.0,6609.0,6609.0,6617.0,6617.0,6617.0,6617.0,6641.0,6641.0,6657.0,6677.0,6706.0,6741.0,6846.0,6953.0,7022.0,7023.0,7023.0,7044.0,7044.0,7044.0,7045.0,7067.0,7085.0,7141.0,7185.0,7227.0,7245.0,7245.0,7245.0,7245.0,7245.0,7245.0,7245.0,7245.0,7245.0,7245.0,7245.0,7245.0,7245.0,7255.0,7255.0,7255.0,7255.0,7255.0,7255.0,7255.0,7255.0,7255.0,7255.0,7255.0,7255.0,7255.0,7255.0,7255.0,7255.0,7255.0,7255.0,7255.0,7255.0,7255.0,7255.0,7255.0,7255.0,7255.0,7255.0,7255.0,7255.0,7255.0,7255.0,7255.0,7255.0,7255.0,7255.0,7255.0,7255.0,7255.0,7255.0,7255.0,7255.0,7255.0,7255.0,7255.0,7255.0,7255.0,7255.0,7255.0,7255.0,7255.0,7255.0,7255.0,7255.0,7255.0,7255.0,7255.0,7255.0,7255.0,7255.0,7255.0,7255.0,7255.0,7255.0,7255.0,7255.0,7255.0,7255.0,7255.0,7255.0,7255.0,7255.0,7255.0,7255.0,7255.0,7255.0,7255.0,7255.0,7255.0,7255.0,7255.0,7255.0,7255.0,7255.0,7255.0,7255.0,7255.0,7255.0,7255.0,7255.0,7255.0,7255.0,7255.0,7255.0,7255.0,7255.0,7255.0,7255.0,7255.0,7263.0,7263.0,7263.0,7263.0,7263.0,7263.0,7263.0,7263.0,7263.0,7289.0,7333.0,7372.0,7372.0,7372.0,7372.0,7405.0,7446.0,7446.0,7453.0,7526.0,7526.0,7526.0,7526.0,7526.0,7534.0,7534.0,7534.0,7534.0,7534.0,7536.0,7546.0,7546.0,7546.0,7546.0,7546.0,7546.0,7546.0,7553.0,7553.0,7560.0,7570.0,7658.0,7694.0,7726.0,7726.0,7726.0,7726.0,7726.0,7726.0,7737.0,7823.0,7823.0,7885.0,7921.0,7979.0,8028.0,8041.0,8058.0,8066.0,8066.0,8066.0,8066.0,8066.0,8078.0,8108.0,8148.0,8148.0,8148.0,8148.0,8148.0,8148.0,8219.0,8237.0,8356.0,8401.0,8401.0,8401.0,8401.0,8401.0,8401.0,8451.0,8538.0,8559.0,8560.0,8568.0,8568.0,8568.0,8568.0,8568.0,8568.0,8579.0,8579.0,8579.0,8579.0,8579.0,8579.0,8579.0,8579.0,8579.0,8579.0,8579.0,8579.0,8579.0,8579.0,8579.0,8579.0,8579.0,8579.0,8579.0,8579.0,8579.0,8579.0,8579.0,8579.0,8579.0,8579.0,8579.0,8579.0,8579.0,8579.0,8579.0,8579.0,8579.0,8579.0,8579.0,8579.0,8595.0,8595.0,8595.0,8595.0,8595.0,8595.0,8595.0,8595.0,8595.0,8595.0,8595.0,8595.0,8595.0,8595.0,8595.0,8595.0,8595.0,8595.0,8595.0,8595.0,8632.0,8683.0,8683.0,8683.0,8683.0,8683.0,8683.0,8683.0,8683.0,8683.0,8683.0,8683.0,8683.0,8683.0,8683.0,8683.0,8683.0,8683.0,8683.0,8683.0,8683.0,8683.0,8683.0,8683.0,8683.0,8683.0,8683.0,8683.0,8683.0,8683.0,8683.0,8683.0,8683.0,8683.0,8683.0,8683.0,8683.0,8683.0,8683.0,8683.0,8683.0,8683.0,8683.0,8683.0,8683.0,8683.0,8683.0,8683.0,8683.0,8683.0,8683.0,8683.0,8683.0,8683.0,8683.0,8683.0,8683.0,8683.0,8683.0,8683.0,8683.0,8683.0,8683.0,8683.0,8683.0,8683.0,8683.0,8683.0,8683.0,8683.0,8683.0,8683.0,8683.0,8683.0,8683.0,8683.0,8683.0,8683.0,8683.0,8692.0,8692.0,8692.0,8700.0,8732.0,8813.0,8916.0,8937.0,9035.0,9118.0,9153.0,9196.0,9269.0,9333.0,9370.0,9370.0,9384.0,9387.0,9387.0,9387.0,9387.0,9387.0,9387.0,9387.0,9387.0,9387.0,9387.0,9387.0,9387.0,9387.0,9387.0,9387.0,9387.0,9387.0,9387.0,9387.0,9387.0,9387.0,9387.0,9387.0,9387.0,9387.0,9387.0,9387.0,9387.0,9387.0,9387.0,9387.0,9387.0,9387.0,9387.0,9387.0,9387.0,9387.0,9387.0,9387.0,9387.0,9387.0,9387.0,9387.0,9387.0,9387.0,9387.0,9387.0,9387.0,9387.0,9387.0,9387.0,9387.0,9387.0,9387.0,9387.0,9387.0,9387.0,9387.0,9387.0,9387.0,9387.0,9387.0,9387.0,9387.0,9387.0,9387.0,9387.0,9387.0,9387.0,9387.0,9387.0,9387.0,9387.0,9387.0,9387.0,9387.0,9387.0,9387.0,9387.0,9387.0,9387.0,9387.0,9387.0,9387.0,9387.0,9387.0,9387.0,9387.0,9387.0,9387.0,9387.0,9387.0,9387.0,9387.0,9387.0,9387.0,9387.0,9387.0,9387.0,9387.0,9387.0,9387.0,9387.0,9387.0,9387.0,9387.0,9387.0,9387.0,9387.0,9387.0,9387.0,9387.0,9387.0,9387.0,9387.0,9387.0,9387.0,9387.0,9440.0,9440.0,9479.0,9517.0,9536.0,9542.0,9649.0,9748.0,9851.0,9936.0,10038.0,10132.0,10201.0,10223.0,10257.0,10257.0,10257.0,10257.0,10257.0,10257.0,10257.0,10257.0,10257.0,10257.0,10257.0,10257.0,10257.0,10257.0,10257.0,10257.0,10257.0,10257.0,10257.0,10257.0,10257.0,10257.0,10257.0,10257.0,10257.0,10257.0,10257.0,10257.0,10257.0,10257.0,10257.0,10257.0,10257.0,10257.0,10257.0,10257.0,10257.0,10257.0,10257.0,10257.0,10257.0,10257.0,10257.0,10257.0,10257.0,10257.0,10257.0,10257.0,10257.0,10257.0,10257.0,10257.0,10257.0,10257.0,10257.0,10257.0,10257.0,10257.0,10257.0,10257.0,10257.0,10257.0,10257.0,10257.0,10257.0,10257.0,10257.0,10257.0,10257.0,10257.0,10257.0,10257.0,10257.0,10257.0,10257.0,10257.0,10257.0,10257.0,10257.0,10257.0,10257.0,10284.0,10384.0,10428.0,10469.0,10494.0,10494.0,10494.0,10494.0,10494.0,10494.0,10494.0,10494.0,10494.0,10494.0,10494.0,10494.0,10494.0,10494.0,10494.0,10494.0,10494.0,10494.0,10494.0,10494.0,10494.0,10494.0,10494.0,10494.0,10494.0,10494.0,10494.0,10510.0,10517.0,10517.0,10517.0,10517.0,10517.0,10517.0,10517.0,10517.0,10517.0,10517.0,10517.0,10517.0,10517.0,10517.0,10517.0,10517.0,10517.0,10517.0,10517.0,10517.0,10517.0,10517.0,10517.0,10517.0,10517.0,10517.0,10517.0,10517.0,10517.0,10517.0,10517.0,10517.0,10517.0,10517.0,10517.0,10517.0,10517.0,10517.0,10517.0,10517.0,10517.0,10517.0,10517.0,10517.0,10517.0,10517.0,10517.0,10517.0,10517.0,10517.0,10517.0,10517.0,10517.0,10517.0,10517.0,10517.0,10517.0,10517.0,10517.0,10517.0,10517.0,10517.0,10517.0,10517.0,10517.0,10517.0,,,,,,,,,,,,,,,,,,,,,,,,,,,,,,,,,,,,,,,,,,,,,,,,,
2018-07-10,ios,,,,,,,,,,,,,,,,,,,,,,,,,,,,,,,,,,,,,,,,,,,,,,,,,,,,,,,,,,,,,,,,,,,,,,,,,,,,,,,,,,,,,,,,,,,,,,,,,,,,,,,,,,,,,,,,,,,,,,,,,,,,,,,,,,,,,,,,,,,,,,,,,,,,,,,,,,,,,,,,,,,,,,,,,,,,,,,,,,,,,,,,,,,,,,,,,,,,,,,,,,,,,,,,,,,,,,,,,,,,,,,,,,,,,,,,,,,,,,,,,,,,,,,,,,,,,,,,,,,,,,,,,,,,,,,,,,,,,,,,,,,,,,,,,,,,,,,,,,,,,,,,,,,,,,,,,,,,,,,,,,,,,,,,,,,,,,,,,,,,,,,,,,,,,,,,,,,,,,,,,,,,,,,,,,,,,,,,,,,,,,,,,,,,,,,,,,,,,,,,,,,,,,,,,,,,,,,,,,,,,,,,,,,,,,,,,,,,,,,,,,,27.0,27.0,27.0,27.0,27.0,27.0,27.0,27.0,27.0,27.0,27.0,27.0,27.0,27.0,27.0,27.0,27.0,27.0,27.0,27.0,27.0,27.0,27.0,27.0,27.0,27.0,27.0,27.0,27.0,27.0,27.0,27.0,27.0,27.0,27.0,27.0,27.0,27.0,27.0,27.0,27.0,27.0,34.0,34.0,56.0,56.0,56.0,56.0,56.0,56.0,56.0,56.0,56.0,56.0,56.0,56.0,56.0,56.0,56.0,56.0,56.0,56.0,56.0,80.0,168.0,168.0,168.0,168.0,168.0,168.0,168.0,168.0,168.0,168.0,212.0,239.0,239.0,239.0,272.0,352.0,417.0,427.0,427.0,427.0,427.0,427.0,427.0,427.0,427.0,427.0,427.0,427.0,427.0,427.0,427.0,427.0,427.0,427.0,427.0,427.0,427.0,427.0,427.0,427.0,427.0,427.0,427.0,427.0,427.0,427.0,427.0,427.0,427.0,427.0,427.0,427.0,427.0,427.0,427.0,427.0,427.0,427.0,427.0,427.0,427.0,427.0,427.0,427.0,427.0,427.0,427.0,427.0,427.0,427.0,427.0,427.0,427.0,427.0,427.0,427.0,427.0,427.0,427.0,427.0,427.0,427.0,427.0,427.0,427.0,427.0,427.0,427.0,427.0,427.0,427.0,427.0,427.0,427.0,427.0,427.0,427.0,427.0,427.0,427.0,427.0,427.0,427.0,427.0,427.0,427.0,427.0,427.0,427.0,427.0,427.0,427.0,427.0,427.0,427.0,427.0,427.0,427.0,427.0,427.0,427.0,427.0,427.0,427.0,427.0,427.0,427.0,427.0,427.0,427.0,427.0,427.0,427.0,427.0,427.0,427.0,427.0,427.0,427.0,427.0,427.0,427.0,427.0,427.0,427.0,427.0,427.0,427.0,427.0,427.0,427.0,427.0,427.0,427.0,494.0,514.0,514.0,514.0,514.0,547.0,561.0,561.0,561.0,576.0,576.0,576.0,576.0,576.0,576.0,576.0,576.0,576.0,576.0,576.0,576.0,576.0,576.0,576.0,659.0,756.0,858.0,976.0,994.0,1004.0,1019.0,1138.0,1236.0,1358.0,1463.0,1549.0,1561.0,1561.0,1561.0,1561.0,1561.0,1561.0,1561.0,1561.0,1561.0,1561.0,1561.0,1561.0,1561.0,1561.0,1561.0,1561.0,1561.0,1561.0,1561.0,1561.0,1561.0,1561.0,1561.0,1561.0,1561.0,1561.0,1561.0,1561.0,1561.0,1561.0,1561.0,1561.0,1561.0,1561.0,1561.0,1561.0,1561.0,1561.0,1561.0,1561.0,1561.0,1561.0,1561.0,1561.0,1561.0,1561.0,1561.0,1561.0,1561.0,1561.0,1561.0,1569.0,1595.0,1706.0,1750.0,1750.0,1750.0,1750.0,1750.0,1750.0,1750.0,1750.0,1750.0,1792.0,1832.0,1920.0,1935.0,1935.0,1935.0,1935.0,1935.0,1935.0,1935.0,1935.0,1989.0,1989.0,1989.0,1989.0,1989.0,1989.0,1989.0,1989.0,1989.0,1989.0,1989.0,1989.0,1989.0,1989.0,1989.0,1989.0,1989.0,1989.0,1989.0,1989.0,1989.0,1989.0,1989.0,1989.0,1989.0,1989.0,1989.0,1989.0,1989.0,1989.0,1989.0,1989.0,1989.0,1989.0,1989.0,1989.0,1989.0,1989.0,1989.0,1989.0,1989.0,1989.0,1989.0,1989.0,1989.0,1989.0,1989.0,1989.0,1989.0,1989.0,1989.0,1989.0,1989.0,1989.0,1989.0,1989.0,1989.0,1989.0,1989.0,1989.0,1989.0,1989.0,1989.0,1989.0,1989.0,1989.0,1989.0,1989.0,1989.0,1989.0,1989.0,1989.0,1989.0,1989.0,1989.0,1989.0,1989.0,1989.0,1989.0,1989.0,1989.0,1989.0,1989.0,1989.0,1989.0,1989.0,1989.0,1989.0,1989.0,1989.0,1989.0,1989.0,1989.0,1989.0,1989.0,1989.0,1989.0,1989.0,1989.0,1989.0,1989.0,1989.0,1989.0,1989.0,1989.0,1989.0,1989.0,1989.0,1989.0,1989.0,1989.0,1989.0,1989.0,1989.0,1989.0,1989.0,1989.0,1989.0,1989.0,1989.0,1989.0,1989.0,1989.0,1989.0,1989.0,1989.0,1989.0,1989.0,1989.0,1989.0,1989.0,1989.0,1989.0,1989.0,1989.0,1989.0,1989.0,1989.0,1989.0,1989.0,1989.0,1989.0,1989.0,1989.0,1989.0,1989.0,1989.0,1989.0,1989.0,1989.0,1989.0,1989.0,1989.0,1989.0,1989.0,1989.0,1989.0,1989.0,1989.0,1989.0,1989.0,1989.0,1989.0,1989.0,1989.0,1989.0,1989.0,1989.0,1989.0,1989.0,1989.0,1989.0,1989.0,1989.0,1989.0,1989.0,1989.0,1989.0,1989.0,1989.0,1989.0,1989.0,1989.0,1989.0,1989.0,1989.0,1989.0,1989.0,1989.0,1989.0,1989.0,1989.0,1989.0,1989.0,1989.0,1989.0,1989.0,1989.0,1989.0,1989.0,1989.0,1989.0,1989.0,1989.0,1989.0,1989.0,1989.0,1989.0,1989.0,1989.0,1989.0,1989.0,1989.0,1989.0,1989.0,1989.0,1989.0,1989.0,1989.0,1989.0,1989.0,1989.0,1989.0,1989.0,1989.0,1989.0,2003.0,2061.0,2122.0,2214.0,2321.0,2349.0,2349.0,2349.0,2349.0,2349.0,2349.0,2350.0,2389.0,2400.0,2400.0,2400.0,2400.0,2400.0,2400.0,2400.0,2400.0,2400.0,2400.0,2400.0,2400.0,2400.0,2400.0,2400.0,2400.0,2400.0,2400.0,2400.0,2400.0,2400.0,2400.0,2400.0,2400.0,2400.0,2400.0,2400.0,2400.0,2400.0,2400.0,2400.0,2402.0,2408.0,2457.0,2461.0,2461.0,2461.0,2461.0,2461.0,2467.0,2492.0,2510.0,2510.0,2510.0,2510.0,2510.0,2510.0,2510.0,2510.0,2510.0,2510.0,2510.0,2510.0,2510.0,2510.0,2510.0,2510.0,2510.0,2510.0,2510.0,2510.0,2510.0,2510.0,2510.0,2510.0,2510.0,2510.0,2510.0,2510.0,2510.0,2510.0,2510.0,2510.0,2510.0,2510.0,2510.0,2510.0,2510.0,2510.0,2510.0,2510.0,2510.0,2510.0,2510.0,2510.0,2510.0,2510.0,2510.0,2510.0,2510.0,2510.0,2510.0,2510.0,2510.0,2510.0,2510.0,2510.0,2510.0,2510.0,2510.0,2510.0,2510.0,2510.0,2510.0,2510.0,2510.0,2510.0,2510.0,2510.0,2510.0,2510.0,2510.0,2510.0,2510.0,2510.0,2510.0,2510.0,2510.0,2510.0,2510.0,2510.0,2510.0,2510.0,2510.0,2510.0,2510.0,2510.0,2510.0,2510.0,2510.0,2510.0,2510.0,2510.0,2510.0,2510.0,2510.0,2510.0,2510.0,2510.0,2510.0,2510.0,2510.0,2510.0,2510.0,2510.0,2510.0,2510.0,2510.0,2510.0,2510.0,2510.0,2510.0,2510.0,2510.0,2510.0,2510.0,2510.0,2510.0,2510.0,2510.0,2510.0,2510.0,2510.0,2510.0,2510.0,2510.0,2510.0,2510.0,2510.0,2510.0,2510.0,2510.0,2510.0,2510.0,2510.0,2510.0,2510.0,2510.0,2510.0,2510.0,2510.0,2510.0,2510.0,2510.0,2510.0,2510.0,2510.0,2510.0,2510.0,2510.0,2510.0,2510.0,2510.0,2510.0,2510.0,2510.0,2510.0,2510.0,2510.0,2510.0,2510.0,2510.0,2510.0,2510.0,2510.0,2510.0,2510.0,2521.0,2521.0,2556.0,2570.0,2587.0,2587.0,2587.0,2587.0,2587.0,2587.0,2587.0,2587.0,2587.0,2587.0,2587.0,2587.0,2587.0,2587.0,2587.0,2587.0,2587.0,2587.0,2587.0,2587.0,2587.0,2587.0,2587.0,2587.0,2587.0,2587.0,2587.0,2587.0,2587.0,2587.0,2587.0,2587.0,2587.0,2587.0,2587.0,2587.0,2587.0,2587.0,2587.0,2587.0,2587.0,2587.0,2597.0,2597.0,2597.0,2597.0,2597.0,2613.0,2613.0,2613.0,2613.0,2613.0,2613.0,2707.0,2804.0,2832.0,2841.0,2841.0,2841.0,2841.0,2841.0,2841.0,2856.0,2856.0,2856.0,2888.0,2888.0,2961.0,3114.0,3286.0,3457.0,3630.0,3796.0,3974.0,4131.0,4301.0,4478.0,4655.0,4808.0,4882.0,5052.0,5118.0,5280.0,5448.0,5597.0,5743.0,5845.0,6019.0,6150.0,6319.0,6384.0,6558.0,6732.0,6907.0,7081.0,7256.0,7426.0,7601.0,7776.0,7950.0,8125.0,8294.0,8468.0,8637.0,8797.0,8972.0,9146.0,9312.0,9470.0,9645.0,9812.0,9984.0,10158.0,10330.0,10493.0,10665.0,10838.0,11012.0,11185.0,11354.0,11522.0,11696.0,11870.0,12040.0,12213.0,12368.0,12503.0,12647.0,12810.0,12972.0,13135.0,13307.0,13460.0,13631.0,13801.0,13969.0,14137.0,14300.0,14455.0,14545.0,14680.0,14810.0,14846.0,14872.0,14892.0,14892.0,14892.0,14892.0,14892.0,14892.0,14892.0,,,,,,,,,,,,,,,,,,,,,,,,,,,,,,,,,,,,,,,,,,,,,,,,,,,,,,,,,,,,,,,,,,,,,
2018-07-11,ios,,,,,,,,,,,,,,,,,,,,,,,,,,,,,,,,,,,,,,,,,,,,,,,,,,,,,,,,,,,,,,,,,,,,,,,,,,,,,,,,,,,,,,,,,,,,,,,,,,,,,,,,,,,,,,,,,,,,,,,,,,,,,,,,,,,,,,,,,,,,,,,,,,,,,,,,,,,,,,,,,,,,,,,,,,,,,,,,,,,,,,,,,,,,,,,,,,,,,,,,,,,,,,,,,,,,,,,,,,,,,,,,,,,,,,,,,,,,,,,,,,,,,,,,,,,,,,,,,,,,,,,,,,,,,,,,,,,,,,,,,,,,,,,,,,,,,,,,,,,,,,,,,,,,,,,,,,,,,,,,,,,,,,,,,,,,,,,,,,,,,,,,,,,,,,,,,,,,,,,,,,,,,,,,,,,,,,,,,,,,,,,,,,,,,,,,,,,,,,,,,,,,,,,,,,,,,,,,,,,,,,,,,,,,,,,,,,,,,,,,,,,,,,,,,,,,,,,,,,,,,,,,,,,,,,,,,,,,,,,,,,,,,,,,,,,,,,,,,,,,9.0,9.0,9.0,9.0,9.0,9.0,9.0,9.0,9.0,9.0,9.0,9.0,9.0,9.0,9.0,9.0,9.0,9.0,9.0,9.0,21.0,21.0,49.0,49.0,49.0,49.0,49.0,49.0,49.0,49.0,49.0,49.0,49.0,49.0,49.0,49.0,49.0,49.0,49.0,49.0,49.0,49.0,49.0,49.0,49.0,49.0,49.0,49.0,49.0,49.0,68.0,78.0,155.0,155.0,155.0,155.0,155.0,155.0,155.0,155.0,155.0,174.0,220.0,220.0,247.0,272.0,272.0,272.0,272.0,272.0,272.0,272.0,272.0,272.0,272.0,272.0,272.0,272.0,272.0,272.0,272.0,272.0,272.0,272.0,272.0,272.0,272.0,272.0,272.0,272.0,272.0,272.0,272.0,272.0,272.0,272.0,272.0,272.0,272.0,272.0,272.0,272.0,272.0,272.0,272.0,272.0,272.0,272.0,272.0,272.0,272.0,272.0,272.0,272.0,272.0,272.0,272.0,272.0,272.0,272.0,272.0,272.0,272.0,272.0,272.0,272.0,272.0,272.0,272.0,272.0,272.0,272.0,272.0,272.0,272.0,272.0,272.0,272.0,272.0,272.0,272.0,272.0,272.0,272.0,272.0,272.0,272.0,272.0,272.0,272.0,272.0,272.0,272.0,272.0,272.0,272.0,272.0,272.0,272.0,272.0,272.0,272.0,272.0,272.0,272.0,272.0,272.0,272.0,272.0,272.0,272.0,272.0,272.0,272.0,272.0,272.0,272.0,272.0,272.0,272.0,272.0,272.0,272.0,272.0,272.0,272.0,272.0,272.0,272.0,272.0,272.0,272.0,275.0,329.0,378.0,378.0,378.0,462.0,552.0,632.0,721.0,828.0,926.0,1029.0,1131.0,1225.0,1327.0,1401.0,1477.0,1555.0,1645.0,1726.0,1832.0,1920.0,2004.0,2111.0,2219.0,2316.0,2411.0,2452.0,2452.0,2452.0,2452.0,2452.0,2452.0,2452.0,2452.0,2452.0,2452.0,2452.0,2452.0,2452.0,2452.0,2452.0,2452.0,2452.0,2452.0,2452.0,2452.0,2452.0,2452.0,2452.0,2452.0,2482.0,2505.0,2505.0,2505.0,2505.0,2505.0,2505.0,2505.0,2505.0,2505.0,2505.0,2505.0,2505.0,2505.0,2505.0,2505.0,2505.0,2505.0,2505.0,2505.0,2505.0,2505.0,2505.0,2505.0,2505.0,2505.0,2505.0,2505.0,2505.0,2505.0,2561.0,2627.0,2698.0,2805.0,2905.0,2993.0,3093.0,3186.0,3289.0,3349.0,3460.0,3562.0,3659.0,3763.0,3852.0,3943.0,4037.0,4140.0,4224.0,4332.0,4440.0,4546.0,4651.0,4746.0,4815.0,4851.0,4851.0,4851.0,4851.0,4851.0,4851.0,4851.0,4851.0,4851.0,4851.0,4851.0,4851.0,4851.0,4851.0,4851.0,4851.0,4851.0,4851.0,4851.0,4851.0,4851.0,4851.0,4851.0,4851.0,4851.0,4851.0,4851.0,4851.0,4851.0,4851.0,4851.0,4851.0,4851.0,4851.0,4851.0,4851.0,4851.0,4851.0,4851.0,4851.0,4851.0,4851.0,4851.0,4851.0,4851.0,4851.0,4851.0,4851.0,4851.0,4851.0,4851.0,4851.0,4851.0,4851.0,4851.0,4851.0,4851.0,4851.0,4851.0,4851.0,4851.0,4851.0,4851.0,4851.0,4851.0,4851.0,4851.0,4851.0,4851.0,4851.0,4851.0,4851.0,4851.0,4851.0,4851.0,4851.0,4851.0,4851.0,4851.0,4851.0,4851.0,4851.0,4851.0,4851.0,4851.0,4851.0,4851.0,4851.0,4851.0,4851.0,4851.0,4851.0,4851.0,4851.0,4851.0,4851.0,4851.0,4851.0,4851.0,4851.0,4851.0,4851.0,4851.0,4851.0,4851.0,4851.0,4851.0,4851.0,4851.0,4851.0,4851.0,4851.0,4851.0,4851.0,4851.0,4851.0,4851.0,4851.0,4851.0,4851.0,4851.0,4851.0,4851.0,4851.0,4851.0,4851.0,4851.0,4851.0,4851.0,4851.0,4851.0,4851.0,4851.0,4851.0,4851.0,4851.0,4851.0,4851.0,4851.0,4851.0,4851.0,4851.0,4851.0,4851.0,4851.0,4851.0,4851.0,4851.0,4851.0,4851.0,4851.0,4851.0,4851.0,4851.0,4851.0,4851.0,4851.0,4851.0,4851.0,4851.0,4851.0,4851.0,4851.0,4851.0,4851.0,4851.0,4851.0,4851.0,4851.0,4851.0,4851.0,4851.0,4851.0,4851.0,4851.0,4851.0,4851.0,4851.0,4851.0,4851.0,4851.0,4851.0,4851.0,4851.0,4851.0,4851.0,4851.0,4851.0,4851.0,4851.0,4851.0,4851.0,4851.0,4851.0,4851.0,4851.0,4851.0,4851.0,4851.0,4851.0,4851.0,4851.0,4851.0,4851.0,4851.0,4851.0,4851.0,4851.0,4851.0,4851.0,4851.0,4851.0,4851.0,4851.0,4897.0,4904.0,4904.0,4904.0,4904.0,4925.0,5022.0,5023.0,5051.0,5077.0,5140.0,5203.0,5313.0,5315.0,5315.0,5315.0,5315.0,5315.0,5315.0,5315.0,5315.0,5315.0,5315.0,5315.0,5315.0,5315.0,5315.0,5315.0,5369.0,5468.0,5516.0,5516.0,5516.0,5516.0,5516.0,5516.0,5516.0,5516.0,5516.0,5516.0,5516.0,5530.0,5628.0,5679.0,5679.0,5679.0,5679.0,5679.0,5679.0,5733.0,5785.0,5834.0,5834.0,5891.0,6060.0,6220.0,6394.0,6569.0,6735.0,6907.0,7082.0,7258.0,7426.0,7603.0,7778.0,7954.0,8112.0,8113.0,8144.0,8294.0,8469.0,8633.0,8787.0,8956.0,9132.0,9308.0,9486.0,9662.0,9806.0,9986.0,10161.0,10340.0,10518.0,10696.0,10864.0,11042.0,11222.0,11402.0,11574.0,11744.0,11909.0,12086.0,12256.0,12424.0,12598.0,12777.0,12940.0,13118.0,13299.0,13475.0,13652.0,13827.0,14002.0,14180.0,14354.0,14514.0,14693.0,14857.0,15034.0,15211.0,15387.0,15559.0,15738.0,15910.0,16060.0,16228.0,16378.0,16559.0,16733.0,16899.0,17068.0,17220.0,17385.0,17558.0,17721.0,17896.0,18072.0,18215.0,18229.0,18229.0,18229.0,18229.0,18229.0,18229.0,18229.0,18302.0,18302.0,18310.0,18310.0,18310.0,18321.0,18351.0,18351.0,18351.0,18351.0,18394.0,18482.0,18560.0,18592.0,18592.0,18592.0,18592.0,18592.0,18592.0,18592.0,18592.0,18603.0,18664.0,18664.0,18664.0,18664.0,18664.0,18664.0,18664.0,18664.0,18664.0,18664.0,18664.0,18664.0,18664.0,18664.0,18664.0,18669.0,18669.0,18669.0,18694.0,18720.0,18762.0,18762.0,18781.0,18781.0,18781.0,18781.0,18781.0,18781.0,18781.0,18781.0,18781.0,18781.0,18781.0,18781.0,18781.0,18781.0,18781.0,18781.0,18781.0,18781.0,18781.0,18781.0,18781.0,18781.0,18781.0,18781.0,18781.0,18781.0,18781.0,18781.0,18781.0,18781.0,18781.0,18781.0,18781.0,18781.0,18781.0,18781.0,18781.0,18781.0,18781.0,18781.0,18781.0,18781.0,18781.0,18781.0,18781.0,18781.0,18781.0,18781.0,18781.0,18781.0,18781.0,18781.0,18781.0,18781.0,18781.0,18781.0,18781.0,18781.0,18781.0,18781.0,18781.0,18781.0,18781.0,18781.0,18781.0,18781.0,18781.0,18781.0,18781.0,18781.0,18781.0,18781.0,18781.0,18781.0,18781.0,18781.0,18781.0,18781.0,18781.0,18781.0,18781.0,18781.0,18781.0,18781.0,18781.0,18781.0,18781.0,18781.0,18781.0,18781.0,18781.0,18781.0,18781.0,18781.0,18781.0,18781.0,18781.0,18781.0,18781.0,18781.0,18781.0,18781.0,18781.0,18798.0,18834.0,18852.0,18864.0,18864.0,18864.0,18864.0,18864.0,18864.0,18864.0,18864.0,18864.0,18864.0,18864.0,18876.0,18983.0,19053.0,19054.0,19054.0,19054.0,19054.0,19054.0,19054.0,19054.0,19054.0,19054.0,19054.0,19054.0,19054.0,19054.0,19054.0,19054.0,19054.0,19054.0,19054.0,19054.0,19054.0,19054.0,19054.0,19054.0,19054.0,19054.0,19054.0,19054.0,19054.0,19054.0,19054.0,19054.0,19054.0,19054.0,19054.0,19054.0,19054.0,19054.0,19054.0,19054.0,19054.0,19054.0,19054.0,19054.0,19054.0,19054.0,19054.0,19064.0,19064.0,19064.0,19064.0,19064.0,19064.0,19064.0,19064.0,19064.0,,,,,,,,,,,,,,,,,,,,,,,,,,,,,,,,,,,,,,,,,,,,,,,,,,,,,,,,,,,,,,,,,,,,,,,,,,,
2018-07-12,ios,,,,,,,,,,,,,,,,,,,,,,,,,,,,,,,,,,,,,,,,,,,,,,,,,,,,,,,,,,,,,,,,,,,,,,,,,,,,,,,,,,,,,,,,,,,,,,,,,,,,,,,,,,,,,,,,,,,,,,,,,,,,,,,,,,,,,,,,,,,,,,,,,,,,,,,,,,,,,,,,,,,,,,,,,,,,,,,,,,,,,,,,,,,,,,,,,,,,,,,,,,,,,,,,,,,,,,,,,,,,,,,,,,,,,,,,,,,,,,,,,,,,,,,,,,,,,,,,,,,,,,,,,,,,,,,,,,,,,,,,,,,,,,,,,,,,,,,,,,,,,,,,,,,,,,,,,,,,,,,,,,,,,,,,,,,,,,,,,,,,,,,,,,,,,,,,,,,,,,,,,,,,,,,,,,,,,,,,,,,,,,,,,,,,,,,,,,,,,,,,,,,,,,,,,,,,,,,,,,,,,,,,,,,28.0,28.0,28.0,28.0,28.0,28.0,28.0,28.0,28.0,28.0,28.0,28.0,28.0,28.0,28.0,28.0,28.0,28.0,28.0,28.0,28.0,52.0,52.0,52.0,52.0,52.0,52.0,52.0,52.0,52.0,52.0,52.0,58.0,81.0,81.0,81.0,81.0,81.0,81.0,81.0,81.0,81.0,81.0,81.0,89.0,170.0,279.0,281.0,281.0,281.0,281.0,281.0,281.0,281.0,281.0,324.0,414.0,414.0,414.0,414.0,414.0,414.0,414.0,489.0,582.0,586.0,623.0,639.0,682.0,682.0,756.0,809.0,809.0,809.0,809.0,809.0,809.0,809.0,809.0,809.0,809.0,809.0,809.0,809.0,809.0,809.0,809.0,809.0,809.0,809.0,809.0,809.0,809.0,809.0,809.0,809.0,809.0,809.0,809.0,809.0,809.0,809.0,809.0,809.0,809.0,809.0,809.0,809.0,809.0,809.0,809.0,809.0,809.0,809.0,809.0,809.0,809.0,809.0,809.0,809.0,809.0,809.0,809.0,809.0,809.0,809.0,809.0,809.0,809.0,809.0,809.0,809.0,809.0,809.0,809.0,809.0,809.0,809.0,809.0,809.0,809.0,809.0,809.0,809.0,809.0,809.0,809.0,809.0,809.0,809.0,809.0,809.0,809.0,809.0,809.0,809.0,809.0,809.0,809.0,809.0,809.0,809.0,809.0,809.0,809.0,809.0,809.0,809.0,809.0,809.0,809.0,836.0,889.0,928.0,952.0,963.0,991.0,991.0,991.0,991.0,991.0,999.0,1034.0,1091.0,1091.0,1091.0,1091.0,1091.0,1091.0,1091.0,1091.0,1091.0,1091.0,1091.0,1091.0,1091.0,1091.0,1091.0,1091.0,1091.0,1091.0,1091.0,1091.0,1091.0,1091.0,1091.0,1091.0,1091.0,1091.0,1091.0,1091.0,1091.0,1091.0,1091.0,1091.0,1100.0,1100.0,1117.0,1117.0,1117.0,1159.0,1207.0,1232.0,1253.0,1253.0,1253.0,1253.0,1253.0,1284.0,1402.0,1440.0,1440.0,1441.0,1548.0,1632.0,1650.0,1663.0,1689.0,1689.0,1689.0,1689.0,1689.0,1689.0,1689.0,1689.0,1689.0,1689.0,1689.0,1689.0,1689.0,1689.0,1689.0,1731.0,1788.0,1819.0,1921.0,1949.0,1949.0,1949.0,1949.0,1949.0,1949.0,1949.0,1949.0,1949.0,1949.0,1949.0,1949.0,1949.0,1949.0,1949.0,1949.0,1949.0,1949.0,1949.0,1949.0,1949.0,1949.0,1949.0,1949.0,1949.0,1949.0,1949.0,1949.0,1949.0,1949.0,1949.0,1949.0,1949.0,1949.0,1949.0,1949.0,1949.0,1949.0,1949.0,1949.0,1949.0,1949.0,1949.0,1949.0,1949.0,1949.0,1949.0,1949.0,1949.0,1949.0,1949.0,1949.0,1949.0,1949.0,1949.0,1949.0,1949.0,2016.0,2034.0,2034.0,2034.0,2034.0,2034.0,2034.0,2079.0,2079.0,2125.0,2125.0,2125.0,2125.0,2125.0,2125.0,2125.0,2158.0,2161.0,2161.0,2161.0,2196.0,2196.0,2211.0,2219.0,2219.0,2219.0,2219.0,2219.0,2219.0,2219.0,2219.0,2219.0,2219.0,2219.0,2219.0,2219.0,2219.0,2219.0,2219.0,2219.0,2219.0,2219.0,2219.0,2219.0,2219.0,2219.0,2219.0,2219.0,2219.0,2219.0,2219.0,2219.0,2219.0,2219.0,2219.0,2219.0,2219.0,2219.0,2219.0,2219.0,2219.0,2219.0,2219.0,2219.0,2219.0,2219.0,2219.0,2219.0,2219.0,2219.0,2219.0,2219.0,2219.0,2219.0,2219.0,2219.0,2219.0,2219.0,2219.0,2219.0,2219.0,2219.0,2219.0,2219.0,2219.0,2219.0,2219.0,2219.0,2219.0,2219.0,2219.0,2219.0,2219.0,2219.0,2219.0,2219.0,2219.0,2219.0,2219.0,2219.0,2219.0,2219.0,2219.0,2219.0,2219.0,2219.0,2219.0,2293.0,2354.0,2458.0,2479.0,2487.0,2487.0,2518.0,2518.0,2518.0,2579.0,2606.0,2614.0,2686.0,2789.0,2817.0,2817.0,2837.0,2845.0,2876.0,2948.0,2989.0,3038.0,3067.0,3078.0,3078.0,3088.0,3088.0,3088.0,3088.0,3179.0,3195.0,3195.0,3195.0,3195.0,3195.0,3195.0,3195.0,3195.0,3195.0,3195.0,3195.0,3195.0,3271.0,3271.0,3271.0,3271.0,3271.0,3271.0,3271.0,3271.0,3271.0,3271.0,3271.0,3271.0,3271.0,3271.0,3271.0,3271.0,3271.0,3271.0,3271.0,3271.0,3271.0,3271.0,3271.0,3271.0,3271.0,3271.0,3271.0,3271.0,3271.0,3271.0,3271.0,3271.0,3271.0,3271.0,3271.0,3271.0,3271.0,3271.0,3271.0,3271.0,3271.0,3271.0,3271.0,3271.0,3271.0,3271.0,3271.0,3271.0,3271.0,3271.0,3271.0,3271.0,3271.0,3271.0,3271.0,3271.0,3271.0,3271.0,3271.0,3271.0,3271.0,3271.0,3271.0,3271.0,3271.0,3271.0,3271.0,3271.0,3271.0,3271.0,3271.0,3271.0,3271.0,3271.0,3271.0,3271.0,3271.0,3271.0,3271.0,3271.0,3271.0,3271.0,3271.0,3271.0,3271.0,3271.0,3271.0,3271.0,3271.0,3271.0,3271.0,3271.0,3271.0,3271.0,3271.0,3271.0,3271.0,3271.0,3271.0,3271.0,3271.0,3271.0,3271.0,3271.0,3271.0,3271.0,3271.0,3271.0,3271.0,3271.0,3271.0,3271.0,3271.0,3271.0,3271.0,3271.0,3271.0,3271.0,3271.0,3271.0,3271.0,3271.0,3271.0,3271.0,3271.0,3271.0,3271.0,3271.0,3271.0,3271.0,3271.0,3271.0,3271.0,3271.0,3271.0,3271.0,3271.0,3271.0,3271.0,3271.0,3271.0,3271.0,3271.0,3271.0,3271.0,3271.0,3271.0,3271.0,3271.0,3271.0,3271.0,3271.0,3271.0,3271.0,3271.0,3271.0,3271.0,3271.0,3271.0,3271.0,3271.0,3271.0,3271.0,3271.0,3271.0,3271.0,3271.0,3271.0,3271.0,3271.0,3271.0,3271.0,3271.0,3271.0,3271.0,3271.0,3271.0,3271.0,3271.0,3271.0,3271.0,3271.0,3271.0,3271.0,3271.0,3271.0,3271.0,3271.0,3271.0,3271.0,3271.0,3271.0,3271.0,3271.0,3271.0,3271.0,3271.0,3271.0,3271.0,3271.0,3271.0,3271.0,3271.0,3271.0,3271.0,3271.0,3271.0,3271.0,3271.0,3271.0,3271.0,3271.0,3271.0,3271.0,3271.0,3271.0,3271.0,3271.0,3271.0,3271.0,3271.0,3271.0,3271.0,3271.0,3271.0,3271.0,3271.0,3271.0,3271.0,3271.0,3271.0,3271.0,3271.0,3271.0,3271.0,3271.0,3271.0,3271.0,3271.0,3271.0,3271.0,3271.0,3271.0,3271.0,3271.0,3271.0,3271.0,3291.0,3291.0,3291.0,3291.0,3291.0,3291.0,3291.0,3291.0,3291.0,3291.0,3291.0,3291.0,3291.0,3291.0,3291.0,3291.0,3291.0,3291.0,3301.0,3307.0,3307.0,3307.0,3307.0,3307.0,3307.0,3307.0,3307.0,3307.0,3307.0,3307.0,3307.0,3314.0,3315.0,3315.0,3315.0,3315.0,3315.0,3315.0,3315.0,3315.0,3315.0,3315.0,3315.0,3315.0,3315.0,3315.0,3315.0,3315.0,3315.0,3315.0,3315.0,3362.0,3376.0,3391.0,3391.0,3391.0,3391.0,3391.0,3391.0,3391.0,3391.0,3391.0,3391.0,3391.0,3391.0,3391.0,3391.0,3391.0,3391.0,3391.0,3391.0,3391.0,3391.0,3391.0,3391.0,3391.0,3391.0,3391.0,3391.0,3391.0,3391.0,3391.0,3391.0,3391.0,3391.0,3391.0,3391.0,3391.0,3391.0,3391.0,3391.0,3391.0,3391.0,3391.0,3391.0,3391.0,3391.0,3391.0,3391.0,3391.0,3391.0,3391.0,3391.0,3391.0,3391.0,3391.0,3391.0,3391.0,3391.0,3391.0,3391.0,3391.0,3391.0,3391.0,3391.0,3391.0,3391.0,3391.0,3391.0,3391.0,3391.0,3391.0,3459.0,3466.0,3472.0,3472.0,3472.0,3472.0,3472.0,3472.0,3472.0,3472.0,3472.0,3472.0,3472.0,3472.0,3472.0,3472.0,3472.0,3472.0,3472.0,3472.0,3472.0,3472.0,3472.0,3472.0,3472.0,3472.0,3472.0,3472.0,3472.0,3472.0,3472.0,3472.0,3472.0,3472.0,3472.0,3472.0,3472.0,3472.0,3472.0,3472.0,3472.0,3472.0,3472.0,3472.0,3472.0,3472.0,3472.0,3472.0,3472.0,3472.0,3472.0,3472.0,3472.0,3472.0,3472.0,3472.0,3472.0,3472.0,3472.0,3472.0,3472.0,3472.0,3472.0,3472.0,3472.0,3472.0,3472.0,3472.0,3472.0,3472.0,3472.0,3481.0,3481.0,3481.0,3481.0,3481.0,3481.0,3481.0,3481.0,3481.0,3481.0,3481.0,3481.0,3481.0,3481.0,3481.0,3481.0,3481.0,3481.0,3481.0,3481.0,3481.0,3481.0,3481.0,3481.0,3481.0,3481.0,3481.0,3481.0,3481.0,3481.0,3481.0,3481.0,3481.0,3481.0,3481.0,3481.0,3481.0,3481.0,3481.0,3481.0,3481.0,3481.0,3481.0,3481.0,3481.0,3481.0,3481.0,3481.0,3481.0,3481.0,3481.0,3481.0,3481.0,3481.0,3481.0,3481.0,3481.0,3481.0,3481.0,3481.0,3481.0,3481.0,3549.0,3640.0,3652.0,3652.0,3652.0,3652.0,3652.0,3652.0,3652.0,3652.0,3652.0,3652.0,3652.0,3652.0,3652.0,3652.0,3652.0,3652.0,3652.0,3652.0,3652.0,3652.0,3652.0,3652.0,3652.0,3652.0,3683.0,3683.0,3683.0,3697.0,3717.0,3717.0,3717.0,3717.0,3717.0,3748.0,3748.0,3748.0,3776.0,3776.0,3797.0,3797.0,3797.0,3797.0,3797.0,3797.0,3797.0,3797.0,3797.0,
2018-07-13,ios,,,,,,,,,,,,,,,,,,,,,,,,,,,,,,,,,,,,,,,,,,,,,,,,,,,,,,,,,,,,,,,,,,,,,,,,,,,,,,,,,,,,,,,,,,,,,,,,,,,,,,,,,,,,,,,,,,,,,,,,,,,,,,,,,,,,,,,,,,,,,,,,,,,,,,,,,,,,,,,,,,,,,,,,,,,,,,,,,,,,,,,,,,,,,,,,,,,,,,,,,,,,,,,,,,,,,,,,,,,,,,,,,,,,,,,,,,,,,,,,,,,,,,,,,,,,,,,,,,,,,,,,,,,,,,,,,,,,,,,,,,,,,,,,,,,,,,,,,,,,,,,,,,,,,,,,,,,,,,,,,,,,,,,,,,,,,,,,,,,,,,,,,,,,,,,,,,,,,,,,,,,,,,,,,,,,,,,,,,,,,,,,,,,,,,,,,,,,,,,,,,,,,,,,,,,,,,,,,,,,,,,,,,,,,,,,,,,,,15.0,24.0,57.0,57.0,57.0,57.0,57.0,57.0,57.0,57.0,86.0,120.0,134.0,153.0,163.0,163.0,163.0,163.0,163.0,163.0,163.0,163.0,163.0,163.0,163.0,163.0,163.0,163.0,163.0,163.0,163.0,163.0,163.0,163.0,163.0,163.0,163.0,163.0,163.0,163.0,163.0,163.0,163.0,163.0,197.0,215.0,215.0,215.0,215.0,215.0,215.0,215.0,215.0,215.0,215.0,215.0,215.0,215.0,215.0,215.0,215.0,215.0,215.0,215.0,215.0,215.0,215.0,215.0,215.0,215.0,215.0,215.0,215.0,215.0,215.0,215.0,215.0,215.0,215.0,215.0,226.0,226.0,304.0,432.0,439.0,439.0,439.0,439.0,439.0,439.0,484.0,484.0,484.0,484.0,484.0,484.0,484.0,484.0,484.0,484.0,484.0,484.0,484.0,484.0,484.0,484.0,484.0,484.0,484.0,484.0,484.0,484.0,484.0,484.0,484.0,484.0,484.0,484.0,484.0,484.0,484.0,484.0,484.0,484.0,484.0,484.0,484.0,484.0,484.0,484.0,484.0,484.0,484.0,484.0,484.0,484.0,484.0,484.0,484.0,484.0,484.0,484.0,484.0,484.0,484.0,484.0,484.0,484.0,484.0,484.0,484.0,484.0,484.0,484.0,484.0,484.0,484.0,484.0,484.0,484.0,484.0,484.0,484.0,484.0,484.0,484.0,484.0,484.0,484.0,484.0,484.0,484.0,484.0,484.0,484.0,484.0,484.0,484.0,484.0,484.0,484.0,484.0,484.0,484.0,484.0,484.0,484.0,484.0,484.0,484.0,484.0,484.0,484.0,484.0,484.0,484.0,484.0,484.0,484.0,484.0,484.0,484.0,484.0,484.0,484.0,484.0,484.0,484.0,484.0,484.0,484.0,484.0,484.0,484.0,484.0,484.0,484.0,484.0,484.0,484.0,484.0,484.0,484.0,484.0,484.0,484.0,484.0,484.0,484.0,484.0,484.0,484.0,484.0,484.0,484.0,484.0,484.0,484.0,484.0,489.0,558.0,558.0,558.0,558.0,558.0,558.0,558.0,558.0,558.0,558.0,558.0,558.0,558.0,558.0,558.0,571.0,589.0,589.0,589.0,589.0,589.0,589.0,607.0,612.0,612.0,612.0,612.0,641.0,650.0,650.0,650.0,650.0,650.0,664.0,672.0,672.0,672.0,672.0,672.0,729.0,840.0,932.0,1031.0,1121.0,1178.0,1214.0,1224.0,1224.0,1224.0,1224.0,1224.0,1224.0,1224.0,1224.0,1224.0,1224.0,1224.0,1224.0,1224.0,1224.0,1224.0,1224.0,1262.0,1307.0,1417.0,1528.0,1632.0,1732.0,1822.0,1888.0,1888.0,1888.0,1888.0,1888.0,1888.0,1888.0,1888.0,1888.0,1888.0,1888.0,1888.0,1888.0,1888.0,1888.0,1888.0,1888.0,1888.0,1888.0,1888.0,1888.0,1888.0,1888.0,1888.0,1888.0,1888.0,1888.0,1888.0,1888.0,1888.0,1888.0,1888.0,1888.0,1944.0,2001.0,2056.0,2056.0,2060.0,2060.0,2060.0,2060.0,2060.0,2060.0,2068.0,2069.0,2069.0,2069.0,2069.0,2069.0,2069.0,2069.0,2069.0,2069.0,2077.0,2077.0,2077.0,2077.0,2077.0,2077.0,2077.0,2077.0,2077.0,2077.0,2077.0,2077.0,2077.0,2085.0,2091.0,2091.0,2112.0,2112.0,2112.0,2134.0,2149.0,2149.0,2171.0,2191.0,2201.0,2201.0,2201.0,2201.0,2201.0,2201.0,2201.0,2201.0,2201.0,2201.0,2201.0,2201.0,2201.0,2201.0,2201.0,2201.0,2201.0,2201.0,2201.0,2201.0,2201.0,2201.0,2201.0,2201.0,2201.0,2201.0,2201.0,2201.0,2201.0,2201.0,2201.0,2201.0,2201.0,2201.0,2201.0,2201.0,2201.0,2201.0,2201.0,2201.0,2201.0,2201.0,2201.0,2201.0,2201.0,2201.0,2201.0,2201.0,2201.0,2201.0,2201.0,2201.0,2201.0,2201.0,2201.0,2201.0,2201.0,2201.0,2201.0,2201.0,2201.0,2201.0,2201.0,2201.0,2201.0,2201.0,2201.0,2201.0,2201.0,2201.0,2201.0,2201.0,2201.0,2201.0,2201.0,2201.0,2201.0,2201.0,2201.0,2201.0,2201.0,2201.0,2201.0,2201.0,2201.0,2201.0,2201.0,2201.0,2201.0,2201.0,2201.0,2201.0,2201.0,2201.0,2201.0,2201.0,2201.0,2201.0,2201.0,2201.0,2201.0,2201.0,2201.0,2201.0,2201.0,2201.0,2201.0,2201.0,2201.0,2201.0,2201.0,2201.0,2201.0,2201.0,2201.0,2201.0,2201.0,2201.0,2201.0,2201.0,2201.0,2201.0,2201.0,2201.0,2201.0,2201.0,2201.0,2201.0,2201.0,2201.0,2201.0,2201.0,2201.0,2201.0,2201.0,2201.0,2201.0,2201.0,2201.0,2201.0,2201.0,2201.0,2201.0,2201.0,2201.0,2201.0,2201.0,2201.0,2201.0,2201.0,2201.0,2201.0,2201.0,2201.0,2201.0,2201.0,2201.0,2201.0,2201.0,2201.0,2201.0,2201.0,2201.0,2201.0,2201.0,2201.0,2201.0,2201.0,2201.0,2201.0,2201.0,2201.0,2201.0,2201.0,2201.0,2201.0,2201.0,2201.0,2201.0,2201.0,2201.0,2201.0,2201.0,2201.0,2201.0,2201.0,2201.0,2201.0,2201.0,2201.0,2201.0,2201.0,2201.0,2201.0,2201.0,2201.0,2201.0,2201.0,2201.0,2201.0,2201.0,2201.0,2232.0,2263.0,2267.0,2267.0,2267.0,2267.0,2275.0,2275.0,2275.0,2275.0,2275.0,2275.0,2275.0,2275.0,2291.0,2291.0,2291.0,2291.0,2299.0,2299.0,2307.0,2307.0,2326.0,2340.0,2340.0,2340.0,2340.0,2340.0,2340.0,2340.0,2340.0,2340.0,2340.0,2340.0,2348.0,2348.0,2348.0,2348.0,2361.0,2377.0,2377.0,2377.0,2377.0,2377.0,2377.0,2377.0,2377.0,2380.0,2431.0,2431.0,2431.0,2431.0,2431.0,2431.0,2431.0,2431.0,2431.0,2431.0,2431.0,2431.0,2431.0,2431.0,2431.0,2431.0,2431.0,2431.0,2431.0,2431.0,2431.0,2431.0,2431.0,2431.0,2431.0,2431.0,2431.0,2431.0,2431.0,2431.0,2431.0,2431.0,2431.0,2431.0,2431.0,2431.0,2431.0,2431.0,2431.0,2431.0,2431.0,2431.0,2431.0,2431.0,2442.0,2442.0,2442.0,2442.0,2484.0,2484.0,2484.0,2484.0,2492.0,2492.0,2492.0,2492.0,2492.0,2492.0,2492.0,2492.0,2492.0,2492.0,2492.0,2492.0,2492.0,2492.0,2492.0,2492.0,2492.0,2492.0,2492.0,2492.0,2492.0,2492.0,2492.0,2492.0,2492.0,2492.0,2492.0,2585.0,2585.0,2585.0,2602.0,2602.0,2602.0,2602.0,2602.0,2602.0,2602.0,2602.0,2602.0,2602.0,2602.0,2602.0,2602.0,2602.0,2602.0,2602.0,2602.0,2602.0,2602.0,2602.0,2602.0,2602.0,2602.0,2602.0,2602.0,2602.0,2602.0,2602.0,2602.0,2602.0,2602.0,2602.0,2602.0,2602.0,2602.0,2602.0,2602.0,2602.0,2602.0,2602.0,2602.0,2602.0,2602.0,2602.0,2602.0,2602.0,2602.0,2602.0,2602.0,2602.0,2602.0,2602.0,2602.0,2602.0,2602.0,2602.0,2602.0,2602.0,2602.0,2602.0,2602.0,2602.0,2602.0,2602.0,2602.0,2602.0,2602.0,2602.0,2602.0,2602.0,2602.0,2602.0,2602.0,2602.0,2602.0,2602.0,2615.0,2615.0,2615.0,2615.0,2615.0,2615.0,2615.0,2615.0,2615.0,2615.0,2615.0,2615.0,2615.0,2615.0,2615.0,2615.0,2615.0,2615.0,2615.0,2615.0,2627.0,2711.0,2711.0,2711.0,2711.0,2711.0,2711.0,2711.0,2711.0,2711.0,2711.0,2711.0,2711.0,2711.0,2711.0,2711.0,2711.0,2711.0,2711.0,2711.0,2711.0,2711.0,2711.0,2711.0,2711.0,2711.0,2711.0,2711.0,2711.0,2711.0,2711.0,2711.0,2711.0,2711.0,2711.0,2711.0,2711.0,2711.0,2711.0,2711.0,2711.0,2711.0,2711.0,2711.0,2711.0,2711.0,2711.0,2711.0,2711.0,2711.0,2711.0,2711.0,2711.0,2737.0,2851.0,2914.0,2914.0,2914.0,2914.0,2914.0,2914.0,2914.0,2914.0,2914.0,2934.0,2934.0,3017.0,3072.0,3157.0,3252.0,3360.0,3409.0,3490.0,3524.0,3651.0,3770.0,3782.0,3794.0,3867.0,3970.0,4062.0,4168.0,4283.0,4397.0,4462.0,4500.0,4500.0,4500.0,4500.0,4500.0,4500.0,4500.0,4500.0,4500.0,4500.0,4512.0,4525.0,4525.0,4525.0,4525.0,,,,,,,,,,,,,,,,,,,,,,,,,,,,,,,,,,,,,,,,,,,,,,,,,,,,,,,,,,,,,,,,,,,,,,,,,,,,,,,,,,,,,,,,,,
2018-07-14,ios,,,,,,,,,,,,,,,,,,,,,,,,,,,,,,,,,,,,,,,,,,,,,,,,,,,,,,,,,,,,,,,,,,,,,,,,,,,,,,,,,,,,,,,,,,,,,,,,,,,,,,,,,,,,,,,,,,,,,,,,,,,,,,,,,,,,,,,,,,,,,,,,,,,,,,,,,,,,,,,,,,,,,,,,,,,,,,,,,,,,,,,,,,,,,,,,,,,,,,,,,,,,,,,,,,,,,,,,,,,,,,,,,,,,,,,,,,,,,,,,,,,,,,,,,,,,,,,,,,,,,,,,,,,,,,,,,,,,,,,,,,,,,,,,,,,,,,,,,,,,,,,,,,,,,,,,,,,,,,,,,,,,,,,,,,,,,,,,,,,,,,,,,,,,,,,,,,,,,,,,,,,,,,,,,,,,,,,,,,,,,,,,,,,,,,,,,,,,,,,,,,,,,,,,,,,,,,,,,,,,,,,,,,,,,,,,,,,,,,,,,,,,,,,,,,,,,,,,,,,,,,,,,,,,,,,,,,,,,,,,,,,,,,,,,,,,,,,,,,,,,,,,,,,,,,,,,,,,,,,,,,,,,,,,,,,,,,,,,,,,,,,,,,,,,,26.0,26.0,38.0,38.0,38.0,38.0,38.0,38.0,84.0,142.0,177.0,190.0,190.0,190.0,190.0,190.0,190.0,190.0,190.0,190.0,190.0,190.0,190.0,190.0,190.0,190.0,190.0,190.0,190.0,190.0,190.0,190.0,190.0,190.0,190.0,190.0,190.0,190.0,190.0,190.0,190.0,190.0,190.0,190.0,190.0,190.0,190.0,190.0,190.0,190.0,190.0,190.0,190.0,190.0,190.0,190.0,190.0,190.0,190.0,190.0,190.0,190.0,190.0,190.0,190.0,190.0,190.0,190.0,190.0,190.0,190.0,190.0,190.0,190.0,190.0,190.0,190.0,190.0,193.0,214.0,218.0,226.0,226.0,226.0,226.0,226.0,226.0,278.0,278.0,278.0,287.0,287.0,295.0,304.0,406.0,430.0,457.0,457.0,457.0,457.0,457.0,457.0,457.0,457.0,457.0,457.0,457.0,457.0,457.0,457.0,457.0,457.0,457.0,457.0,457.0,457.0,457.0,457.0,457.0,457.0,457.0,457.0,457.0,457.0,457.0,457.0,457.0,457.0,457.0,457.0,457.0,457.0,457.0,457.0,457.0,457.0,457.0,457.0,457.0,457.0,457.0,457.0,457.0,457.0,457.0,457.0,457.0,457.0,457.0,457.0,457.0,457.0,457.0,457.0,457.0,457.0,457.0,457.0,457.0,457.0,457.0,457.0,457.0,457.0,457.0,457.0,457.0,457.0,457.0,457.0,457.0,457.0,457.0,457.0,457.0,457.0,457.0,457.0,457.0,457.0,457.0,457.0,457.0,457.0,457.0,457.0,457.0,457.0,457.0,457.0,457.0,457.0,457.0,457.0,457.0,457.0,457.0,457.0,457.0,457.0,457.0,457.0,457.0,457.0,457.0,457.0,457.0,457.0,457.0,457.0,457.0,457.0,457.0,457.0,457.0,457.0,457.0,457.0,457.0,457.0,457.0,457.0,457.0,457.0,457.0,457.0,457.0,457.0,457.0,457.0,457.0,457.0,457.0,457.0,457.0,457.0,457.0,457.0,457.0,457.0,457.0,457.0,457.0,457.0,457.0,457.0,457.0,457.0,457.0,457.0,457.0,457.0,457.0,457.0,457.0,457.0,457.0,457.0,457.0,457.0,457.0,457.0,457.0,457.0,457.0,457.0,457.0,457.0,457.0,457.0,457.0,457.0,457.0,457.0,457.0,457.0,457.0,457.0,457.0,457.0,457.0,457.0,457.0,457.0,457.0,457.0,457.0,457.0,457.0,457.0,457.0,457.0,457.0,457.0,457.0,457.0,457.0,457.0,457.0,457.0,457.0,457.0,457.0,457.0,457.0,457.0,457.0,457.0,457.0,457.0,457.0,457.0,457.0,457.0,457.0,457.0,457.0,457.0,457.0,457.0,457.0,457.0,457.0,457.0,457.0,457.0,457.0,457.0,457.0,457.0,457.0,457.0,457.0,457.0,457.0,457.0,457.0,457.0,457.0,470.0,543.0,645.0,649.0,649.0,649.0,649.0,649.0,649.0,649.0,649.0,649.0,649.0,649.0,649.0,649.0,649.0,649.0,649.0,649.0,649.0,649.0,649.0,649.0,649.0,649.0,649.0,649.0,649.0,649.0,649.0,649.0,649.0,649.0,649.0,649.0,649.0,649.0,649.0,649.0,649.0,649.0,649.0,649.0,649.0,649.0,649.0,649.0,649.0,649.0,649.0,649.0,649.0,649.0,649.0,649.0,649.0,649.0,683.0,712.0,712.0,712.0,712.0,712.0,712.0,712.0,712.0,712.0,712.0,712.0,712.0,712.0,712.0,712.0,712.0,712.0,712.0,712.0,712.0,712.0,722.0,769.0,840.0,966.0,1067.0,1088.0,1101.0,1101.0,1136.0,1255.0,1299.0,1299.0,1299.0,1299.0,1299.0,1299.0,1299.0,1299.0,1299.0,1299.0,1299.0,1299.0,1299.0,1299.0,1299.0,1299.0,1299.0,1299.0,1299.0,1299.0,1299.0,1299.0,1299.0,1299.0,1299.0,1299.0,1299.0,1299.0,1299.0,1299.0,1299.0,1299.0,1299.0,1299.0,1299.0,1299.0,1299.0,1299.0,1299.0,1299.0,1299.0,1299.0,1299.0,1299.0,1299.0,1299.0,1299.0,1299.0,1299.0,1299.0,1299.0,1299.0,1299.0,1299.0,1299.0,1299.0,1299.0,1299.0,1299.0,1299.0,1299.0,1299.0,1299.0,1299.0,1299.0,1299.0,1299.0,1299.0,1299.0,1299.0,1299.0,1299.0,1299.0,1299.0,1299.0,1299.0,1299.0,1299.0,1299.0,1299.0,1299.0,1299.0,1299.0,1299.0,1299.0,1299.0,1299.0,1299.0,1299.0,1299.0,1299.0,1299.0,1299.0,1299.0,1299.0,1299.0,1299.0,1299.0,1299.0,1299.0,1299.0,1299.0,1299.0,1299.0,1299.0,1299.0,1299.0,1299.0,1299.0,1299.0,1299.0,1299.0,1299.0,1299.0,1299.0,1299.0,1299.0,1299.0,1299.0,1299.0,1299.0,1299.0,1299.0,1299.0,1299.0,1299.0,1299.0,1299.0,1299.0,1299.0,1299.0,1299.0,1386.0,1484.0,1484.0,1484.0,1571.0,1642.0,1642.0,1642.0,1642.0,1642.0,1642.0,1642.0,1642.0,1642.0,1642.0,1642.0,1642.0,1642.0,1642.0,1642.0,1642.0,1642.0,1642.0,1642.0,1642.0,1642.0,1642.0,1642.0,1642.0,1642.0,1642.0,1642.0,1642.0,1642.0,1642.0,1642.0,1642.0,1642.0,1642.0,1642.0,1642.0,1642.0,1642.0,1642.0,1642.0,1642.0,1723.0,1832.0,1911.0,1956.0,2019.0,2029.0,2029.0,2029.0,2029.0,2029.0,2064.0,2091.0,2108.0,2108.0,2108.0,2108.0,2108.0,2108.0,2108.0,2108.0,2108.0,2108.0,2108.0,2108.0,2108.0,2108.0,2108.0,2108.0,2108.0,2108.0,2108.0,2108.0,2108.0,2108.0,2108.0,2108.0,2108.0,2108.0,2108.0,2108.0,2108.0,2108.0,2108.0,2108.0,2108.0,2108.0,2108.0,2108.0,2108.0,2108.0,2108.0,2108.0,2108.0,2108.0,2108.0,2108.0,2108.0,2108.0,2108.0,2108.0,2108.0,2108.0,2108.0,2108.0,2108.0,2108.0,2108.0,2108.0,2108.0,2108.0,2108.0,2108.0,2108.0,2108.0,2108.0,2108.0,2108.0,2108.0,2108.0,2108.0,2108.0,2108.0,2108.0,2108.0,2108.0,2108.0,2108.0,2108.0,2108.0,2108.0,2108.0,2108.0,2108.0,2108.0,2108.0,2108.0,2108.0,2108.0,2108.0,2143.0,2256.0,2360.0,2384.0,2384.0,2384.0,2384.0,2384.0,2384.0,2384.0,2384.0,2384.0,2384.0,2384.0,2384.0,2384.0,2384.0,2428.0,2529.0,2616.0,2740.0,2864.0,2984.0,3108.0,3228.0,3347.0,3450.0,3491.0,3586.0,3648.0,3733.0,3836.0,3885.0,3963.0,4032.0,4129.0,4252.0,4375.0,4496.0,4616.0,4739.0,4861.0,4982.0,5101.0,5220.0,5338.0,5458.0,5571.0,5684.0,5796.0,5910.0,6023.0,6144.0,6262.0,6373.0,6491.0,6606.0,6726.0,6849.0,6953.0,7066.0,7167.0,7288.0,7401.0,7520.0,7637.0,7750.0,7851.0,7937.0,7938.0,,,,,,,,,,,,,,,,,,,,,,,,,,,,,,,,,,,,,,,,,,,,,,,,,,,,,,,,,,,,,,,,,,,,,,,,,,,,,,,,,,,,,,,,,,,,,,,,,,,,,,,,,,,,,,,,,,,
2018-07-15,ios,,,,,,,,,,,,,,,,23.0,23.0,23.0,23.0,23.0,23.0,23.0,23.0,23.0,30.0,30.0,30.0,30.0,30.0,30.0,30.0,30.0,30.0,30.0,30.0,30.0,30.0,30.0,30.0,30.0,30.0,30.0,30.0,30.0,30.0,30.0,30.0,30.0,30.0,30.0,30.0,30.0,30.0,30.0,30.0,30.0,30.0,30.0,30.0,30.0,30.0,30.0,30.0,30.0,30.0,30.0,30.0,30.0,30.0,30.0,30.0,30.0,30.0,30.0,30.0,30.0,30.0,30.0,30.0,30.0,30.0,30.0,30.0,30.0,30.0,30.0,30.0,30.0,30.0,30.0,30.0,30.0,30.0,30.0,30.0,30.0,30.0,30.0,30.0,30.0,30.0,30.0,30.0,30.0,30.0,30.0,30.0,30.0,30.0,30.0,30.0,30.0,30.0,30.0,30.0,30.0,30.0,30.0,30.0,30.0,30.0,30.0,30.0,30.0,30.0,30.0,30.0,30.0,30.0,30.0,30.0,30.0,30.0,30.0,30.0,30.0,30.0,30.0,30.0,30.0,30.0,30.0,30.0,30.0,30.0,30.0,30.0,30.0,30.0,30.0,30.0,30.0,30.0,30.0,30.0,30.0,30.0,30.0,30.0,30.0,30.0,30.0,30.0,30.0,30.0,30.0,30.0,30.0,30.0,30.0,30.0,30.0,30.0,30.0,30.0,30.0,30.0,30.0,30.0,30.0,30.0,30.0,30.0,30.0,30.0,30.0,30.0,30.0,30.0,30.0,30.0,30.0,30.0,30.0,30.0,30.0,30.0,30.0,30.0,30.0,30.0,30.0,30.0,30.0,30.0,30.0,30.0,30.0,30.0,30.0,30.0,30.0,30.0,30.0,30.0,30.0,30.0,30.0,30.0,30.0,30.0,30.0,30.0,30.0,30.0,30.0,30.0,30.0,30.0,30.0,30.0,30.0,30.0,30.0,30.0,30.0,30.0,30.0,30.0,30.0,30.0,30.0,30.0,30.0,30.0,30.0,30.0,30.0,30.0,30.0,30.0,30.0,30.0,30.0,30.0,30.0,30.0,30.0,30.0,30.0,30.0,30.0,30.0,30.0,30.0,30.0,30.0,30.0,30.0,30.0,30.0,30.0,30.0,30.0,30.0,30.0,30.0,30.0,30.0,30.0,30.0,30.0,30.0,30.0,30.0,30.0,30.0,30.0,30.0,30.0,30.0,30.0,30.0,30.0,30.0,30.0,30.0,30.0,30.0,30.0,30.0,30.0,30.0,30.0,30.0,30.0,30.0,30.0,30.0,30.0,30.0,30.0,30.0,30.0,30.0,30.0,30.0,30.0,30.0,30.0,30.0,30.0,30.0,30.0,30.0,30.0,30.0,30.0,30.0,30.0,30.0,30.0,30.0,30.0,30.0,30.0,30.0,30.0,30.0,30.0,30.0,30.0,30.0,30.0,30.0,30.0,30.0,30.0,30.0,30.0,30.0,30.0,30.0,30.0,30.0,30.0,30.0,30.0,30.0,30.0,30.0,30.0,30.0,30.0,30.0,30.0,30.0,30.0,30.0,30.0,30.0,30.0,30.0,30.0,30.0,30.0,30.0,30.0,30.0,30.0,30.0,30.0,30.0,30.0,30.0,30.0,30.0,30.0,30.0,30.0,30.0,30.0,30.0,30.0,30.0,30.0,30.0,30.0,30.0,30.0,30.0,30.0,30.0,30.0,30.0,30.0,30.0,30.0,30.0,30.0,30.0,30.0,30.0,30.0,30.0,30.0,30.0,30.0,30.0,30.0,30.0,30.0,30.0,30.0,30.0,30.0,30.0,30.0,30.0,30.0,30.0,30.0,30.0,30.0,30.0,30.0,30.0,30.0,30.0,30.0,30.0,30.0,30.0,30.0,30.0,30.0,30.0,30.0,30.0,30.0,30.0,30.0,30.0,30.0,30.0,30.0,30.0,30.0,30.0,30.0,30.0,30.0,30.0,30.0,30.0,30.0,30.0,30.0,30.0,30.0,30.0,30.0,30.0,30.0,30.0,30.0,30.0,30.0,30.0,30.0,30.0,30.0,30.0,30.0,30.0,30.0,30.0,30.0,30.0,30.0,30.0,30.0,30.0,30.0,30.0,30.0,30.0,30.0,30.0,30.0,30.0,30.0,30.0,30.0,30.0,30.0,30.0,30.0,30.0,30.0,30.0,30.0,30.0,30.0,30.0,30.0,30.0,30.0,30.0,30.0,30.0,30.0,30.0,30.0,30.0,30.0,30.0,30.0,30.0,30.0,30.0,30.0,30.0,30.0,30.0,30.0,30.0,30.0,30.0,30.0,30.0,30.0,30.0,30.0,30.0,30.0,30.0,30.0,30.0,30.0,30.0,30.0,30.0,30.0,30.0,30.0,30.0,30.0,30.0,30.0,30.0,30.0,30.0,30.0,30.0,30.0,30.0,30.0,30.0,30.0,30.0,30.0,30.0,30.0,30.0,30.0,30.0,30.0,30.0,30.0,30.0,30.0,30.0,30.0,30.0,30.0,30.0,30.0,30.0,30.0,30.0,30.0,30.0,30.0,30.0,30.0,30.0,30.0,30.0,30.0,30.0,30.0,30.0,30.0,30.0,30.0,30.0,30.0,30.0,30.0,30.0,30.0,30.0,30.0,30.0,30.0,30.0,30.0,30.0,30.0,30.0,30.0,30.0,30.0,30.0,30.0,30.0,30.0,30.0,30.0,30.0,30.0,30.0,30.0,30.0,30.0,30.0,30.0,30.0,30.0,30.0,30.0,30.0,30.0,30.0,30.0,30.0,30.0,30.0,30.0,30.0,30.0,30.0,30.0,30.0,30.0,30.0,30.0,30.0,30.0,30.0,30.0,30.0,30.0,30.0,30.0,30.0,30.0,30.0,30.0,30.0,30.0,30.0,30.0,30.0,30.0,30.0,30.0,30.0,30.0,30.0,30.0,30.0,30.0,30.0,30.0,30.0,30.0,30.0,30.0,30.0,30.0,30.0,30.0,30.0,30.0,30.0,30.0,30.0,30.0,30.0,30.0,48.0,48.0,48.0,70.0,155.0,241.0,278.0,278.0,278.0,278.0,278.0,278.0,278.0,278.0,278.0,278.0,278.0,278.0,297.0,307.0,340.0,340.0,340.0,340.0,340.0,340.0,340.0,361.0,361.0,361.0,361.0,361.0,361.0,361.0,361.0,361.0,361.0,361.0,361.0,361.0,361.0,361.0,361.0,361.0,361.0,361.0,361.0,361.0,361.0,361.0,361.0,361.0,361.0,361.0,361.0,361.0,361.0,361.0,361.0,361.0,361.0,361.0,361.0,361.0,361.0,361.0,361.0,361.0,361.0,369.0,369.0,369.0,369.0,380.0,393.0,393.0,393.0,393.0,393.0,393.0,393.0,393.0,393.0,393.0,393.0,393.0,423.0,423.0,423.0,423.0,423.0,423.0,423.0,423.0,423.0,423.0,423.0,423.0,423.0,423.0,423.0,423.0,423.0,423.0,423.0,423.0,423.0,423.0,423.0,423.0,423.0,423.0,423.0,423.0,423.0,423.0,423.0,423.0,423.0,423.0,423.0,423.0,437.0,437.0,485.0,532.0,532.0,552.0,600.0,689.0,754.0,762.0,785.0,785.0,785.0,785.0,785.0,785.0,785.0,785.0,785.0,785.0,785.0,796.0,796.0,796.0,840.0,843.0,843.0,843.0,843.0,843.0,843.0,877.0,960.0,1065.0,1108.0,1119.0,1165.0,1232.0,1286.0,1286.0,1303.0,1318.0,1345.0,1387.0,1418.0,1418.0,1418.0,1418.0,1418.0,1418.0,1418.0,1442.0,1452.0,1485.0,1557.0,1595.0,1595.0,1595.0,1595.0,1595.0,1655.0,1690.0,1690.0,1690.0,1690.0,1690.0,1690.0,1690.0,1690.0,1690.0,1690.0,1690.0,1708.0,1708.0,1708.0,1708.0,1760.0,1849.0,1878.0,1886.0,1906.0,1906.0,1914.0,1926.0,1991.0,2007.0,2096.0,2187.0,2207.0,2231.0,2320.0,2366.0,2436.0,2543.0,2652.0,2753.0,2863.0,2972.0,3039.0,3058.0,3058.0,3058.0,3058.0,3058.0,3058.0,3058.0,3058.0,3058.0,3058.0,3058.0,3058.0,3058.0,3058.0,3058.0,3058.0,3058.0,3058.0,3058.0,3058.0,3058.0,3058.0,3058.0,3058.0,3058.0,3058.0,3058.0,3058.0,3058.0,3162.0,3225.0,3252.0,3360.0,3472.0,3555.0,3571.0,3635.0,3635.0,3635.0,3635.0,3635.0,3635.0,3635.0,3635.0,3635.0,3635.0,3635.0,3635.0,3635.0,3635.0,3635.0,3635.0,3635.0,3635.0,3635.0,3635.0,3635.0,3635.0,3635.0,3635.0,3635.0,3635.0,3635.0,3635.0,3635.0,3635.0,3635.0,3635.0,3666.0,3753.0,3822.0,3897.0,3920.0,3920.0,3920.0,3920.0,3920.0,3920.0,3920.0,3920.0,3920.0,3920.0,3920.0,3920.0,3920.0,3920.0,3920.0,3920.0,3920.0,3920.0,3920.0,3920.0,3920.0,3920.0,3920.0,3920.0,3920.0,3920.0,3920.0,3920.0,3920.0,3920.0,3920.0,3920.0,3920.0,3920.0,3920.0,3920.0,3920.0,3920.0,3920.0,3920.0,3920.0,3920.0,3920.0,3920.0,3920.0,3920.0,3920.0,3920.0,3920.0,3920.0,3920.0,3920.0,3920.0,3920.0,3920.0,3920.0,3920.0,3920.0,3920.0,3920.0,3920.0,3920.0,3920.0,3920.0,3920.0,3920.0,3920.0,3920.0,3920.0,3920.0,3920.0,3920.0,3920.0,3920.0,3920.0,3920.0,3920.0,3920.0,3920.0,3920.0,3920.0,3920.0,3920.0,3920.0,3920.0,3920.0,3920.0,3920.0,3920.0,3920.0,3920.0,3920.0,3920.0,3920.0,3920.0,3920.0,3920.0,3920.0,3920.0,3920.0,3920.0,3920.0,3920.0,3920.0,3920.0,3920.0,3920.0,3920.0,3920.0,3920.0,3920.0,3920.0,3920.0,3920.0,3920.0,3920.0,3920.0,3920.0,3920.0,3920.0,3920.0,3920.0,3920.0,3920.0,3920.0,3920.0,3920.0,3920.0,3920.0,3920.0,3920.0,3920.0,3920.0,3920.0,3920.0,3920.0,3920.0,3920.0,3920.0,3920.0,3920.0,3920.0,3920.0,3920.0,3920.0,3920.0,3920.0,3920.0,3920.0,3920.0,3920.0,3920.0,3920.0,3920.0,3920.0,3920.0,3920.0,3920.0,3920.0,3920.0,3920.0,3920.0,3920.0,3920.0,3920.0,3920.0,3945.0,4033.0,4084.0,4084.0,4084.0,4084.0,4084.0,4084.0,4084.0,4084.0,4084.0,4094.0,4094.0,4181.0,4285.0,4304.0,4358.0,4359.0,4359.0,4359.0,4359.0,4398.0,4418.0,4461.0,4534.0,4609.0,4627.0,4670.0,4670.0,4732.0,4906.0,5081.0,5243.0,5376.0,5528.0,5700.0,5873.0,6020.0,6163.0,6331.0,6504.0,6672.0,6846.0,7015.0,7190.0,7365.0,7540.0,7711.0,7884.0,8056.0,8230.0,8394.0,8563.0,8719.0,8883.0,9055.0,9208.0,9374.0,9540.0,9714.0,9887.0,10060.0,10229.0,10402.0,10577.0,10745.0,10904.0,11064.0,11230.0,11371.0,11536.0,11710.0,11876.0,12051.0,12226.0,12402.0,12572.0,12748.0,12915.0,13079.0,13248.0,13424.0,13601.0,13775.0,13950.0,14125.0,14299.0,14473.0,14646.0,14811.0,14984.0,15145.0,15318.0,15473.0,15645.0,15820.0,15978.0,16149.0,16329.0,16507.0,16683.0,16863.0,17043.0,17221.0,17344.0,17513.0,17686.0,17863.0,18038.0,18212.0,18392.0,18572.0,18748.0,18921.0,19095.0,19254.0,19434.0,19593.0,19765.0,19948.0,20133.0,20315.0,20486.0,20666.0,20847.0,21027.0,21210.0,21391.0,21568.0,21742.0,21922.0,22105.0,22284.0,22463.0,22643.0,22821.0,22999.0,23174.0,23339.0,23475.0,23651.0,23813.0,23989.0,24156.0,24333.0,24467.0,24644.0,24808.0,24947.0,25085.0,25189.0,25326.0,25471.0,25592.0,25598.0,25636.0,25744.0,25852.0,25972.0,26004.0,26004.0,26054.0,26076.0,26076.0,26076.0,26164.0,26280.0,26391.0,26518.0,26641.0,26769.0,,,,,,,,,,,,,,,,,,,,,,,,,,,,,,,,,,,,,,,,,,,,,,,,,,,,,,,,,,,,,,,,,,,,,,,,,,,,,,,,,,,,,,,,,,,,,,,,,,,,,,,,,,,,
2018-07-16,ios,,,,,,,,,,,,,,,,,,,,,,,,,,,,,,,,,,,,,,,,,,,,,,,,,,,,,,,,,,,,,,,,,,,,,,8.0,8.0,8.0,8.0,8.0,8.0,8.0,8.0,8.0,8.0,8.0,8.0,8.0,8.0,8.0,8.0,8.0,8.0,8.0,8.0,8.0,8.0,8.0,8.0,8.0,8.0,8.0,8.0,8.0,8.0,8.0,8.0,8.0,8.0,8.0,8.0,8.0,8.0,8.0,8.0,8.0,8.0,8.0,8.0,8.0,8.0,8.0,8.0,8.0,8.0,8.0,8.0,8.0,8.0,8.0,8.0,8.0,8.0,8.0,8.0,8.0,8.0,8.0,8.0,8.0,8.0,8.0,8.0,8.0,8.0,8.0,8.0,8.0,8.0,8.0,8.0,8.0,8.0,8.0,8.0,8.0,8.0,8.0,8.0,8.0,8.0,8.0,8.0,8.0,8.0,8.0,8.0,8.0,8.0,8.0,8.0,8.0,8.0,8.0,8.0,8.0,8.0,8.0,8.0,8.0,8.0,8.0,8.0,8.0,8.0,8.0,8.0,8.0,8.0,8.0,8.0,8.0,8.0,8.0,8.0,8.0,8.0,8.0,8.0,8.0,8.0,8.0,8.0,8.0,8.0,8.0,8.0,8.0,8.0,8.0,8.0,8.0,8.0,8.0,8.0,8.0,8.0,8.0,8.0,8.0,8.0,8.0,8.0,8.0,8.0,8.0,8.0,8.0,8.0,8.0,8.0,8.0,8.0,8.0,8.0,8.0,8.0,8.0,8.0,8.0,8.0,8.0,8.0,8.0,8.0,8.0,8.0,8.0,8.0,8.0,8.0,8.0,8.0,8.0,8.0,8.0,8.0,8.0,8.0,8.0,8.0,8.0,8.0,8.0,8.0,8.0,8.0,8.0,8.0,8.0,8.0,8.0,8.0,8.0,8.0,8.0,8.0,8.0,8.0,8.0,8.0,8.0,8.0,8.0,8.0,8.0,8.0,8.0,8.0,8.0,8.0,8.0,8.0,8.0,8.0,8.0,8.0,8.0,8.0,8.0,8.0,8.0,8.0,8.0,8.0,8.0,8.0,8.0,8.0,8.0,8.0,8.0,8.0,8.0,8.0,8.0,8.0,8.0,8.0,8.0,8.0,8.0,8.0,8.0,8.0,8.0,8.0,8.0,8.0,8.0,8.0,8.0,8.0,8.0,8.0,8.0,8.0,8.0,8.0,8.0,8.0,8.0,8.0,8.0,8.0,8.0,8.0,8.0,8.0,8.0,8.0,8.0,8.0,8.0,8.0,8.0,8.0,8.0,8.0,8.0,8.0,8.0,8.0,8.0,8.0,8.0,8.0,8.0,8.0,8.0,8.0,8.0,8.0,8.0,8.0,8.0,8.0,8.0,8.0,8.0,8.0,8.0,8.0,8.0,8.0,8.0,8.0,8.0,8.0,8.0,8.0,8.0,8.0,8.0,8.0,8.0,8.0,8.0,8.0,8.0,8.0,8.0,8.0,8.0,8.0,8.0,8.0,8.0,8.0,8.0,8.0,8.0,8.0,8.0,8.0,8.0,8.0,8.0,8.0,8.0,8.0,8.0,8.0,8.0,8.0,8.0,8.0,8.0,8.0,8.0,8.0,8.0,8.0,8.0,8.0,8.0,8.0,18.0,37.0,155.0,208.0,208.0,208.0,208.0,208.0,208.0,208.0,208.0,208.0,208.0,208.0,208.0,208.0,225.0,240.0,240.0,240.0,240.0,240.0,263.0,276.0,311.0,379.0,399.0,410.0,425.0,485.0,485.0,485.0,485.0,485.0,485.0,485.0,485.0,556.0,660.0,720.0,828.0,845.0,934.0,957.0,957.0,957.0,957.0,957.0,957.0,957.0,957.0,957.0,957.0,957.0,957.0,957.0,957.0,957.0,957.0,957.0,957.0,957.0,957.0,957.0,957.0,957.0,957.0,957.0,957.0,957.0,957.0,957.0,957.0,957.0,957.0,957.0,957.0,957.0,957.0,957.0,957.0,957.0,957.0,957.0,957.0,957.0,957.0,957.0,957.0,957.0,957.0,957.0,957.0,957.0,957.0,957.0,957.0,957.0,957.0,957.0,957.0,957.0,957.0,957.0,957.0,957.0,957.0,957.0,957.0,957.0,957.0,957.0,957.0,957.0,957.0,957.0,957.0,957.0,957.0,957.0,957.0,957.0,957.0,957.0,957.0,957.0,957.0,957.0,957.0,957.0,957.0,957.0,957.0,957.0,957.0,957.0,957.0,957.0,957.0,957.0,957.0,957.0,957.0,957.0,957.0,957.0,957.0,957.0,957.0,957.0,957.0,957.0,957.0,957.0,957.0,957.0,957.0,957.0,957.0,957.0,957.0,957.0,957.0,957.0,957.0,957.0,957.0,957.0,957.0,957.0,957.0,997.0,1095.0,1095.0,1095.0,1095.0,1095.0,1095.0,1095.0,1095.0,1095.0,1095.0,1138.0,1214.0,1214.0,1214.0,1214.0,1214.0,1214.0,1252.0,1328.0,1328.0,1328.0,1328.0,1328.0,1328.0,1328.0,1328.0,1328.0,1328.0,1328.0,1328.0,1328.0,1350.0,1459.0,1536.0,1594.0,1597.0,1597.0,1597.0,1597.0,1597.0,1597.0,1597.0,1597.0,1597.0,1597.0,1597.0,1597.0,1597.0,1597.0,1597.0,1597.0,1597.0,1597.0,1597.0,1597.0,1597.0,1597.0,1597.0,1597.0,1597.0,1597.0,1597.0,1597.0,1597.0,1597.0,1597.0,1597.0,1597.0,1597.0,1597.0,1597.0,1597.0,1597.0,1597.0,1597.0,1597.0,1597.0,1597.0,1597.0,1597.0,1597.0,1597.0,1597.0,1597.0,1597.0,1597.0,1597.0,1597.0,1616.0,1664.0,1664.0,1664.0,1664.0,1664.0,1664.0,1664.0,1664.0,1721.0,1810.0,1928.0,2046.0,2169.0,2292.0,2416.0,2539.0,2592.0,2592.0,2592.0,2592.0,2592.0,2592.0,2592.0,2592.0,2592.0,2592.0,2592.0,2592.0,2592.0,2592.0,2592.0,2592.0,2592.0,2592.0,2592.0,2592.0,2592.0,2592.0,2592.0,2592.0,2592.0,2592.0,2650.0,2769.0,2892.0,3011.0,3130.0,3255.0,3379.0,3494.0,3593.0,3649.0,3649.0,3649.0,3649.0,3691.0,3699.0,3699.0,3702.0,3757.0,3767.0,3793.0,3902.0,3902.0,3902.0,3931.0,4031.0,4109.0,4122.0,4129.0,4130.0,4130.0,4130.0,4130.0,4130.0,4130.0,4130.0,4130.0,4130.0,4130.0,4130.0,4130.0,4130.0,4130.0,4130.0,4130.0,4130.0,4130.0,4130.0,4130.0,4130.0,4130.0,4130.0,4130.0,4130.0,4130.0,4130.0,4130.0,4130.0,4130.0,4130.0,4130.0,4130.0,4130.0,4130.0,4130.0,4130.0,4130.0,4130.0,4130.0,4130.0,4130.0,4130.0,4130.0,4130.0,4130.0,4130.0,4130.0,4130.0,4130.0,4130.0,4130.0,4130.0,4130.0,4130.0,4130.0,4130.0,4130.0,4130.0,4130.0,4130.0,4130.0,4130.0,4130.0,4130.0,4130.0,4130.0,4130.0,4130.0,4130.0,4130.0,4130.0,4130.0,4130.0,4130.0,4130.0,4130.0,4130.0,4130.0,4130.0,4130.0,4130.0,4130.0,4130.0,4130.0,4130.0,4130.0,4130.0,4130.0,4130.0,4130.0,4130.0,4130.0,4130.0,4130.0,4130.0,4130.0,4130.0,4130.0,4130.0,4130.0,4130.0,4130.0,4130.0,4130.0,4130.0,4130.0,4130.0,4130.0,4130.0,4130.0,4130.0,4130.0,4130.0,4130.0,4130.0,4130.0,4130.0,4130.0,4130.0,4130.0,4130.0,4130.0,4130.0,4130.0,4142.0,4144.0,4144.0,4144.0,4144.0,4144.0,4144.0,4144.0,4144.0,4144.0,4144.0,4144.0,4144.0,4144.0,4144.0,4144.0,4144.0,4144.0,4144.0,4184.0,4288.0,4334.0,4334.0,4334.0,4334.0,4334.0,4334.0,4334.0,4357.0,4383.0,4383.0,4383.0,4383.0,4383.0,4383.0,4383.0,4383.0,4383.0,4383.0,4383.0,4383.0,4383.0,4383.0,4383.0,4383.0,4383.0,4383.0,4383.0,4383.0,4383.0,4383.0,4383.0,4383.0,4383.0,4383.0,4383.0,4383.0,4383.0,4383.0,4383.0,4383.0,4383.0,4383.0,4383.0,4383.0,4383.0,4383.0,4383.0,4383.0,4383.0,4383.0,4383.0,4383.0,4383.0,4383.0,4383.0,4383.0,4383.0,4383.0,4383.0,4383.0,4383.0,4383.0,4383.0,4383.0,4383.0,4383.0,4383.0,4383.0,4383.0,4383.0,4383.0,4383.0,4383.0,4383.0,4383.0,4383.0,4383.0,4383.0,4383.0,4383.0,4383.0,4383.0,4383.0,4383.0,4383.0,4383.0,4383.0,4383.0,4383.0,4383.0,4383.0,4383.0,4383.0,4383.0,4383.0,4383.0,4383.0,4383.0,4383.0,4383.0,4383.0,4383.0,4383.0,4383.0,4383.0,4455.0,4455.0,4455.0,4455.0,4455.0,4455.0,4455.0,4455.0,4455.0,4455.0,4455.0,4455.0,4505.0,4505.0,4505.0,4505.0,4505.0,4505.0,4505.0,4505.0,4505.0,4505.0,4505.0,4505.0,4505.0,4505.0,4505.0,4505.0,4505.0,4505.0,4505.0,4505.0,4505.0,4505.0,4505.0,4505.0,4505.0,4505.0,4505.0,4505.0,4505.0,4505.0,4505.0,4505.0,4530.0,4625.0,4724.0,4837.0,4837.0,4837.0,4837.0,4907.0,5015.0,5102.0,5150.0,5150.0,5150.0,5150.0,5150.0,5150.0,5150.0,5150.0,5150.0,5150.0,5150.0,5150.0,5150.0,5150.0,5150.0,5150.0,5150.0,5150.0,5150.0,5150.0,5150.0,5150.0,5207.0,5331.0,5369.0,5451.0,5564.0,5681.0,5796.0,5905.0,6016.0,6130.0,6238.0,6327.0,6439.0,6554.0,6670.0,6788.0,6901.0,6996.0,6996.0,7042.0,7089.0,7089.0,7089.0,7150.0,7275.0,7391.0,7501.0,7600.0,7718.0,7837.0,7958.0,8076.0,8198.0,8325.0,8433.0,8544.0,8669.0,8795.0,8888.0,8888.0,8888.0,8888.0,8888.0,8888.0,8888.0,8888.0,8888.0,8888.0,8888.0,8888.0,8888.0,8888.0,8960.0,9010.0,9103.0,9206.0,9296.0,9299.0,9299.0,9299.0,9299.0,9316.0,9377.0,9487.0,9576.0,9622.0,9622.0,9748.0,9857.0,10039.0,10217.0,10398.0,10577.0,10758.0,10935.0,11108.0,11288.0,11467.0,11648.0,11826.0,12006.0,12185.0,12312.0,12455.0,12619.0,12706.0,12804.0,12901.0,13080.0,13215.0,13387.0,13565.0,13743.0,13921.0,14100.0,14280.0,14458.0,14638.0,14819.0,15000.0,15182.0,15284.0,15464.0,15641.0,15823.0,15995.0,16175.0,16354.0,16533.0,16712.0,16891.0,17067.0,17245.0,17423.0,17601.0,17779.0,17955.0,18129.0,18302.0,18483.0,18655.0,18833.0,19009.0,19184.0,19363.0,19542.0,19709.0,19874.0,20052.0,20230.0,20333.0,20333.0,20333.0,20333.0,20333.0,20333.0,20333.0,20333.0,20333.0,20333.0,20333.0,20333.0,20409.0,20497.0,20497.0,20497.0,20497.0,20497.0,20497.0,20497.0,20497.0,20526.0,20574.0,20589.0,20589.0,20589.0,20589.0,20589.0,20589.0,20589.0,20589.0,20589.0,20589.0,20589.0,20589.0,20589.0,20589.0,20589.0,20589.0,20589.0,20589.0,20589.0,20589.0,20589.0,20589.0,20589.0,20589.0,20589.0,20600.0,20611.0,20611.0,20611.0,20611.0,20611.0,20611.0,20611.0,20611.0,20611.0,20611.0,20611.0,20611.0,20611.0,20611.0,20611.0,20611.0,20611.0,20611.0,20611.0,20611.0,20611.0,20623.0,20623.0,20623.0,20623.0,20623.0,20623.0,20623.0,20665.0,20737.0,20738.0,20738.0,20738.0,20738.0,20738.0,20738.0,20738.0,20738.0,20738.0,20738.0,20738.0,20738.0,20738.0,20738.0,20738.0,20738.0,20738.0,20738.0,20738.0,20738.0,20738.0,20738.0,20779.0,20837.0,20929.0,21043.0,21155.0,21169.0,21169.0,21169.0,21169.0,21169.0,21169.0,21169.0,21169.0,21169.0,21185.0,21263.0,21292.0,21322.0,21329.0,21329.0,21329.0,21329.0,,,,,,,,,,,,,,,,,,,,,,,,,,,,,,,,,,,,,,,,,,,,,,,,,,,,,,,,,,,,,,,,,,,,,,,,,,,,,,,,,,,,,,,,,,,,,,,,,,
2018-07-17,ios,,,,,,,,,,,,,,,,,,,,,,,,,,,,,,,,,,,,,,,,,,,,,,,,,,,,,,,,,,,,,,,,,,,,,,,,,,,,,,,,,,,,,,,,,,,,,,,,,,,,,,,,,,,,,,,,,,,,,,,,,,,,,,,,,,,,,,,,,,,,,,,,,,,,,,,,,,,,,,,,,,,,,,,,,,,,,,,,,,,,,,,,,,,,,,,,,,,,,,,,,,,,,,,,,,,,,,,,,,,,,,,,,,,,,,,,,,,,,,,,,,,,,,,,,,,,,,,,,,,,,,,,,,,,,,,,,,,,,,,,,,,,,,,,,,,,,,,,,,,,,,,,,,,,,,,,,,,,,,,,,,,,,,,,,,,,,,,,,,,,,,,,,,,,,,,,,,,,,,,,,,,,,,,,,,,,,,,,,,,,,,,,,,,,,,,,,,,,,,,,,,,,,,,,,,,,,,,,,,,,,,,,,,,,,,,,30.0,30.0,30.0,30.0,30.0,30.0,30.0,30.0,30.0,30.0,30.0,30.0,30.0,30.0,30.0,30.0,30.0,30.0,30.0,30.0,30.0,30.0,30.0,30.0,30.0,30.0,30.0,30.0,30.0,30.0,30.0,30.0,30.0,30.0,30.0,30.0,30.0,30.0,30.0,30.0,30.0,30.0,30.0,30.0,30.0,30.0,30.0,30.0,30.0,30.0,30.0,30.0,30.0,30.0,30.0,30.0,30.0,30.0,45.0,53.0,53.0,142.0,261.0,262.0,262.0,262.0,262.0,262.0,262.0,262.0,262.0,262.0,262.0,294.0,294.0,294.0,294.0,294.0,294.0,294.0,294.0,294.0,294.0,294.0,294.0,294.0,294.0,294.0,294.0,294.0,294.0,294.0,294.0,294.0,294.0,294.0,294.0,294.0,294.0,294.0,294.0,294.0,294.0,294.0,294.0,294.0,294.0,294.0,294.0,294.0,294.0,294.0,294.0,294.0,294.0,294.0,294.0,294.0,294.0,294.0,294.0,294.0,294.0,294.0,294.0,294.0,294.0,294.0,294.0,294.0,294.0,294.0,294.0,294.0,294.0,294.0,294.0,294.0,294.0,294.0,294.0,294.0,294.0,294.0,294.0,294.0,294.0,294.0,294.0,294.0,294.0,294.0,294.0,294.0,294.0,294.0,294.0,294.0,294.0,294.0,310.0,340.0,386.0,407.0,425.0,451.0,451.0,451.0,451.0,451.0,451.0,451.0,451.0,451.0,451.0,451.0,451.0,451.0,451.0,451.0,451.0,451.0,451.0,451.0,451.0,451.0,451.0,451.0,451.0,451.0,451.0,451.0,451.0,451.0,451.0,451.0,451.0,451.0,451.0,451.0,451.0,451.0,451.0,451.0,451.0,451.0,451.0,451.0,451.0,451.0,451.0,451.0,451.0,451.0,451.0,451.0,451.0,451.0,451.0,451.0,451.0,451.0,451.0,451.0,451.0,451.0,451.0,451.0,451.0,451.0,451.0,451.0,451.0,451.0,451.0,451.0,451.0,451.0,451.0,451.0,451.0,451.0,451.0,451.0,451.0,451.0,451.0,451.0,451.0,451.0,451.0,451.0,451.0,451.0,451.0,451.0,451.0,451.0,451.0,451.0,451.0,451.0,451.0,451.0,451.0,451.0,451.0,451.0,451.0,451.0,451.0,451.0,451.0,451.0,451.0,451.0,451.0,451.0,451.0,451.0,451.0,451.0,451.0,451.0,451.0,451.0,459.0,523.0,556.0,556.0,556.0,565.0,581.0,581.0,581.0,581.0,581.0,581.0,680.0,779.0,808.0,817.0,817.0,817.0,817.0,817.0,817.0,817.0,817.0,817.0,817.0,817.0,817.0,817.0,817.0,817.0,817.0,817.0,817.0,817.0,817.0,817.0,817.0,817.0,817.0,817.0,817.0,817.0,817.0,817.0,817.0,817.0,817.0,817.0,817.0,817.0,817.0,817.0,817.0,817.0,817.0,817.0,817.0,817.0,817.0,817.0,817.0,817.0,817.0,817.0,817.0,817.0,817.0,817.0,817.0,817.0,817.0,817.0,817.0,817.0,817.0,817.0,817.0,817.0,817.0,817.0,817.0,817.0,817.0,817.0,817.0,817.0,817.0,817.0,817.0,817.0,817.0,817.0,817.0,817.0,817.0,817.0,817.0,817.0,817.0,857.0,858.0,858.0,858.0,858.0,858.0,858.0,858.0,858.0,858.0,858.0,858.0,858.0,858.0,858.0,858.0,858.0,858.0,858.0,858.0,858.0,858.0,858.0,858.0,858.0,858.0,858.0,858.0,858.0,858.0,866.0,873.0,883.0,975.0,1031.0,1031.0,1031.0,1031.0,1031.0,1049.0,1177.0,1231.0,1238.0,1360.0,1412.0,1412.0,1412.0,1445.0,1445.0,1445.0,1445.0,1445.0,1445.0,1445.0,1445.0,1445.0,1445.0,1445.0,1445.0,1445.0,1445.0,1445.0,1445.0,1445.0,1445.0,1445.0,1445.0,1445.0,1445.0,1445.0,1445.0,1445.0,1445.0,1445.0,1445.0,1445.0,1445.0,1445.0,1445.0,1445.0,1445.0,1445.0,1445.0,1445.0,1445.0,1445.0,1445.0,1445.0,1445.0,1445.0,1445.0,1445.0,1445.0,1445.0,1445.0,1445.0,1445.0,1445.0,1445.0,1445.0,1445.0,1445.0,1445.0,1445.0,1445.0,1445.0,1445.0,1445.0,1445.0,1445.0,1445.0,1445.0,1445.0,1445.0,1445.0,1445.0,1445.0,1445.0,1445.0,1445.0,1445.0,1445.0,1445.0,1445.0,1445.0,1445.0,1445.0,1445.0,1445.0,1445.0,1445.0,1445.0,1445.0,1445.0,1445.0,1445.0,1445.0,1445.0,1445.0,1445.0,1445.0,1445.0,1445.0,1445.0,1445.0,1445.0,1445.0,1445.0,1445.0,1445.0,1445.0,1445.0,1445.0,1445.0,1445.0,1445.0,1445.0,1445.0,1445.0,1445.0,1445.0,1445.0,1445.0,1445.0,1445.0,1445.0,1445.0,1445.0,1445.0,1445.0,1445.0,1445.0,1445.0,1445.0,1445.0,1445.0,1445.0,1445.0,1445.0,1445.0,1445.0,1445.0,1445.0,1445.0,1445.0,1445.0,1445.0,1445.0,1445.0,1445.0,1445.0,1445.0,1445.0,1445.0,1445.0,1445.0,1445.0,1445.0,1445.0,1445.0,1445.0,1445.0,1445.0,1445.0,1445.0,1445.0,1445.0,1445.0,1445.0,1445.0,1445.0,1445.0,1445.0,1445.0,1445.0,1445.0,1445.0,1445.0,1445.0,1445.0,1445.0,1445.0,1445.0,1445.0,1445.0,1445.0,1445.0,1445.0,1445.0,1445.0,1445.0,1445.0,1445.0,1445.0,1445.0,1445.0,1445.0,1445.0,1485.0,1558.0,1655.0,1776.0,1844.0,1892.0,1892.0,1892.0,1892.0,1892.0,1892.0,1892.0,1892.0,1892.0,1892.0,1892.0,1946.0,2060.0,2182.0,2309.0,2415.0,2433.0,2433.0,2433.0,2433.0,2433.0,2433.0,2453.0,2544.0,2589.0,2628.0,2628.0,2628.0,2628.0,2645.0,2689.0,2689.0,2718.0,2738.0,2738.0,2738.0,2738.0,2738.0,2738.0,2738.0,2738.0,2738.0,2738.0,2738.0,2738.0,2738.0,2738.0,2738.0,2738.0,2738.0,2738.0,2738.0,2738.0,2738.0,2738.0,2738.0,2738.0,2738.0,2738.0,2738.0,2738.0,2738.0,2738.0,2738.0,2738.0,2738.0,2738.0,2738.0,2738.0,2738.0,2738.0,2738.0,2738.0,2738.0,2738.0,2738.0,2738.0,2738.0,2738.0,2738.0,2738.0,2738.0,2751.0,2760.0,2773.0,2827.0,2833.0,2833.0,2853.0,2911.0,2999.0,2999.0,2999.0,2999.0,2999.0,2999.0,3027.0,3027.0,3027.0,3050.0,3050.0,3070.0,3070.0,3070.0,3070.0,3070.0,3070.0,3102.0,3185.0,3188.0,3188.0,3188.0,3188.0,3188.0,3188.0,3188.0,3188.0,3188.0,3188.0,3188.0,3188.0,3188.0,3188.0,3188.0,3188.0,3188.0,3188.0,3188.0,3188.0,3188.0,3200.0,3274.0,3446.0,3626.0,3802.0,3982.0,4162.0,4341.0,4519.0,4697.0,4875.0,5053.0,5233.0,5408.0,5586.0,5765.0,5944.0,6120.0,6297.0,6476.0,6652.0,6829.0,7005.0,7178.0,7351.0,7527.0,7703.0,7864.0,8040.0,8214.0,8384.0,8561.0,8736.0,8909.0,9083.0,9259.0,9435.0,9612.0,9789.0,9968.0,10136.0,10284.0,10445.0,10605.0,10772.0,10911.0,11078.0,11240.0,11411.0,11584.0,11759.0,11931.0,12107.0,12282.0,12458.0,12633.0,12809.0,12985.0,13159.0,13335.0,13510.0,13678.0,13850.0,14028.0,14141.0,14199.0,14220.0,14220.0,14220.0,14220.0,14220.0,14220.0,14220.0,14220.0,14239.0,14327.0,14342.0,14342.0,14350.0,14350.0,14350.0,14350.0,14350.0,14350.0,14350.0,14350.0,14350.0,14350.0,14350.0,14350.0,14350.0,14350.0,14350.0,14350.0,14350.0,14350.0,14350.0,14350.0,14350.0,14350.0,14350.0,14350.0,14350.0,14350.0,14350.0,14385.0,14475.0,14481.0,14481.0,14481.0,14481.0,14481.0,14481.0,14481.0,14529.0,14557.0,14557.0,14557.0,14557.0,14557.0,14557.0,14557.0,14557.0,14557.0,14611.0,14652.0,14737.0,,,,,,,,,,,,,,,,,,,,,,,,,,,,,,,,,,,,,,,,,,,,,,,,,,,,,,,,,,,,,,,,,,,,,,,,,,,,,,,,,,,,,,,,,,,,,,,,,,,,,,,,,,,,,,,,,,,,,,,,,,,,
2018-07-18,ios,,,,,,,,,,,,,,,,,,,,,,,,,,,,,,,,,,,,,,,,,,,,,,,,,,,,,,,,,,,,,,,,,,,,,,,,,,,,,,,,,,,,,,,,,,,,,,,,,,,,,,,,,,,,,,,,,,,,,,,,,,,,,,,,,,,,,,,,,,,,,,,,,,,,,,,,,,,,,,,,,,,,,,,,,,,,,,,,,,,,,,,,,,,,,,,,,,,,,,,,,,,,,,,,,,,,,,,,,,,,,,,,,,,,,,,,,,,,,,,,,,,,,,,,,,,,,,,,,,,,,,,,,,,,,,,,,,,,,,,,,,,,,,,,,,,,,,,,,,,,,,,,,,,,,,,,,,,,,,,,,,,,,,,,,,,,,,,,,,,,,,,,,,,,,,,,,,,,,,,,,,,,,,,,,,,,,,,,,,,,,,,,,,,,,,,,,,,,,,,,,44.0,44.0,44.0,47.0,60.0,87.0,91.0,91.0,91.0,91.0,91.0,91.0,91.0,91.0,91.0,106.0,106.0,133.0,144.0,200.0,201.0,201.0,201.0,201.0,201.0,201.0,201.0,205.0,244.0,244.0,244.0,244.0,244.0,244.0,244.0,244.0,244.0,244.0,244.0,244.0,244.0,244.0,259.0,268.0,317.0,318.0,318.0,331.0,350.0,357.0,357.0,357.0,357.0,357.0,357.0,413.0,413.0,413.0,413.0,413.0,413.0,413.0,413.0,413.0,413.0,413.0,413.0,471.0,502.0,502.0,502.0,502.0,514.0,524.0,626.0,694.0,714.0,714.0,714.0,714.0,714.0,714.0,714.0,714.0,714.0,714.0,714.0,714.0,714.0,714.0,714.0,714.0,714.0,714.0,714.0,714.0,714.0,714.0,714.0,714.0,714.0,714.0,714.0,714.0,714.0,714.0,714.0,714.0,714.0,714.0,714.0,714.0,714.0,714.0,714.0,714.0,714.0,714.0,714.0,714.0,714.0,714.0,714.0,714.0,714.0,714.0,714.0,714.0,714.0,714.0,714.0,714.0,714.0,714.0,714.0,714.0,714.0,714.0,714.0,714.0,714.0,714.0,714.0,714.0,714.0,714.0,714.0,714.0,714.0,714.0,714.0,714.0,714.0,714.0,714.0,714.0,714.0,714.0,714.0,714.0,714.0,714.0,714.0,714.0,714.0,714.0,714.0,714.0,714.0,714.0,714.0,714.0,714.0,714.0,714.0,714.0,714.0,714.0,714.0,714.0,714.0,714.0,714.0,714.0,714.0,714.0,714.0,714.0,714.0,714.0,714.0,714.0,714.0,714.0,714.0,714.0,714.0,714.0,714.0,714.0,714.0,714.0,714.0,714.0,714.0,714.0,714.0,714.0,714.0,714.0,714.0,714.0,714.0,714.0,714.0,714.0,714.0,714.0,714.0,714.0,714.0,714.0,714.0,714.0,714.0,714.0,714.0,714.0,714.0,714.0,714.0,714.0,714.0,714.0,714.0,714.0,714.0,714.0,714.0,714.0,714.0,714.0,714.0,714.0,714.0,714.0,714.0,714.0,714.0,714.0,714.0,714.0,714.0,714.0,714.0,714.0,714.0,714.0,714.0,714.0,714.0,714.0,714.0,714.0,714.0,714.0,714.0,714.0,714.0,714.0,714.0,714.0,714.0,714.0,714.0,714.0,714.0,714.0,714.0,714.0,714.0,714.0,714.0,768.0,847.0,847.0,856.0,869.0,869.0,869.0,869.0,869.0,869.0,869.0,869.0,869.0,869.0,869.0,869.0,869.0,869.0,869.0,869.0,891.0,990.0,1061.0,1084.0,1084.0,1117.0,1139.0,1151.0,1151.0,1151.0,1151.0,1151.0,1151.0,1151.0,1151.0,1151.0,1151.0,1151.0,1151.0,1151.0,1151.0,1151.0,1151.0,1151.0,1151.0,1151.0,1151.0,1151.0,1151.0,1151.0,1151.0,1151.0,1151.0,1151.0,1151.0,1151.0,1151.0,1151.0,1151.0,1151.0,1151.0,1151.0,1151.0,1151.0,1151.0,1151.0,1151.0,1151.0,1151.0,1151.0,1151.0,1151.0,1151.0,1151.0,1151.0,1151.0,1151.0,1151.0,1151.0,1151.0,1151.0,1151.0,1151.0,1151.0,1151.0,1151.0,1151.0,1151.0,1151.0,1151.0,1151.0,1151.0,1151.0,1151.0,1151.0,1151.0,1151.0,1151.0,1151.0,1151.0,1151.0,1151.0,1151.0,1151.0,1151.0,1151.0,1151.0,1151.0,1151.0,1151.0,1151.0,1151.0,1151.0,1151.0,1151.0,1151.0,1151.0,1151.0,1151.0,1151.0,1151.0,1151.0,1151.0,1163.0,1179.0,1283.0,1326.0,1337.0,1352.0,1352.0,1352.0,1376.0,1376.0,1376.0,1376.0,1376.0,1376.0,1376.0,1463.0,1572.0,1596.0,1690.0,1734.0,1734.0,1734.0,1734.0,1734.0,1734.0,1734.0,1734.0,1734.0,1799.0,1809.0,1809.0,1809.0,1809.0,1809.0,1809.0,1809.0,1809.0,1809.0,1809.0,1809.0,1809.0,1809.0,1809.0,1809.0,1809.0,1809.0,1809.0,1809.0,1809.0,1809.0,1809.0,1809.0,1809.0,1809.0,1809.0,1809.0,1809.0,1809.0,1809.0,1809.0,1809.0,1809.0,1809.0,1809.0,1809.0,1809.0,1809.0,1809.0,1809.0,1809.0,1809.0,1809.0,1809.0,1809.0,1809.0,1809.0,1809.0,1809.0,1809.0,1809.0,1809.0,1809.0,1809.0,1809.0,1809.0,1809.0,1809.0,1809.0,1809.0,1809.0,1809.0,1809.0,1809.0,1809.0,1809.0,1809.0,1809.0,1809.0,1809.0,1809.0,1809.0,1809.0,1809.0,1809.0,1809.0,1809.0,1809.0,1809.0,1809.0,1809.0,1809.0,1809.0,1809.0,1809.0,1809.0,1809.0,1809.0,1809.0,1809.0,1809.0,1809.0,1809.0,1809.0,1809.0,1809.0,1809.0,1809.0,1809.0,1809.0,1809.0,1860.0,1868.0,1868.0,1870.0,1888.0,1898.0,1934.0,1987.0,2084.0,2181.0,2254.0,2261.0,2261.0,2261.0,2261.0,2261.0,2261.0,2261.0,2261.0,2261.0,2261.0,2261.0,2261.0,2261.0,2261.0,2261.0,2261.0,2261.0,2261.0,2261.0,2261.0,2261.0,2261.0,2261.0,2261.0,2261.0,2261.0,2261.0,2261.0,2261.0,2261.0,2261.0,2261.0,2261.0,2261.0,2261.0,2261.0,2261.0,2261.0,2261.0,2261.0,2261.0,2261.0,2261.0,2261.0,2261.0,2261.0,2261.0,2261.0,2261.0,2261.0,2261.0,2261.0,2261.0,2261.0,2261.0,2261.0,2261.0,2261.0,2261.0,2261.0,2261.0,2261.0,2261.0,2261.0,2261.0,2261.0,2261.0,2261.0,2261.0,2261.0,2261.0,2261.0,2261.0,2261.0,2261.0,2261.0,2261.0,2261.0,2261.0,2261.0,2261.0,2261.0,2261.0,2261.0,2261.0,2261.0,2261.0,2261.0,2261.0,2261.0,2261.0,2261.0,2261.0,2312.0,2312.0,2312.0,2312.0,2312.0,2312.0,2312.0,2312.0,2312.0,2312.0,2312.0,2312.0,2312.0,2312.0,2312.0,2312.0,2312.0,2312.0,2312.0,2312.0,2312.0,2312.0,2312.0,2312.0,2312.0,2312.0,2402.0,2484.0,2561.0,2561.0,2561.0,2561.0,2561.0,2561.0,2561.0,2561.0,2561.0,2561.0,2561.0,2561.0,2561.0,2561.0,2561.0,2561.0,2561.0,2561.0,2561.0,2561.0,2561.0,2561.0,2561.0,2561.0,2561.0,2561.0,2561.0,2561.0,2561.0,2561.0,2561.0,2561.0,2561.0,2561.0,2561.0,2561.0,2561.0,2561.0,2561.0,2561.0,2561.0,2561.0,2561.0,2561.0,2561.0,2561.0,2561.0,2561.0,2561.0,2561.0,2561.0,2561.0,2561.0,2561.0,2561.0,2561.0,2561.0,2561.0,2561.0,2561.0,2561.0,2561.0,2561.0,2561.0,2561.0,2561.0,2561.0,2561.0,2561.0,2561.0,2561.0,2561.0,2561.0,2561.0,2561.0,2561.0,2561.0,2561.0,2561.0,2561.0,2561.0,2561.0,2561.0,2561.0,2561.0,2561.0,2561.0,2561.0,2561.0,2561.0,2561.0,2561.0,2561.0,2561.0,2561.0,2561.0,2561.0,2561.0,2561.0,2561.0,2561.0,2561.0,2561.0,2561.0,2561.0,2561.0,2561.0,2561.0,2561.0,2561.0,2561.0,2561.0,2561.0,2561.0,2561.0,2561.0,2561.0,2561.0,2561.0,2561.0,2561.0,2561.0,2561.0,2561.0,2561.0,2561.0,2561.0,2561.0,2561.0,2561.0,2561.0,2561.0,2561.0,2561.0,2561.0,2561.0,2561.0,2561.0,2561.0,2561.0,2561.0,2561.0,2561.0,2561.0,2561.0,2561.0,2561.0,2561.0,2561.0,2561.0,2561.0,2561.0,2561.0,2561.0,2561.0,2561.0,2561.0,2561.0,2561.0,2561.0,2561.0,2561.0,2561.0,2561.0,2561.0,2561.0,2561.0,2561.0,2561.0,2561.0,2561.0,2561.0,2561.0,2561.0,2561.0,2561.0,2561.0,2561.0,2561.0,2561.0,2561.0,2561.0,2561.0,2561.0,2561.0,2561.0,2561.0,2561.0,2561.0,2561.0,2570.0,2570.0,2629.0,2685.0,2705.0,2705.0,2705.0,2705.0,2705.0,2705.0,2705.0,2705.0,2705.0,2705.0,2750.0,2808.0,2892.0,2970.0,3059.0,3127.0,3170.0,3170.0,3170.0,3170.0,3170.0,3170.0,3170.0,3170.0,3170.0,3170.0,3176.0,3230.0,3261.0,3268.0,3268.0,3268.0,3268.0,3268.0,3268.0,3268.0,3268.0,3268.0,3268.0,3268.0,3268.0,3268.0,3268.0,3268.0,3268.0,3268.0,3268.0,3268.0,3268.0,3268.0,3268.0,3268.0,3268.0,3268.0,3268.0,3268.0,3268.0,3268.0,3268.0,3268.0,3268.0,3268.0,3268.0,3268.0,3268.0,3268.0,3268.0,3268.0,3268.0,3268.0,3268.0,3268.0,3268.0,3293.0,3305.0,3305.0,3305.0,3305.0,3305.0,3305.0,3305.0,3305.0,3305.0,3305.0,3337.0,3337.0,3337.0,3337.0,3337.0,3337.0,3337.0,3337.0,3337.0,3337.0,3346.0,3381.0,3381.0,3381.0,,,,,,,,,,,,,,,,,,,,,,,,,,,,,,,,,,,,,,,,,,,,,,,,,,,,,,,,,,,,,,,,,,,,,,,,,,,,,,,,
2018-07-19,ios,,,,,,,,,,,,,,,,,,,,,,,,,,,,,,,,,,,,,,,,,,,,,,,,,,,,,,,,,,,,,,,,,,,,,,,,,,,,,,,,,,,,,,,,,,,,,,,,,,,,,,,,,,,,,,,,,,,,,,,,,,,,,,,,,,,,,,,,,,,,,,,,,,,,,,,,,,,,,,,,,,,,,,,,,,,,,,,,,,,,,,,,,,,,,,,,,,,,,,,,,,,,,,,,,,,,,,,,,,,,,,,,,,,,,,,,,,,,,,,,,,,,,,,,,,,,,,,,,,,,,,,,,,,,,,,,,,,,,,,,,,,,,,,,,,,,,,,,,,,,,,,,,,,,,,,,,,,,,,,,,,,,,,,,,,,,,,,,,,,,,,,,,,,,,,,,,,,,,,,,,,,,,,,,,,,,,,,,,,,,,,,,,,,,,,,,,36.0,51.0,51.0,51.0,51.0,51.0,51.0,51.0,51.0,51.0,51.0,110.0,179.0,252.0,340.0,431.0,473.0,554.0,568.0,623.0,664.0,664.0,664.0,664.0,664.0,664.0,664.0,664.0,675.0,729.0,767.0,767.0,767.0,767.0,767.0,767.0,767.0,767.0,767.0,767.0,767.0,767.0,792.0,792.0,792.0,792.0,792.0,792.0,792.0,792.0,792.0,792.0,792.0,792.0,792.0,792.0,792.0,792.0,792.0,792.0,792.0,792.0,792.0,792.0,792.0,792.0,792.0,792.0,792.0,792.0,792.0,792.0,792.0,792.0,792.0,792.0,792.0,792.0,792.0,792.0,792.0,792.0,792.0,792.0,792.0,792.0,792.0,792.0,792.0,808.0,809.0,842.0,913.0,952.0,1037.0,1103.0,1103.0,1129.0,1160.0,1160.0,1160.0,1160.0,1160.0,1160.0,1160.0,1160.0,1160.0,1160.0,1160.0,1160.0,1160.0,1160.0,1160.0,1203.0,1280.0,1397.0,1494.0,1544.0,1544.0,1544.0,1544.0,1544.0,1544.0,1544.0,1544.0,1544.0,1544.0,1544.0,1544.0,1544.0,1544.0,1544.0,1544.0,1544.0,1544.0,1544.0,1544.0,1544.0,1544.0,1544.0,1544.0,1544.0,1544.0,1544.0,1544.0,1544.0,1544.0,1544.0,1544.0,1544.0,1544.0,1544.0,1544.0,1544.0,1544.0,1544.0,1544.0,1544.0,1544.0,1544.0,1544.0,1544.0,1544.0,1544.0,1544.0,1544.0,1544.0,1544.0,1544.0,1544.0,1544.0,1544.0,1544.0,1544.0,1544.0,1544.0,1544.0,1544.0,1544.0,1544.0,1544.0,1544.0,1544.0,1544.0,1544.0,1544.0,1544.0,1544.0,1629.0,1750.0,1863.0,1987.0,2106.0,2217.0,2324.0,2432.0,2521.0,2620.0,2620.0,2620.0,2620.0,2620.0,2620.0,2620.0,2620.0,2620.0,2620.0,2620.0,2620.0,2620.0,2620.0,2620.0,2620.0,2644.0,2756.0,2809.0,2809.0,2868.0,2950.0,2990.0,2990.0,2990.0,3017.0,3041.0,3079.0,3089.0,3117.0,3167.0,3210.0,3270.0,3278.0,3278.0,3310.0,3344.0,3344.0,3344.0,3365.0,3378.0,3400.0,3452.0,3504.0,3556.0,3567.0,3575.0,3575.0,3575.0,3601.0,3612.0,3706.0,3825.0,3934.0,4042.0,4146.0,4219.0,4309.0,4317.0,4432.0,4476.0,4520.0,4520.0,4520.0,4567.0,4567.0,4567.0,4567.0,4567.0,4567.0,4567.0,4567.0,4567.0,4567.0,4567.0,4567.0,4567.0,4567.0,4567.0,4567.0,4567.0,4567.0,4567.0,4567.0,4567.0,4567.0,4567.0,4567.0,4567.0,4567.0,4567.0,4567.0,4567.0,4567.0,4567.0,4567.0,4567.0,4567.0,4567.0,4567.0,4634.0,4745.0,4864.0,4979.0,5098.0,5184.0,5192.0,5192.0,5217.0,5217.0,5217.0,5217.0,5217.0,5217.0,5217.0,5217.0,5217.0,5217.0,5217.0,5217.0,5238.0,5359.0,5464.0,5466.0,5574.0,5701.0,5826.0,5948.0,6067.0,6069.0,6069.0,6069.0,6069.0,6069.0,6069.0,6069.0,6069.0,6069.0,6069.0,6069.0,6069.0,6069.0,6069.0,6069.0,6069.0,6069.0,6069.0,6069.0,6069.0,6069.0,6069.0,6069.0,6069.0,6069.0,6069.0,6069.0,6069.0,6069.0,6069.0,6069.0,6069.0,6069.0,6069.0,6069.0,6069.0,6069.0,6069.0,6069.0,6069.0,6069.0,6069.0,6069.0,6069.0,6069.0,6069.0,6069.0,6069.0,6069.0,6069.0,6069.0,6069.0,6069.0,6069.0,6069.0,6069.0,6069.0,6069.0,6069.0,6069.0,6069.0,6069.0,6069.0,6069.0,6069.0,6069.0,6069.0,6069.0,6069.0,6069.0,6069.0,6069.0,6069.0,6069.0,6069.0,6069.0,6069.0,6069.0,6069.0,6069.0,6069.0,6069.0,6069.0,6069.0,6069.0,6069.0,6069.0,6069.0,6069.0,6069.0,6069.0,6069.0,6069.0,6069.0,6069.0,6069.0,6069.0,6069.0,6069.0,6069.0,6069.0,6069.0,6069.0,6069.0,6069.0,6069.0,6069.0,6069.0,6069.0,6069.0,6069.0,6069.0,6069.0,6069.0,6069.0,6069.0,6069.0,6069.0,6069.0,6069.0,6143.0,6259.0,6366.0,6479.0,6560.0,6679.0,6763.0,6764.0,6764.0,6764.0,6764.0,6764.0,6764.0,6764.0,6764.0,6764.0,6764.0,6764.0,6764.0,6764.0,6764.0,6764.0,6764.0,6764.0,6764.0,6764.0,6764.0,6764.0,6764.0,6764.0,6764.0,6764.0,6764.0,6764.0,6764.0,6764.0,6764.0,6764.0,6764.0,6764.0,6764.0,6764.0,6764.0,6764.0,6764.0,6764.0,6764.0,6764.0,6764.0,6764.0,6764.0,6764.0,6764.0,6764.0,6764.0,6764.0,6764.0,6764.0,6764.0,6764.0,6764.0,6790.0,6827.0,6938.0,7031.0,7146.0,7261.0,7373.0,7485.0,7536.0,7536.0,7536.0,7536.0,7536.0,7536.0,7536.0,7536.0,7536.0,7536.0,7536.0,7536.0,7536.0,7536.0,7536.0,7536.0,7536.0,7536.0,7536.0,7536.0,7614.0,7690.0,7695.0,7695.0,7774.0,7872.0,7872.0,7910.0,7910.0,7910.0,7910.0,7910.0,7910.0,7910.0,7910.0,7910.0,7910.0,7910.0,7910.0,7910.0,7951.0,7951.0,7951.0,7951.0,7951.0,7951.0,7951.0,7951.0,7951.0,7951.0,7951.0,7951.0,7951.0,7951.0,7951.0,7951.0,7951.0,7951.0,7951.0,7951.0,7951.0,7951.0,7951.0,7951.0,7951.0,7951.0,7951.0,7951.0,7951.0,7951.0,7951.0,7951.0,7951.0,7951.0,7951.0,7951.0,7964.0,7977.0,8061.0,8152.0,8157.0,8157.0,8157.0,8214.0,8267.0,8267.0,8319.0,8319.0,8319.0,8319.0,8319.0,8319.0,8319.0,8319.0,8319.0,8319.0,8319.0,8319.0,8319.0,8319.0,8322.0,8377.0,8445.0,8464.0,8549.0,8612.0,8612.0,8612.0,8612.0,8613.0,8715.0,8790.0,8896.0,8995.0,9067.0,9135.0,9163.0,9170.0,9170.0,9170.0,9170.0,9170.0,9170.0,9170.0,9170.0,9170.0,9170.0,9170.0,9170.0,9170.0,9170.0,9170.0,9170.0,9170.0,9170.0,9170.0,9170.0,9170.0,9170.0,9170.0,9170.0,9170.0,9170.0,9170.0,9170.0,9170.0,9170.0,9170.0,9170.0,9170.0,9170.0,9170.0,9170.0,9170.0,9170.0,9170.0,9170.0,9170.0,9170.0,9170.0,9170.0,9170.0,9170.0,9170.0,9170.0,9170.0,9170.0,9170.0,9170.0,9170.0,9170.0,9170.0,9170.0,9170.0,9170.0,9170.0,9170.0,9170.0,9170.0,9170.0,9170.0,9170.0,9170.0,9170.0,9170.0,9170.0,9170.0,9170.0,9170.0,9170.0,9170.0,9170.0,9170.0,9170.0,9170.0,9170.0,9170.0,9170.0,9170.0,9170.0,9170.0,9170.0,9170.0,9170.0,9170.0,9170.0,9170.0,9170.0,9170.0,9170.0,9170.0,9170.0,9170.0,9170.0,9170.0,9170.0,9170.0,9170.0,9170.0,9170.0,9170.0,9170.0,9170.0,9170.0,9170.0,9170.0,9170.0,9170.0,9170.0,9170.0,9170.0,9170.0,9170.0,9170.0,9170.0,9170.0,9170.0,9170.0,9170.0,9170.0,9170.0,9170.0,9170.0,9170.0,9170.0,9170.0,9170.0,9180.0,9180.0,9180.0,9181.0,9211.0,9264.0,9269.0,9298.0,9375.0,9375.0,9375.0,9375.0,9375.0,9375.0,9395.0,9413.0,9413.0,9413.0,9413.0,9413.0,9421.0,9525.0,9639.0,9678.0,9769.0,9769.0,9769.0,9769.0,9769.0,9769.0,9835.0,9937.0,10110.0,10278.0,10451.0,10620.0,10790.0,10962.0,11127.0,11303.0,11473.0,11650.0,11823.0,11997.0,12155.0,12331.0,12478.0,12655.0,12816.0,12988.0,13161.0,13328.0,13491.0,13664.0,13838.0,14014.0,14189.0,14364.0,14538.0,14710.0,14884.0,15045.0,15220.0,15392.0,15552.0,15726.0,15902.0,16079.0,16255.0,16432.0,16608.0,16783.0,16957.0,17124.0,17227.0,17281.0,17281.0,17334.0,17417.0,17479.0,17585.0,17653.0,17748.0,17846.0,17864.0,17864.0,17864.0,17907.0,17936.0,18019.0,18121.0,18226.0,18307.0,18307.0,18307.0,18307.0,18307.0,18307.0,18307.0,18307.0,18307.0,18307.0,18307.0,18307.0,18307.0,18307.0,18307.0,18307.0,18307.0,18307.0,18307.0,18307.0,18324.0,18361.0,18361.0,18361.0,18396.0,18419.0,18445.0,18445.0,18445.0,18445.0,18462.0,18511.0,18511.0,18567.0,18634.0,18634.0,18634.0,18634.0,18634.0,18634.0,18634.0,18634.0,18634.0,18634.0,18634.0,18654.0,18750.0,18834.0,18889.0,18896.0,18896.0,18896.0,18896.0,18896.0,18908.0,18922.0,18922.0,18950.0,18950.0,18950.0,18950.0,18950.0,18950.0,18950.0,18950.0,18950.0,18950.0,18950.0,18950.0,18950.0,18950.0,18950.0,18950.0,18950.0,18950.0,18950.0,18950.0,18950.0,18950.0,18950.0,18950.0,18950.0,,,,,,,,,,,,,,,,,,,,,,,,,,,,,,,,,,,,,,,,,,,,,,,,,,,,,,,,,,,,,,,,,,,,,,,,,,,,,,,,,,,,,,,,,,,,,,,,,,,,,,,,,,,,,,,,
2018-07-20,ios,,,,,,,,,,,,,,,,,,,,,,,,,,,,,,,,,,,,,,,,,,,,,,,,,,,,,,,,,,,,,,,,,,,,,,,,,,,,,,,,,,,,,,,,,,,,,,,,,,,,,,,,,,,,,,,,,,,,,,,,,,,,,,,,,,,,,,,,,,,,,,,,,,,,,,,,,,,,,,,,,,,,,,,,,,,,,,,,,,,,,,,,,,,,,,,,,,,,,,,,,,,,,,,,,,,,,,,,,,,,,,,,,,,,,,,,,,,,,,,,,,,,,,,,,,,,,,,,,,,,,,,,,,,,,,,,,,,,,,,,,,,,,,,,,,,,,,,,,,,,,,,,,,,,,,,,,,,,,,,,,,,,,,,,,,,,,,,,,,,,,,,,,,,,,,,,,,,,,,,,,,,,,,,,,,,,,,,,,,,,,,,,,,,,,,,,,,,,,,,,,,,,,,,,,,,,,,,,,,,,,,,,,,,,,,,,,,,,,,26.0,26.0,26.0,26.0,26.0,26.0,26.0,26.0,26.0,41.0,41.0,41.0,41.0,41.0,41.0,41.0,41.0,41.0,41.0,41.0,41.0,41.0,41.0,41.0,41.0,41.0,41.0,41.0,41.0,41.0,41.0,41.0,41.0,41.0,49.0,49.0,49.0,49.0,49.0,49.0,49.0,49.0,49.0,49.0,49.0,49.0,49.0,49.0,80.0,80.0,80.0,80.0,80.0,80.0,80.0,80.0,80.0,80.0,80.0,80.0,80.0,80.0,80.0,80.0,80.0,80.0,80.0,80.0,80.0,80.0,80.0,80.0,80.0,80.0,80.0,80.0,80.0,80.0,80.0,80.0,80.0,80.0,80.0,80.0,80.0,80.0,80.0,109.0,135.0,182.0,264.0,354.0,354.0,354.0,354.0,354.0,354.0,354.0,458.0,571.0,644.0,644.0,693.0,801.0,873.0,873.0,873.0,873.0,873.0,873.0,885.0,897.0,897.0,917.0,955.0,955.0,955.0,955.0,955.0,955.0,955.0,955.0,955.0,955.0,955.0,955.0,955.0,955.0,955.0,955.0,955.0,955.0,955.0,955.0,955.0,955.0,955.0,955.0,955.0,955.0,955.0,955.0,955.0,955.0,955.0,955.0,955.0,955.0,955.0,955.0,955.0,955.0,955.0,955.0,955.0,955.0,955.0,955.0,955.0,955.0,955.0,955.0,955.0,955.0,955.0,955.0,955.0,955.0,955.0,955.0,955.0,955.0,955.0,955.0,955.0,955.0,955.0,955.0,955.0,955.0,955.0,955.0,955.0,955.0,955.0,955.0,955.0,955.0,955.0,955.0,955.0,955.0,955.0,955.0,955.0,955.0,955.0,999.0,1123.0,1247.0,1369.0,1491.0,1612.0,1734.0,1846.0,1954.0,2063.0,2147.0,2262.0,2297.0,2298.0,2298.0,2395.0,2514.0,2619.0,2737.0,2840.0,2959.0,3077.0,3194.0,3313.0,3428.0,3546.0,3615.0,3644.0,3644.0,3644.0,3644.0,3644.0,3644.0,3644.0,3644.0,3644.0,3644.0,3644.0,3644.0,3644.0,3644.0,3644.0,3644.0,3644.0,3644.0,3644.0,3644.0,3644.0,3644.0,3644.0,3644.0,3644.0,3644.0,3644.0,3644.0,3684.0,3737.0,3746.0,3746.0,3746.0,3746.0,3746.0,3746.0,3746.0,3746.0,3746.0,3746.0,3746.0,3766.0,3766.0,3766.0,3766.0,3828.0,3828.0,3828.0,3828.0,3828.0,3828.0,3828.0,3828.0,3828.0,3828.0,3828.0,3892.0,3892.0,3892.0,3892.0,3892.0,3892.0,3892.0,3892.0,3892.0,3892.0,3892.0,3892.0,3892.0,3892.0,3892.0,3892.0,3892.0,3892.0,3892.0,3892.0,3892.0,3892.0,3892.0,3892.0,3892.0,3892.0,3892.0,3892.0,3892.0,3892.0,3892.0,3892.0,3892.0,3892.0,3892.0,3892.0,3892.0,3892.0,3892.0,3892.0,3892.0,3892.0,3892.0,3892.0,3892.0,3892.0,3892.0,3892.0,3892.0,3892.0,3892.0,3892.0,3892.0,3892.0,3892.0,3892.0,3892.0,3892.0,3892.0,3892.0,3892.0,3892.0,3892.0,3892.0,3892.0,3892.0,3892.0,3892.0,3892.0,3892.0,3892.0,3892.0,3892.0,3892.0,3892.0,3892.0,3892.0,3892.0,3892.0,3892.0,3892.0,3892.0,3892.0,3892.0,3892.0,3892.0,3935.0,3937.0,3937.0,3937.0,3937.0,3937.0,3937.0,3937.0,3937.0,3937.0,3937.0,3937.0,3937.0,3937.0,3937.0,3937.0,3937.0,3937.0,3937.0,3937.0,3937.0,3937.0,3937.0,3937.0,3937.0,3937.0,3937.0,3937.0,3937.0,3937.0,3937.0,3988.0,4014.0,4037.0,4037.0,4037.0,4037.0,4037.0,4037.0,4037.0,4037.0,4037.0,4037.0,4037.0,4037.0,4037.0,4037.0,4037.0,4037.0,4037.0,4037.0,4037.0,4037.0,4037.0,4037.0,4037.0,4037.0,4037.0,4037.0,4037.0,4037.0,4037.0,4037.0,4037.0,4037.0,4037.0,4037.0,4037.0,4037.0,4037.0,4037.0,4037.0,4037.0,4037.0,4037.0,4037.0,4037.0,4037.0,4037.0,4037.0,4037.0,4037.0,4037.0,4037.0,4037.0,4037.0,4037.0,4037.0,4037.0,4037.0,4037.0,4037.0,4037.0,4037.0,4037.0,4037.0,4037.0,4037.0,4037.0,4037.0,4037.0,4037.0,4037.0,4037.0,4037.0,4037.0,4037.0,4037.0,4037.0,4037.0,4037.0,4037.0,4037.0,4037.0,4037.0,4037.0,4049.0,4123.0,4233.0,4284.0,4284.0,4284.0,4284.0,4284.0,4284.0,4319.0,4319.0,4319.0,4319.0,4319.0,4319.0,4319.0,4319.0,4319.0,4319.0,4319.0,4319.0,4319.0,4319.0,4319.0,4319.0,4319.0,4319.0,4319.0,4319.0,4319.0,4319.0,4319.0,4319.0,4319.0,4319.0,4319.0,4319.0,4319.0,4319.0,4319.0,4319.0,4319.0,4319.0,4319.0,4348.0,4348.0,4348.0,4348.0,4348.0,4348.0,4356.0,4356.0,4356.0,4356.0,4465.0,4541.0,4543.0,4560.0,4560.0,4560.0,4568.0,4568.0,4568.0,4568.0,4568.0,4568.0,4568.0,4568.0,4568.0,4568.0,4568.0,4568.0,4568.0,4568.0,4568.0,4569.0,4594.0,4594.0,4594.0,4594.0,4594.0,4604.0,4622.0,4622.0,4650.0,4684.0,4766.0,4885.0,4984.0,5001.0,5001.0,5001.0,5001.0,5001.0,5001.0,5001.0,5001.0,5001.0,5001.0,5001.0,5001.0,5001.0,5001.0,5001.0,5001.0,5001.0,5001.0,5001.0,5001.0,5001.0,5001.0,5001.0,5001.0,5001.0,5001.0,5001.0,5001.0,5001.0,5004.0,5009.0,5009.0,5009.0,5009.0,5009.0,5009.0,5029.0,5030.0,5030.0,5030.0,5030.0,5030.0,5030.0,5030.0,5030.0,5030.0,5030.0,5039.0,5039.0,5039.0,5039.0,5081.0,5081.0,5097.0,5174.0,5243.0,5248.0,5248.0,5248.0,5248.0,5248.0,5248.0,5248.0,5248.0,5248.0,5248.0,5248.0,5248.0,5248.0,5335.0,5383.0,5492.0,5554.0,5554.0,5564.0,5658.0,5723.0,5748.0,5748.0,5748.0,5748.0,5748.0,5748.0,5748.0,5748.0,5816.0,5861.0,5886.0,5886.0,5886.0,5886.0,5886.0,5886.0,5886.0,5886.0,5886.0,5886.0,5886.0,5886.0,5886.0,5886.0,5886.0,5886.0,5886.0,5886.0,5886.0,5900.0,5916.0,5916.0,5916.0,5916.0,5916.0,5916.0,5916.0,5918.0,5926.0,5926.0,5926.0,5926.0,5926.0,5941.0,5941.0,5941.0,5941.0,5941.0,5941.0,5941.0,5941.0,5941.0,5941.0,5941.0,5941.0,5941.0,5941.0,5941.0,5941.0,5941.0,5941.0,5941.0,5941.0,5941.0,5941.0,5941.0,5941.0,5941.0,5941.0,5941.0,5969.0,5969.0,5969.0,5969.0,5969.0,5969.0,5969.0,5969.0,5969.0,5969.0,5969.0,5969.0,5969.0,5969.0,5969.0,5969.0,5969.0,5994.0,5994.0,5994.0,6023.0,6023.0,6023.0,6023.0,6023.0,6023.0,6023.0,6023.0,6023.0,6023.0,6023.0,6023.0,6023.0,6023.0,6023.0,6023.0,6033.0,6033.0,6033.0,6033.0,6033.0,6033.0,6033.0,6033.0,6033.0,6033.0,6033.0,6033.0,6033.0,6033.0,6033.0,6033.0,6033.0,6033.0,6033.0,6033.0,6033.0,6033.0,6033.0,6033.0,6033.0,6033.0,6033.0,6033.0,6033.0,6033.0,6033.0,6033.0,6033.0,6033.0,6033.0,6033.0,6033.0,6033.0,6033.0,6033.0,6033.0,6033.0,6033.0,6033.0,6033.0,6033.0,6033.0,6033.0,6033.0,6033.0,6033.0,6033.0,6033.0,6033.0,6033.0,6033.0,6033.0,6033.0,6033.0,6033.0,6033.0,6033.0,6033.0,6033.0,6033.0,6033.0,6033.0,6033.0,6033.0,6033.0,6033.0,6033.0,6033.0,6033.0,6033.0,6033.0,6033.0,6033.0,6033.0,6033.0,6033.0,6033.0,6033.0,6033.0,6033.0,6033.0,6033.0,6033.0,6033.0,6033.0,6033.0,6033.0,6033.0,6033.0,6033.0,6033.0,6033.0,6033.0,6033.0,6033.0,6033.0,6033.0,6033.0,6033.0,6033.0,6033.0,6033.0,6033.0,6033.0,6033.0,6033.0,6033.0,6033.0,6033.0,6070.0,6070.0,6070.0,6070.0,6070.0,6070.0,6070.0,6070.0,6070.0,6070.0,6070.0,6113.0,6205.0,6300.0,6423.0,6556.0,6588.0,6619.0,6642.0,6642.0,6642.0,6642.0,6642.0,6642.0,6642.0,6642.0,6642.0,6642.0,6642.0,6642.0,6642.0,6642.0,6642.0,6642.0,6642.0,6642.0,6642.0,6642.0,6642.0,6642.0,6642.0,6642.0,6642.0,6642.0,6642.0,6642.0,6642.0,6642.0,6657.0,6668.0,6758.0,6811.0,6842.0,6949.0,7057.0,7134.0,7152.0,7250.0,7339.0,7408.0,7408.0,7408.0,7408.0,7408.0,7408.0,7408.0,7408.0,7408.0,7408.0,7408.0,7408.0,7408.0,7408.0,7408.0,7507.0,7544.0,7574.0,7650.0,7748.0,7783.0,7822.0,7822.0,7822.0,7822.0,7822.0,,,,,,,,,,,,,,,,,,,,,,,,,,,,,,,,,,,,,,,,,,,,,,,,,,
2018-07-21,ios,,,,,,,,,,,,,,,,,,,,,,,,,,,,,,,,,,,,,,,,,,,,,,,,,,,,,,,,,,,,,,,,,,,,,,,,,,,,,,,,,,,,,,,,,,,,,,,,,,,,,,,,,,,,,,,,,,,,,,,,,,,,,,,,,,,,,,,,,,,,,,,,,,,,,,,,,,,,,,,,,,,,,,,,,,,,,,,,,,,,,,,,,,,,,,,,,,,,,,,,,,,,,,,,,,,,,,,,,,,,,,,,,,,,,,,,,,,,,,,,,,,,,,,,,,,,,,,,,,,,,,,,,,,,,,,,,,,,,,,,,,,,,,,,,,,,,,,,,,,,,,,,,,,,,,,,,,,,,,,,,,,,,,,,,,,,,,,,,,,,,,,,,,,,,,,,,,,,,,,,,,,,,,,,,,,,,,,,,,,,,,,,,,,,,,,,,,,,,,,,,,,,,,,,,,,,,,,,,,,,,,,,,,,,,,,,,,,,,,,18.0,18.0,18.0,18.0,18.0,18.0,18.0,18.0,18.0,18.0,18.0,18.0,18.0,18.0,18.0,18.0,18.0,18.0,18.0,18.0,18.0,18.0,18.0,18.0,18.0,26.0,61.0,61.0,61.0,73.0,107.0,168.0,168.0,168.0,168.0,168.0,202.0,221.0,221.0,221.0,221.0,221.0,221.0,221.0,221.0,221.0,221.0,221.0,221.0,221.0,260.0,300.0,300.0,332.0,332.0,332.0,332.0,332.0,383.0,383.0,383.0,460.0,460.0,460.0,460.0,460.0,468.0,505.0,567.0,576.0,603.0,704.0,781.0,902.0,1022.0,1138.0,1176.0,1260.0,1286.0,1333.0,1368.0,1368.0,1368.0,1368.0,1368.0,1368.0,1368.0,1368.0,1368.0,1368.0,1368.0,1368.0,1368.0,1368.0,1368.0,1368.0,1368.0,1368.0,1368.0,1368.0,1368.0,1368.0,1368.0,1368.0,1416.0,1448.0,1477.0,1518.0,1549.0,1662.0,1735.0,1842.0,1952.0,2063.0,2182.0,2301.0,2419.0,2537.0,2639.0,2651.0,2739.0,2848.0,2905.0,3022.0,3143.0,3265.0,3389.0,3509.0,3528.0,3575.0,3599.0,3599.0,3612.0,3612.0,3612.0,3612.0,3612.0,3626.0,3697.0,3780.0,3892.0,4009.0,4128.0,4249.0,4334.0,4334.0,4342.0,4342.0,4342.0,4342.0,4342.0,4383.0,4393.0,4393.0,4393.0,4482.0,4572.0,4599.0,4723.0,4756.0,4801.0,4801.0,4801.0,4823.0,4896.0,4998.0,5110.0,5222.0,5338.0,5451.0,5560.0,5671.0,5784.0,5897.0,5928.0,6022.0,6099.0,6176.0,6253.0,6277.0,6342.0,6370.0,6469.0,6523.0,6566.0,6610.0,6638.0,6699.0,6699.0,6699.0,6768.0,6818.0,6915.0,6972.0,7021.0,7097.0,7197.0,7290.0,7378.0,7413.0,7436.0,7543.0,7638.0,7679.0,7679.0,7679.0,7679.0,7725.0,7790.0,7891.0,7969.0,8023.0,8060.0,8087.0,8191.0,8285.0,8384.0,8421.0,8509.0,8569.0,8616.0,8710.0,8768.0,8880.0,8935.0,8972.0,9074.0,9166.0,9241.0,9356.0,9445.0,9551.0,9581.0,9664.0,9746.0,9866.0,9915.0,10020.0,10127.0,10150.0,10211.0,10282.0,10384.0,10483.0,10571.0,10648.0,10732.0,10732.0,10732.0,10732.0,10732.0,10792.0,10876.0,10976.0,11070.0,11143.0,11188.0,11299.0,11381.0,11486.0,11580.0,11688.0,11791.0,11900.0,11992.0,12056.0,12064.0,12087.0,12174.0,12254.0,12326.0,12420.0,12539.0,12655.0,12771.0,12890.0,13001.0,13073.0,13136.0,13180.0,13205.0,13240.0,13308.0,13350.0,13350.0,13406.0,13457.0,13457.0,13457.0,13457.0,13457.0,13457.0,13457.0,13511.0,13553.0,13605.0,13605.0,13605.0,13605.0,13605.0,13605.0,13647.0,13647.0,13673.0,13691.0,13691.0,13691.0,13691.0,13691.0,13691.0,13691.0,13691.0,13733.0,13810.0,13820.0,13826.0,13826.0,13826.0,13843.0,13873.0,13873.0,13986.0,14100.0,14214.0,14327.0,14374.0,14475.0,14563.0,14624.0,14702.0,14720.0,14720.0,14774.0,14774.0,14774.0,14774.0,14774.0,14774.0,14774.0,14774.0,14816.0,14816.0,14916.0,15028.0,15029.0,15029.0,15029.0,15029.0,15029.0,15029.0,15040.0,15052.0,15052.0,15052.0,15052.0,15052.0,15052.0,15052.0,15052.0,15052.0,15052.0,15107.0,15222.0,15333.0,15434.0,15521.0,15554.0,15554.0,15554.0,15554.0,15554.0,15589.0,15690.0,15692.0,15692.0,15692.0,15714.0,15714.0,15714.0,15714.0,15714.0,15714.0,15714.0,15714.0,15714.0,15714.0,15714.0,15714.0,15714.0,15714.0,15714.0,15714.0,15714.0,15754.0,15849.0,15876.0,15923.0,15954.0,16064.0,16146.0,16146.0,16146.0,16146.0,16146.0,16146.0,16146.0,16146.0,16146.0,16146.0,16146.0,16146.0,16146.0,16146.0,16146.0,16146.0,16146.0,16146.0,16146.0,16146.0,16146.0,16146.0,16146.0,16146.0,16146.0,16146.0,16146.0,16146.0,16146.0,16146.0,16146.0,16146.0,16146.0,16146.0,16146.0,16146.0,16146.0,16225.0,16336.0,16433.0,16448.0,16559.0,16669.0,16743.0,16743.0,16743.0,16743.0,16743.0,16755.0,16784.0,16806.0,16872.0,16901.0,16928.0,16928.0,16928.0,16928.0,16928.0,16928.0,16928.0,16928.0,16928.0,16928.0,16928.0,16928.0,16928.0,16928.0,16928.0,16928.0,16928.0,16943.0,16961.0,16961.0,16961.0,16967.0,17030.0,17081.0,17081.0,17081.0,17125.0,17169.0,17173.0,17189.0,17189.0,17214.0,17214.0,17214.0,17214.0,17225.0,17225.0,17225.0,17225.0,17225.0,17225.0,17225.0,17225.0,17225.0,17225.0,17225.0,17225.0,17225.0,17225.0,17225.0,17225.0,17225.0,17225.0,17225.0,17225.0,17225.0,17225.0,17225.0,17225.0,17225.0,17225.0,17225.0,17225.0,17225.0,17225.0,17225.0,17225.0,17225.0,17225.0,17225.0,17225.0,17225.0,17225.0,17225.0,17225.0,17225.0,17225.0,17225.0,17225.0,17225.0,17225.0,17225.0,17225.0,17225.0,17225.0,17225.0,17225.0,17225.0,17225.0,17225.0,17225.0,17225.0,17225.0,17225.0,17225.0,17225.0,17225.0,17225.0,17225.0,17225.0,17225.0,17225.0,17225.0,17225.0,17225.0,17225.0,17225.0,17225.0,17225.0,17225.0,17225.0,17225.0,17225.0,17225.0,17225.0,17225.0,17225.0,17225.0,17225.0,17225.0,17225.0,17225.0,17267.0,17287.0,17338.0,17344.0,17344.0,17344.0,17344.0,17344.0,17344.0,17400.0,17407.0,17441.0,17441.0,17441.0,17441.0,17441.0,17441.0,17441.0,17441.0,17441.0,17441.0,17441.0,17441.0,17441.0,17441.0,17441.0,17441.0,17441.0,17441.0,17441.0,17441.0,17441.0,17441.0,17441.0,17441.0,17441.0,17441.0,17441.0,17441.0,17441.0,17441.0,17441.0,17441.0,17441.0,17441.0,17441.0,17441.0,17441.0,17441.0,17441.0,17441.0,17441.0,17441.0,17441.0,17441.0,17441.0,17441.0,17441.0,17475.0,17498.0,17521.0,17579.0,17665.0,17679.0,17730.0,17769.0,17769.0,17769.0,17796.0,17796.0,17796.0,17796.0,17796.0,17796.0,17796.0,17796.0,17796.0,17796.0,17796.0,17796.0,17796.0,17796.0,17796.0,17796.0,17796.0,17796.0,17796.0,17796.0,17796.0,17796.0,17796.0,17796.0,17796.0,17810.0,17810.0,17810.0,17810.0,17810.0,17856.0,17901.0,17922.0,18011.0,18060.0,18078.0,18078.0,18078.0,18078.0,18078.0,18078.0,18078.0,18078.0,18078.0,18078.0,18078.0,18078.0,18078.0,18078.0,18078.0,18078.0,18078.0,18078.0,18078.0,18078.0,18078.0,18078.0,18093.0,18121.0,18139.0,18139.0,18139.0,18139.0,18139.0,18192.0,18223.0,18241.0,18241.0,18241.0,18277.0,18277.0,18277.0,18300.0,18333.0,18365.0,18365.0,18365.0,18365.0,18365.0,18365.0,18365.0,18365.0,18365.0,18365.0,18365.0,18365.0,18365.0,18365.0,18365.0,18365.0,18365.0,18365.0,18365.0,18365.0,18365.0,18365.0,18365.0,18365.0,18365.0,18365.0,18365.0,18365.0,18365.0,18397.0,18485.0,18553.0,18640.0,18743.0,18837.0,18949.0,19065.0,19181.0,19296.0,19411.0,19527.0,19642.0,19757.0,19870.0,19979.0,20094.0,20192.0,20310.0,20429.0,20549.0,20670.0,20792.0,20913.0,21031.0,21044.0,21098.0,21222.0,21339.0,21456.0,21576.0,21686.0,21806.0,21913.0,22030.0,22145.0,22264.0,22383.0,22504.0,22623.0,22747.0,22865.0,22986.0,23099.0,23219.0,23337.0,23451.0,23573.0,23706.0,23829.0,23907.0,24020.0,24146.0,24275.0,24406.0,24532.0,24654.0,24774.0,24891.0,25010.0,25135.0,25256.0,25377.0,25496.0,25612.0,25727.0,25842.0,25962.0,26058.0,26168.0,26298.0,26429.0,26544.0,26671.0,26797.0,26925.0,27055.0,27172.0,27226.0,27348.0,27476.0,27603.0,27725.0,27850.0,27973.0,28096.0,28217.0,28335.0,28447.0,28570.0,28692.0,28818.0,28942.0,29055.0,29176.0,29301.0,29394.0,29394.0,29506.0,29630.0,29759.0,29884.0,30007.0,30130.0,30242.0,30364.0,30486.0,30612.0,30735.0,30860.0,30982.0,31106.0,31227.0,31349.0,31474.0,31601.0,31726.0,31853.0,31978.0,32094.0,32218.0,32340.0,32453.0,32528.0,32603.0,32725.0,32850.0,32952.0,33006.0,33060.0,33065.0,33065.0,33065.0,33065.0,33065.0,33065.0,33065.0,33065.0,33065.0,33065.0,33065.0,33065.0,33065.0,33065.0,33065.0,33065.0,33065.0,33065.0,33065.0,33065.0,33065.0,33065.0,33065.0,33065.0,33065.0,33065.0,33065.0,33065.0,,,,,,,,,,,,,,,,,,,,,,,,,,,,,,,,,,,,,,,,,,,,,,,,,,,,,,,,,,,,,,,,,,,,,,,,,,,,,,,,,,,,,,,,,,,,,,,,,,,
2018-07-22,ios,,,,,,,,,,,,,,,,,,,,,,,,,,,,,,,,,,,,,,,,,,,,,,,,,,,,,,,,,,,,,,,,,,,,,,,,,,,,,,,,,,,,,,,,,,,,,,,,,,,,,,,,,,,,,,,,,,,,,,,,,,,,,,,,,,,,,,,,,,,,,,,,,,,,,,,,,,,,,,,,,,,,,,,,,,,,,,,,,,,,,,,,,,,,,,,,,,,,,,,,,,,,,,,,,,,,,,,,,,,,,,,,,,,,,,,,,,,,,,,,,,,,,,,,,,,,,,,,,,,,,,,,,,,,,,,,,,,,,,,,,,,,,,,,,,,,,,,,,,,,,,,,,,,,,,,,,,,,,,,,,,,,,,,,,,,,,,,,,,,,,,,,,,,,,,,,,,,,,,,,,,,,,,,,,,,,,,,,,,,,,,,,,,,,,,,,,,,,,,,,,,,,,,,,,,,,,,,,,,,,,,,,,,,,,,,,,,,8.0,8.0,8.0,8.0,8.0,8.0,8.0,8.0,8.0,8.0,8.0,8.0,8.0,8.0,8.0,8.0,8.0,8.0,8.0,8.0,8.0,8.0,8.0,8.0,8.0,8.0,8.0,8.0,8.0,8.0,8.0,8.0,56.0,70.0,70.0,70.0,70.0,81.0,90.0,90.0,90.0,108.0,141.0,187.0,222.0,232.0,232.0,232.0,232.0,232.0,232.0,232.0,232.0,232.0,232.0,232.0,232.0,232.0,232.0,232.0,232.0,232.0,232.0,232.0,232.0,232.0,232.0,232.0,232.0,267.0,358.0,382.0,382.0,382.0,382.0,382.0,382.0,382.0,405.0,405.0,405.0,405.0,405.0,405.0,405.0,405.0,405.0,405.0,405.0,405.0,405.0,405.0,405.0,405.0,405.0,405.0,405.0,405.0,405.0,405.0,405.0,405.0,405.0,405.0,405.0,405.0,405.0,405.0,405.0,405.0,405.0,405.0,405.0,405.0,405.0,405.0,405.0,405.0,405.0,405.0,405.0,405.0,405.0,405.0,405.0,405.0,405.0,405.0,405.0,405.0,405.0,405.0,405.0,405.0,405.0,405.0,405.0,405.0,405.0,405.0,405.0,405.0,405.0,405.0,405.0,405.0,405.0,405.0,405.0,405.0,405.0,405.0,405.0,405.0,405.0,405.0,405.0,405.0,405.0,405.0,405.0,405.0,405.0,405.0,405.0,405.0,405.0,405.0,405.0,405.0,405.0,405.0,405.0,405.0,405.0,405.0,405.0,405.0,405.0,405.0,405.0,405.0,405.0,405.0,405.0,405.0,405.0,405.0,405.0,405.0,405.0,405.0,405.0,405.0,405.0,405.0,405.0,405.0,405.0,405.0,405.0,405.0,405.0,405.0,405.0,405.0,405.0,405.0,430.0,441.0,441.0,454.0,454.0,454.0,454.0,454.0,454.0,499.0,499.0,508.0,508.0,517.0,560.0,575.0,575.0,575.0,575.0,575.0,575.0,575.0,575.0,575.0,575.0,575.0,575.0,575.0,575.0,575.0,575.0,575.0,575.0,575.0,575.0,575.0,575.0,575.0,575.0,575.0,575.0,575.0,575.0,575.0,575.0,575.0,575.0,575.0,575.0,575.0,575.0,575.0,575.0,575.0,575.0,575.0,575.0,575.0,575.0,575.0,575.0,575.0,575.0,575.0,575.0,575.0,575.0,575.0,575.0,575.0,575.0,575.0,575.0,575.0,575.0,575.0,575.0,575.0,575.0,575.0,575.0,648.0,682.0,728.0,728.0,728.0,728.0,728.0,728.0,728.0,748.0,748.0,748.0,748.0,748.0,748.0,748.0,748.0,748.0,748.0,748.0,748.0,748.0,748.0,748.0,748.0,748.0,748.0,748.0,748.0,748.0,748.0,748.0,748.0,748.0,748.0,748.0,748.0,778.0,788.0,788.0,814.0,814.0,814.0,835.0,835.0,835.0,835.0,835.0,835.0,835.0,835.0,835.0,835.0,835.0,835.0,835.0,835.0,835.0,835.0,835.0,835.0,835.0,835.0,835.0,835.0,835.0,835.0,835.0,835.0,835.0,835.0,835.0,835.0,835.0,835.0,835.0,835.0,835.0,835.0,835.0,835.0,835.0,835.0,835.0,835.0,835.0,835.0,835.0,835.0,835.0,835.0,835.0,835.0,835.0,835.0,835.0,835.0,835.0,835.0,835.0,835.0,835.0,835.0,835.0,835.0,873.0,873.0,937.0,984.0,984.0,984.0,984.0,984.0,984.0,984.0,984.0,984.0,984.0,984.0,984.0,984.0,984.0,984.0,984.0,984.0,984.0,984.0,984.0,984.0,984.0,984.0,984.0,984.0,984.0,984.0,984.0,984.0,984.0,984.0,984.0,984.0,984.0,984.0,984.0,984.0,984.0,984.0,984.0,984.0,984.0,984.0,984.0,984.0,984.0,984.0,984.0,984.0,984.0,984.0,984.0,984.0,984.0,984.0,984.0,984.0,984.0,984.0,984.0,984.0,984.0,984.0,984.0,984.0,984.0,984.0,984.0,984.0,984.0,984.0,984.0,984.0,984.0,984.0,984.0,984.0,984.0,984.0,984.0,984.0,984.0,984.0,984.0,984.0,984.0,984.0,984.0,984.0,984.0,984.0,984.0,984.0,984.0,984.0,984.0,984.0,984.0,984.0,984.0,984.0,984.0,984.0,984.0,984.0,984.0,984.0,984.0,984.0,984.0,984.0,984.0,984.0,984.0,984.0,984.0,984.0,984.0,984.0,984.0,984.0,984.0,984.0,984.0,984.0,984.0,984.0,984.0,1030.0,1112.0,1112.0,1180.0,1236.0,1236.0,1236.0,1236.0,1236.0,1236.0,1236.0,1236.0,1236.0,1236.0,1318.0,1335.0,1335.0,1335.0,1335.0,1335.0,1335.0,1335.0,1351.0,1351.0,1351.0,1351.0,1351.0,1351.0,1351.0,1351.0,1351.0,1371.0,1397.0,1397.0,1397.0,1397.0,1397.0,1397.0,1397.0,1397.0,1397.0,1397.0,1397.0,1397.0,1397.0,1397.0,1397.0,1397.0,1397.0,1397.0,1397.0,1397.0,1397.0,1397.0,1397.0,1397.0,1397.0,1397.0,1397.0,1397.0,1397.0,1397.0,1397.0,1397.0,1397.0,1397.0,1397.0,1397.0,1397.0,1397.0,1397.0,1397.0,1397.0,1397.0,1397.0,1397.0,1397.0,1397.0,1397.0,1397.0,1397.0,1397.0,1397.0,1397.0,1397.0,1397.0,1397.0,1397.0,1397.0,1397.0,1397.0,1397.0,1397.0,1397.0,1397.0,1397.0,1397.0,1397.0,1397.0,1397.0,1397.0,1397.0,1397.0,1397.0,1397.0,1397.0,1397.0,1397.0,1397.0,1494.0,1567.0,1581.0,1581.0,1581.0,1608.0,1608.0,1608.0,1608.0,1608.0,1608.0,1608.0,1608.0,1608.0,1608.0,1608.0,1608.0,1608.0,1608.0,1608.0,1608.0,1608.0,1608.0,1608.0,1608.0,1608.0,1608.0,1608.0,1608.0,1608.0,1608.0,1608.0,1608.0,1608.0,1608.0,1620.0,1701.0,1701.0,1735.0,1738.0,1738.0,1738.0,1738.0,1738.0,1738.0,1738.0,1738.0,1738.0,1752.0,1773.0,1802.0,1880.0,1977.0,2096.0,2199.0,2313.0,2352.0,2438.0,2554.0,2662.0,2773.0,2879.0,2957.0,3073.0,3191.0,3307.0,3410.0,3533.0,3652.0,3771.0,3881.0,3991.0,4104.0,4157.0,4215.0,4330.0,4443.0,4562.0,4661.0,4774.0,4898.0,4973.0,5021.0,5140.0,5261.0,5384.0,5497.0,5589.0,5697.0,5802.0,5924.0,6051.0,6165.0,6264.0,6377.0,6498.0,6603.0,6688.0,6798.0,6894.0,7003.0,7125.0,7165.0,7287.0,7407.0,7509.0,7589.0,7659.0,7770.0,7833.0,7840.0,7882.0,7944.0,8038.0,8061.0,8182.0,8285.0,8395.0,8511.0,8628.0,8704.0,8805.0,8870.0,8921.0,8955.0,9018.0,9106.0,9190.0,9221.0,9221.0,9274.0,9329.0,9428.0,9512.0,9602.0,9696.0,9792.0,9899.0,10005.0,10057.0,10164.0,10277.0,10392.0,10491.0,10606.0,10719.0,10831.0,10945.0,11060.0,11174.0,11286.0,11391.0,11507.0,11621.0,11729.0,11844.0,11947.0,12049.0,12155.0,12270.0,12373.0,12444.0,12546.0,12661.0,12774.0,12868.0,12967.0,13053.0,13156.0,13244.0,13341.0,13449.0,13552.0,13646.0,13745.0,13825.0,13935.0,14045.0,14163.0,14282.0,14393.0,14509.0,14603.0,14716.0,14823.0,14907.0,15028.0,15140.0,15231.0,15297.0,15403.0,15508.0,15612.0,15732.0,15856.0,15977.0,16048.0,16172.0,16295.0,16416.0,16494.0,16583.0,16704.0,16813.0,16935.0,17055.0,17176.0,17297.0,17416.0,17534.0,17620.0,17730.0,17831.0,17913.0,18022.0,18139.0,18261.0,18367.0,18479.0,18575.0,18605.0,18651.0,18671.0,18687.0,18735.0,18791.0,18835.0,18946.0,19068.0,19179.0,19302.0,19367.0,19481.0,19591.0,19706.0,19823.0,19903.0,20012.0,20115.0,20224.0,20340.0,20455.0,20574.0,20640.0,20739.0,20848.0,20964.0,21068.0,21180.0,21296.0,21383.0,21496.0,21551.0,21584.0,21606.0,21606.0,21606.0,21606.0,21606.0,21606.0,21606.0,21606.0,21606.0,21606.0,,,,,,,,,,,,,,,,,,,,,,,,,,,,,,,,,,,,,,,,,,,,,,,,,,,,,,,,,,,,,,,,,,,,,,,,,,,,,,,,,,,,,,,,,,,,,,,,,,,,,,,,,,,,
2018-07-23,ios,,,,,,,,,,,,,,,,,,,,,,,,,,,,,,,,,,,,,,,,,,,,,,,,,,,,,,,,,,,,,,,,,,,,,,,,,,,,,,,,,,,,,,,,,,,,,,,,,,,,,,,,,,,,,,,,,,,,,,,,,,,,,,,,,,,,,,,,,,,,,,,,,,,,,,,,,,,,,,,,,,,,,,,,,,,,,,,,,,,,,,,,,,,,,,,,,,,,,,,,,,,,,,,,,,,,,,,,,,,,,,,,,,,,,,,,,,,,,,,,,,,,,,,,,,,,,,,,,,,,,,,,,,,,,,,,,,,,,,,,,,,,,,,,,,,,,,,,,,,,,,,,,,,,,,,,,,,,,,,,,,,,,,,,,,,,,,,,,,,,,,,,,,,,,,,,,,,,,,,,,,,,,,,,,,,,,,,,,,,,,,,,,,,,,,,,,,,,,,,,,,,,,,,,,,,,,,,,,,,,,,,,,,,,,,,,,,,,,,,,,,,,,,,,,,,,,,,,,,,,,,,,,,,,12.0,12.0,48.0,97.0,99.0,108.0,152.0,181.0,181.0,221.0,221.0,221.0,221.0,221.0,221.0,221.0,221.0,221.0,221.0,221.0,221.0,221.0,221.0,221.0,221.0,221.0,221.0,221.0,221.0,221.0,221.0,221.0,232.0,290.0,378.0,422.0,502.0,561.0,651.0,672.0,711.0,812.0,868.0,868.0,868.0,868.0,868.0,868.0,903.0,951.0,956.0,956.0,956.0,965.0,967.0,988.0,1007.0,1007.0,1007.0,1019.0,1023.0,1023.0,1053.0,1116.0,1147.0,1211.0,1253.0,1337.0,1368.0,1413.0,1472.0,1472.0,1472.0,1472.0,1472.0,1472.0,1472.0,1472.0,1472.0,1472.0,1472.0,1472.0,1472.0,1472.0,1472.0,1472.0,1472.0,1472.0,1472.0,1472.0,1472.0,1472.0,1472.0,1472.0,1472.0,1472.0,1472.0,1472.0,1472.0,1472.0,1472.0,1472.0,1472.0,1472.0,1472.0,1472.0,1472.0,1472.0,1472.0,1472.0,1472.0,1472.0,1472.0,1472.0,1472.0,1472.0,1472.0,1472.0,1472.0,1472.0,1472.0,1472.0,1472.0,1472.0,1472.0,1472.0,1472.0,1472.0,1472.0,1472.0,1472.0,1472.0,1472.0,1472.0,1472.0,1472.0,1472.0,1472.0,1472.0,1472.0,1472.0,1472.0,1472.0,1472.0,1472.0,1472.0,1472.0,1472.0,1472.0,1472.0,1472.0,1472.0,1472.0,1472.0,1472.0,1472.0,1472.0,1472.0,1472.0,1472.0,1518.0,1575.0,1677.0,1697.0,1742.0,1742.0,1742.0,1742.0,1742.0,1742.0,1742.0,1742.0,1742.0,1742.0,1766.0,1835.0,1835.0,1835.0,1835.0,1890.0,1962.0,1998.0,1998.0,1998.0,1998.0,1998.0,1998.0,1998.0,1998.0,1998.0,1998.0,1998.0,1998.0,1998.0,1998.0,1998.0,1998.0,1998.0,1998.0,1998.0,1998.0,1998.0,1998.0,1998.0,1998.0,1998.0,1998.0,1998.0,1998.0,1998.0,1998.0,1998.0,1998.0,1998.0,1998.0,1998.0,1998.0,1998.0,1998.0,1998.0,1998.0,1998.0,1998.0,1998.0,1998.0,1998.0,1998.0,1998.0,1998.0,1998.0,1998.0,1998.0,2086.0,2139.0,2172.0,2195.0,2195.0,2292.0,2305.0,2305.0,2305.0,2305.0,2305.0,2305.0,2305.0,2305.0,2305.0,2305.0,2305.0,2305.0,2305.0,2305.0,2305.0,2305.0,2305.0,2305.0,2305.0,2305.0,2305.0,2305.0,2305.0,2305.0,2305.0,2305.0,2305.0,2305.0,2343.0,2379.0,2460.0,2460.0,2472.0,2501.0,2586.0,2604.0,2604.0,2604.0,2604.0,2604.0,2620.0,2678.0,2678.0,2678.0,2678.0,2678.0,2678.0,2678.0,2678.0,2678.0,2678.0,2678.0,2678.0,2678.0,2678.0,2678.0,2678.0,2678.0,2712.0,2758.0,2770.0,2770.0,2770.0,2770.0,2824.0,2830.0,2874.0,2883.0,2883.0,2883.0,2883.0,2883.0,2883.0,2883.0,2883.0,2883.0,2883.0,2883.0,2883.0,2883.0,2883.0,2883.0,2883.0,2920.0,2920.0,3000.0,3013.0,3013.0,3013.0,3013.0,3013.0,3013.0,3049.0,3068.0,3068.0,3068.0,3068.0,3068.0,3068.0,3081.0,3081.0,3081.0,3081.0,3099.0,3109.0,3142.0,3142.0,3142.0,3142.0,3142.0,3157.0,3157.0,3157.0,3157.0,3157.0,3157.0,3157.0,3157.0,3157.0,3157.0,3157.0,3157.0,3157.0,3157.0,3157.0,3157.0,3157.0,3157.0,3157.0,3157.0,3157.0,3157.0,3157.0,3157.0,3157.0,3157.0,3157.0,3157.0,3157.0,3157.0,3157.0,3157.0,3157.0,3157.0,3204.0,3204.0,3272.0,3399.0,3526.0,3633.0,3756.0,3878.0,3993.0,4088.0,4205.0,4323.0,4440.0,4516.0,4536.0,4646.0,4758.0,4857.0,4980.0,5081.0,5096.0,5096.0,5114.0,5174.0,5252.0,5318.0,5369.0,5411.0,5411.0,5475.0,5475.0,5475.0,5554.0,5584.0,5609.0,5660.0,5690.0,5756.0,5837.0,5853.0,5869.0,5869.0,5869.0,5869.0,5938.0,6027.0,6109.0,6211.0,6289.0,6355.0,6457.0,6537.0,6591.0,6680.0,6802.0,6903.0,7014.0,7126.0,7234.0,7334.0,7335.0,7360.0,7407.0,7526.0,7636.0,7640.0,7662.0,7691.0,7735.0,7804.0,7893.0,7953.0,8036.0,8052.0,8052.0,8052.0,8104.0,8129.0,8169.0,8183.0,8203.0,8269.0,8285.0,8286.0,8393.0,8499.0,8613.0,8693.0,8806.0,8915.0,9008.0,9100.0,9217.0,9326.0,9450.0,9512.0,9604.0,9717.0,9812.0,9817.0,9860.0,9974.0,10060.0,10117.0,10153.0,10179.0,10179.0,10179.0,10213.0,10318.0,10417.0,10534.0,10636.0,10744.0,10744.0,10744.0,10744.0,10744.0,10744.0,10744.0,10744.0,10744.0,10744.0,10744.0,10744.0,10744.0,10744.0,10744.0,10744.0,10744.0,10744.0,10744.0,10744.0,10744.0,10744.0,10752.0,10752.0,10752.0,10752.0,10752.0,10752.0,10752.0,10752.0,10752.0,10752.0,10752.0,10752.0,10752.0,10752.0,10830.0,10933.0,11047.0,11162.0,11268.0,11356.0,11475.0,11593.0,11714.0,11788.0,11906.0,12023.0,12142.0,12239.0,12356.0,12473.0,12594.0,12719.0,12842.0,12962.0,13079.0,13193.0,13265.0,13382.0,13470.0,13589.0,13708.0,13758.0,13784.0,13834.0,13934.0,14033.0,14143.0,14149.0,14158.0,14183.0,14298.0,14414.0,14529.0,14529.0,14534.0,14619.0,14701.0,14799.0,14901.0,15015.0,15119.0,15232.0,15335.0,15449.0,15549.0,15664.0,15779.0,15878.0,15991.0,16105.0,16203.0,16316.0,16431.0,16544.0,16654.0,16769.0,16879.0,16995.0,17099.0,17195.0,17306.0,17340.0,17340.0,17348.0,17438.0,17556.0,17580.0,17677.0,17797.0,17916.0,17998.0,18034.0,18085.0,18085.0,18113.0,18113.0,18113.0,18113.0,18113.0,18113.0,18113.0,18113.0,,,,,,,,,,,,,,,,,,,,,,,,,,,,,,,,,,,,,,,,,,,,,,,,,,,,,,,,,,,,,,,,,,,,,,,,,,,,,,,,,,,,,,,,,,,,,,,,,,,,,,,,,,,,,,,,,,,,,,,,,,,,,,,,,,,,,,,,,,,,,,,,,,,,,,,,,,,,,,,,,,,,,,,,,,,,,,,,,,,,,,,,,,,,,,,,,,,,,,,,,,,,,,,,,,,,,,,,,,,,,,,,,,,,,,,,,,,,,,,,,,,,,,,,,,,,,,,,,,,,,,,,,,,,,,,,,,,,,,,,,,,,,,,,,,,,,,,,,,,,,,,,,,,,,,,,,,,,,,,,,,,,,,,,,,,,,,,,,,,,,,,,,,,,,,,,,,
2018-12-30,android,,,,,,,,,,,,,,,,,,,,,,,,,,,,,,,,,,,,,,,,,,,,,,,,,,,,,,,,,,,,,,,,,,,,,,,,,,,,,,,,,,,,,,,,,,,,,,,,,,,,,,,,,,,,,,,,,,,,,,,,,,,,,,,,,,,,,,,,,,,,,,,,,,,,,,,,,,,,,,,,,,,,,,,,,,,,,,,,,,,,,,,,,,,,,,,,,,,,,,,,,,,,,,,,,,,,,,,,,,,,,,,,,,,,,,,,,,,,,,,,,,,,,,,,,,,,,,,,,,,,,,,,,,,,,,,,,,,,,,,,,,,,,,,,,,,,,,,,,,,,,,,,,,,,,,,,,,,,,,,,,,,,,,,,,,,,,,,,,,,,,,,,,,,,,,,,,,,,,,,,,,,,,,,,,,,,,,,,,,,,,,,,,,,,,,,,,,,,,,,,,,,,,,,,,,,,,,,,,,,,,,,,,,,,,,,,,,,,,,,,,,,,,,,,,,,,,,,,,,,,,,,,,,,,,,,,,,,,,,,,,,,,,,,,,,,,,,,,,,,0.0,0.0,0.0,0.0,0.0,,,,,,,,,,,,,,,,,,,,,,25.0,,,,,,,,,,,,,,,,,,,,,,,,,,,,,,,,,,,,,,,,,,,,,,,,,,,,,,,,,,,,,,,,,,,,,,,,,,,,,,,,,,,,,,,,,,,,,,,,349.0,,,,,,,,,,1363.0,,,,,,,,,,,,,,,,,,,,,,,,,,,,,,,,,,,,,,,,,,,,,,,,,,,,,,,,,,,,,,,,,,,,,,,,,,,,,,,,,,,,,,,,,,,,,,,,,,,,,,,,,,,,,,,,,,,,,,,,,,,,,,,,,,,,,,,,,,,,,,,,,,,,,,,,,,,,,,,,,,,,,,,,,,,,,,,,,,,,,,,,,,,,,,,,,,,,,,,,,,,,,,,,,,,,,,,,,,,,,,,,,,,,,,,,,,,,,,,,,,,,,,,,,,,,,,,,,,,,,,,,,,,,,,,,,,,,,,,,,,,,,,,,,,,,,,,,,,,,,,,,,,,,,,,,,,,,,,,,,,,,,,,,,,,,,,,,,,,,,,,,,,,,,,,,,,,,,,,,,,,,,,,,,,,,,,,,,,,,,,,,,,,,,,,,,,,,,,,,,,,,,,,,,,,,,,,,,,,,,,,,,,,,,,,,,,,,,,,,,,,,,,,,,,,,,,,,,,,,,,,,,,,,,,,,,,,,,,,,,,,,,,,,,,,,,,,,,,,,,,,,,,,,,,,,,,,,,,,,,,,,,,,,,,,,,,,,,,,,,,,,,,,,,,,,,,,,,,,,,,,,,,,,,,,,,,,,,,,,,,,,,,,,,,,,,,,,,,,,,,,,,,,,,,,,,,,,,,,,,,,,,,,,,,,,,,,,,,,,,,,,,,,,,,,,,,,,,,,,,,,,,,,,,,,,,,,,,,,,,,,,,,,,,,,,,,,,,,,,,,,,7419.0,,,,,,,,,,,,,,,,,,,,,,,,,,,,,,,,,,,,,,,,,,,,,,,,,,,,,,,,,,,,,,,,,,,,,,,,,,,,,,,,,,,,,,,,,,,,,,,,,,7972.0,,,,,,,
2018-12-31,android,,,,,,,,,,,,,,,,,,,,,,,,,,,,,,,,,,,,,,,,,,,,,,,,,,,,,,,,,,,,,,,,,,,,,,,,,,,,,,,,,,,,,,,,,,,,,,,,,,,,,,,,,,,,,,,,,,,,,,,,,,,,,,,,,,,,,,,,,,,,,,,,,,,,,,,,,,,,,,,,,,,,,,,,,,,,,,,,,,,,,,,,,,,,,,,,,,,,,,,,,,,,,,,,,,,,,,,,,,,,,,,,,,,,,,,,,,,,,,,,,,,,,,,,,,,,,,,,,,,,,,,,,,,,,,,,,,,,,,,,,,,,,,,,,,,,,,,,,,,,,,,,,,,,,,,,,,,,,,,,,,,,,,,,,,,,,,,,,,,,,,,,,,,,,,,,,,,,,,,,,,,,,,,,,,,,,,,,,,,,,,,,,,,,,,,,,,,,,,,,,,,,,,,,,,,,,,,,,,,,,,,,,,,,,,,,,,,,,,,,,,,,0.0,,,,,,,,,,,,,,,,,,,,,,,,,,,,,,,,,,,,,,,,,,,,,,,,,,,,,,,,,,,,,,,,,,,,,,,,,,,,,,,,,,,,,,,,,,,863.0,,,,,,,,,,,,,,,,,,,,,,,,,,,,,,,,,,,,,,,,,,,,,,,,,,,,,2043.0,,,,,,2578.0,,,,,,,,,,,,,,,,,,,,,,,,,,,,2776.0,2776.0,,,,,,,,,,,,,,,,,,,,,,,,,,,,,,,,,,,,,,,,,,,,,,,,,,,,,,,,,,,,,,,,,,,,,,3551.0,,,,,,,,,,,,,,,,,,,3860.0,,,,,,,,,,,,,,,,,,,,,,,,,,,,,,,,,,,,,,,,,,,,,,,,,,,,,,,,,,,,,,,,,,,,,,,,,,,,,,,,,,,,,,,,,,,,,,,,,,,,,,,,,,,,,,,,,,,,,,,,,,,,,,,,,,,4748.0,,,,,,,,,,,,,,,,,,,,,,,,,,,,,,,,,,,,,,,,,,,,,,,,,,,,,,,,,,,,,,,,,,,,,,,,,,,,,,,,,,,,,,,,,,,,,,,,,,,,,,,,,,,,,,,,,,,,,,,,,,,,,,,,,,,,,,,,,6655.0,,,,,,,,,,,,,,,,,,6787.0,,,,,,,,,,,,,,,,,,,,,,,,,,,,,,,,,,,,,,,,,,,,,,,,,,,,,,,,,,,,,,,,,,,,,,,,,,,,,,,,,,,,,,,,,,,,,,,,,,,,,,,,,,,,,,,,,,,,,,,,,,,,,,,,,,,,,,,,,,,,,,,,,,,,,,,,,,,,,,,,,,,,,,,,,,,,,,,,,,,,,,,,,,,,,,,,,,,,,,,,,,,,,,,,,,,,,,,,,,,,,,,,,,,,,,,,,,,,,,,,,,,,,,,,,,,,,,,,,,,,,,,,,,,,,,,,,,,,,,,,,,,,,,,,,,,,,,,,,,,,,,,,,,,,,,,,,,,,,,,,,,,,,,,,,,,,,,,,,,,,,,,,,,,,,,,,,,,,,,,,,,,,,,,,,,,,,,,,,,11856.0,,,,,,,,,,,,,,,,,,,,,,,,,,,,,,,,,,,,,,,,,,,,,,,,,,,,,,,,,,,,,,,,
